/*--------------------------------*- C++ -*----------------------------------*\
| =========                 |                                                 |
| \\      /  F ield         | OpenFOAM: The Open Source CFD Toolbox           |
|  \\    /   O peration     | Version:  5.x                                   |
|   \\  /    A nd           | Web:      www.OpenFOAM.org                      |
|    \\/     M anipulation  |                                                 |
\*---------------------------------------------------------------------------*/
FoamFile
{
    version     2.0;
    format      ascii;
    class       volScalarField;
    location    "0";
    object      thickness;
}
// * * * * * * * * * * * * * * * * * * * * * * * * * * * * * * * * * * * * * //

dimensions      [0 0 0 0 0 0 0];

internalField   uniform 0;

boundaryField
{
    allBoundary
    {
        type            fixedValue;
        value           nonuniform 0();
    }
    inlet
    {
        type            fixedValue;
        value           uniform 0;
    }
    outlet
    {
        type            fixedValue;
        value           nonuniform List<scalar> 
73
(
0
0
0
0
0
0
0
0
0
0
0
0
0
0
0
0
0
0
0
0
0
0
0
0
0
0
0
0
0
0
0
0
0
0
0
0
0
0
0
0
0
0
0
0
0
0
0
0
0
0
0
0
0
0
0
0
0
0
0.00421384
0.0100605
0.00421384
0.00483503
0.00428044
0.0111558
0.00658866
0.0153125
0.0153125
0.00181136
0.0111558
0.00428044
0.00181136
0.00658866
0.00483503
)
;
    }
    walls
    {
        type            fixedValue;
        value           nonuniform List<scalar> 
7348
(
0
0
0
0
0
0
0
0
0
0
0
0
0
0
0
0
0
0
0
0
0
0
0
0
0
0
0
0
0
0
0
0
0
0
0
0
0
0
0
0
0
0
0
0
0
0
0
0
0
0
0
0
0
0
0
0
0
0
0
0
0
0
0
0
0
0
0
0
0
0
0
0
0
0
0
0
0
0
0
0
0
0
0
0
0
0
0
0
0
0
0
0
0
0
0
0
0
0
0
0
0
0
0
0
0
0
0
0
0
0
0
0
0
0
0
0
0
0
0
0
0
0
0
0
0
0
0
0
0
0
0
0
0
0
0
0
0
0
0
0
0
0
0
0
0
0
0
0
0
0
0
0
0
0
0
0
0
0
0
0
0
0
0
0
0
0
0
0
0
0
0
0
0
0
0
0
0
0
0
0
0
0
0
0
0
0
0
0
0
0
0
0
0
0
0
0
0
0
0
0
0
0
0
0
0
0
0
0
0
0
0
0
0
0
0
0
0
0
0
0
0
0
0
0
0
0
0
0
0
0
0
0
0
0
0
0
0
0
0
0
0
0
0
0
0
0
0
0
0
0
0
0
0
0
0
0
0
0
0
0
0
0
0
0
0
0
0
0
0
0
0
0
0
0
0
0
0
0
0
0
0
0
0
0
0
0
0
0
0
0
0
0
0
0
0
0
0
0
0
0
0
0
0
0
0
0
0
0
0
0
0
0
0
0
0
0
0
0
0
0
0
0
0
0
0
0
0
0
0
0
0
0
0
0
0
0
0
0
0
0
0
0
0
0
0
0
0
0
0
0
0
0
0
0
0
0
0
0
0
0
0
0
0
0
0
0
0
0
0
0
0
0
0
0
0
0
0
0
0
0
0
0
0
0
0
0
0
0
0
0
0
0
0
0
0
0
0
0
0
0
0
0
0
0
0
0
0
0
0
0
0
0
0
0
0
0
0
0
0
0
0
0
0
0
0
0
0
0
0
0
0
0
0
0
0
0
0
0
0
0
0
0
0
0
0
0
0.00843619
0.0175444
0.0163953
0.0176834
0.0215565
0.0237478
0.0209906
0.0165335
0.0160372
0.0184855
0.025685
0.0232961
0.0195617
0.0185154
0.0161796
0.0158035
0.0158423
0.0163849
0.0159941
0.0157989
0.0157902
0.0158422
0.0163867
0.0160818
0.0173373
0.0196989
0.0270581
0.0306505
0.0306507
0.0270628
0.019719
0.0173412
0.00793761
0.00481072
0.012981
0.0152115
0.015302
0.0156428
0.0161558
0.0129507
0.00211149
0.0133828
0.0336033
0.0311412
0.0311261
0.0329787
0.035034
0.0347764
0.0309502
0.0309428
0.0348046
0.043071
0.036567
0.0379218
0.0376388
0.0312649
0.0308304
0.0308682
0.032101
0.0310091
0.0308164
0.0308024
0.0308676
0.0321069
0.0311369
0.0341426
0.0405938
0.0455463
0.047691
0.047692
0.0455771
0.0408113
0.0343003
0.0202443
0.00764811
0.0184807
0.0177238
0.0172871
0.0169945
0.0170824
0.0174612
0.0186374
0.0143026
0.00427535
0.00173143
0.0115333
0.0414817
0.0464627
0.0467337
0.0471258
0.0476465
0.0475392
0.0465778
0.0465714
0.0476512
0.0490866
0.048289
0.0483315
0.0481796
0.0468587
0.0464641
0.0465097
0.0468391
0.0466462
0.0464519
0.0464361
0.0465092
0.0468438
0.0467737
0.047535
0.0488787
0.0496489
0.0499052
0.049905
0.049628
0.0481739
0.04004
0.0225594
0.0171871
0.0206574
0.00720661
0.0192518
0.00590842
0.00545271
0.00189852
0.0160161
0.0249978
0.0201814
0.00742576
0.00545986
0.00181308
0.0222021
0.0362298
0.0295116
0.0148087
0.0061725
0.00562261
0.0228357
0.0374621
0.0301852
0.0164844
0.00822064
0.00728213
0.0289712
0.0417745
0.0355107
0.0217705
0.0108493
0.00865688
0.0404009
0.0481025
0.0458783
0.0291622
0.0113469
0.00892725
0.042259
0.0492241
0.0472659
0.0304079
0.00996679
0.00809293
0.0387387
0.0475328
0.0425031
0.0262342
0.00730373
0.00667012
0.0312481
0.04407
0.0314274
0.0182251
0.00717376
0.00639698
0.0311475
0.0443975
0.0340227
0.017635
0.00831471
0.006188
0.0341584
0.0448146
0.0389445
0.0197122
0.00531203
0.0019519
0.0219908
0.0291899
0.0263162
0.0138489
0.0123468
0.0433957
0.0494108
0.0497954
0.0498335
0.0498681
0.04986
0.0497875
0.0497871
0.0498675
0.0499605
0.0499118
0.0499235
0.049913
0.0498118
0.049779
0.0497839
0.0498155
0.0497978
0.0497784
0.0497772
0.0497839
0.0498157
0.0498075
0.0498634
0.0499549
0.0499905
0.0499989
0.0499986
0.0499632
0.0491216
0.0416189
0.0245653
0.0248928
0.0260913
0.00720196
0.0213111
0.00664239
0.00649929
0.00736034
0.0168361
0.0212239
0.0236669
0.0252766
0.0255516
0.0246793
0.0228219
0.0225111
0.0215947
0.0122683
0.00417615
0.0253517
0.0453419
0.0497117
0.0499908
0.0499969
0.0499976
0.0499975
0.0499958
0.0499958
0.0499976
0.0499995
0.0499981
0.0499987
0.0499985
0.049996
0.0499954
0.0499955
0.0499964
0.0499958
0.0499955
0.0499957
0.0499957
0.0499964
0.0499961
0.0499975
0.0499995
0.0499997
0.0499996
0.0499994
0.0499679
0.0490685
0.0410254
0.0230328
0.0267442
0.0271354
0.00687359
0.0204673
0.00633173
0.00625171
0.0161391
0.0239581
0.0247777
0.024967
0.025
0.0250002
0.0249986
0.0249821
0.0253671
0.0229066
0.0125335
0.00177629
0.0182273
0.0443959
0.0496247
0.0499739
0.0499976
0.0499999
0.0499999
0.0499999
0.0499999
0.0499996
0.0499915
0.0499714
0.0499724
0.049968
0.0499652
0.0499722
0.049968
0.049964
0.0499653
0.0499805
0.0499971
0.0499902
0.0499711
0.0499789
0.0499955
0.0499974
0.0499805
0.0499656
0.0499698
0.0499555
0.0489805
0.0406043
0.0225307
0.0208675
0.0215698
0.0063581
0.0190761
0.00590385
0.00579538
0.0146463
0.0240976
0.0256014
0.0292081
0.0367477
0.0378989
0.0339112
0.0260485
0.0239833
0.0182774
0.00459469
0.011543
0.042146
0.0485947
0.049405
0.0498965
0.0499877
0.0499913
0.0499914
0.049991
0.049969
0.0497126
0.0491827
0.0491612
0.0490701
0.0490137
0.0491512
0.0490688
0.0489824
0.049024
0.049421
0.0498658
0.049651
0.0491736
0.0493472
0.0497938
0.0498761
0.0494131
0.0490334
0.049151
0.0496752
0.0489424
0.0405598
0.0224379
0.0160467
0.0177088
0.00641267
0.0189222
0.00580369
0.00568875
0.00222111
0.0126865
0.0162523
0.0213462
0.0281831
0.0293925
0.0253934
0.0177992
0.0131018
0.00460648
0.00957125
0.0351112
0.0405162
0.0438905
0.0485444
0.0494978
0.049553
0.0495539
0.0495455
0.0492783
0.0467907
0.0417716
0.0417047
0.0410344
0.0407566
0.0416459
0.0410259
0.0406144
0.0408527
0.0440454
0.0481614
0.04595
0.0416712
0.0430635
0.0470348
0.0481689
0.0438816
0.0409036
0.0416289
0.0467472
0.0482574
0.0402292
0.0220731
0.0144394
0.0201763
0.0089635
0.00904159
0.00901051
0.00836568
0.00735655
0.0125841
0.0193224
0.00535356
0.0052366
0.0048922
0.0187112
0.0224646
0.0289806
0.0404338
0.0427058
0.0428605
0.0428635
0.0428372
0.0421561
0.0363899
0.0239575
0.0246706
0.0230533
0.0227634
0.0245769
0.0231191
0.0232824
0.0248731
0.0311453
0.0395882
0.0326784
0.0229426
0.0255535
0.0337164
0.0388662
0.0289139
0.0229472
0.0237595
0.0363446
0.0412663
0.0350689
0.0186885
0.00734402
0.0190293
0.0230678
0.0243443
0.0243289
0.0229603
0.0205812
0.0200635
0.0143559
0.00183111
0.00172065
0.00417613
0.0017762
0.0017303
0.00753342
0.0108368
0.0122945
0.025349
0.0181803
0.0109911
0.00769695
0.00199501
0.00905216
0.0274722
0.0398922
0.0432698
0.045335
0.0442208
0.0399564
0.0277762
0.0147877
0.00185067
0.00173242
0.0156842
0.0308317
0.0461734
0.0493853
0.049702
0.0492938
0.044949
0.0308668
0.0215933
0.00571993
0.00564244
0.0217026
0.0359847
0.047849
0.0498686
0.0499723
0.0493595
0.043062
0.030249
0.028038
0.00819309
0.00814381
0.0285985
0.0454517
0.0494676
0.0499778
0.0499779
0.0493153
0.0428447
0.0333441
0.0379793
0.010857
0.0107431
0.0261006
0.042444
0.0488859
0.0499419
0.0499773
0.0493139
0.0428501
0.0339818
0.040176
0.0115427
0.0114235
0.0181213
0.0314555
0.0469795
0.0498169
0.0499746
0.0493139
0.0428505
0.0340209
0.0403293
0.0115947
0.0114753
0.0160949
0.0309595
0.0465914
0.0497884
0.049974
0.0493139
0.0428505
0.0340215
0.0403323
0.0115958
0.0114764
0.0174092
0.033966
0.0474661
0.0498595
0.0499757
0.0493139
0.0428505
0.0340149
0.0403061
0.0115865
0.0114672
0.0193195
0.0376119
0.0481232
0.0499083
0.0499769
0.049314
0.0428469
0.0338162
0.0396394
0.011369
0.0112506
0.0170355
0.0313177
0.046902
0.0498143
0.0499749
0.0493261
0.0428628
0.0320848
0.0342744
0.00979463
0.00970087
0.0159412
0.0308303
0.0464633
0.0497787
0.0499803
0.0495003
0.0442541
0.0311641
0.0239235
0.00709759
0.00708828
0.0157955
0.0307989
0.0464325
0.0497769
0.0499866
0.049674
0.0461806
0.0362
0.0243224
0.00675112
0.00673792
0.0157887
0.0307981
0.046432
0.0497768
0.0499814
0.0495301
0.044209
0.0292534
0.0230246
0.0063553
0.00634991
0.0157886
0.0307981
0.046432
0.0497769
0.0499849
0.0495908
0.0450322
0.0307007
0.0224516
0.00612796
0.00611754
0.0157886
0.0307981
0.046432
0.0497768
0.0499758
0.0493747
0.0430448
0.0286147
0.0239472
0.00665621
0.00663067
0.0157887
0.0307981
0.046432
0.0497768
0.0499795
0.049458
0.0436688
0.0288834
0.0230933
0.00642717
0.00642415
0.015796
0.0307981
0.046432
0.0497769
0.0499837
0.0495466
0.0445645
0.0291459
0.0232206
0.00667714
0.00677912
0.0159436
0.0307981
0.046432
0.0497768
0.049975
0.0493399
0.0427613
0.0280452
0.0258128
0.0081987
0.00846872
0.0168132
0.0307981
0.046432
0.0497768
0.0499738
0.0493096
0.0427202
0.0304492
0.0302565
0.0099427
0.00994378
0.018244
0.0307981
0.046432
0.0497768
0.0499738
0.0493123
0.0428003
0.0327109
0.0365206
0.0106834
0.0104979
0.0187929
0.0307981
0.046432
0.0497768
0.0499737
0.0493039
0.0426104
0.0299088
0.0278806
0.00834128
0.00815534
0.0171154
0.0307982
0.046432
0.0497768
0.0499737
0.0492999
0.0425301
0.0282318
0.0228652
0.00624778
0.00621844
0.0160077
0.0308039
0.0464371
0.049777
0.0499737
0.0493002
0.0425351
0.0282564
0.0228429
0.00646433
0.00621794
0.0164719
0.0309426
0.0465721
0.0497871
0.0499739
0.0493083
0.0427058
0.0303043
0.0279356
0.00836556
0.00812382
0.0199865
0.0344828
0.0475078
0.049859
0.0499757
0.0493117
0.0427879
0.0325113
0.0355703
0.0102127
0.0100069
0.0199874
0.0344828
0.0475078
0.049859
0.0499754
0.0492932
0.042482
0.0291943
0.0277279
0.00818045
0.00811225
0.0165069
0.0309427
0.0465721
0.049787
0.0499727
0.049258
0.0421247
0.0259611
0.0222205
0.00629849
0.00627394
0.0164382
0.0308098
0.0464412
0.0497747
0.0499705
0.0492749
0.0423384
0.0273327
0.0233921
0.00690637
0.00688185
0.0189925
0.0309517
0.0465119
0.049645
0.0498193
0.0491612
0.0426844
0.0319765
0.0340613
0.0097698
0.00966415
0.0242149
0.0355017
0.0462326
0.0472309
0.0471469
0.0466161
0.0416705
0.0345736
0.0388103
0.0111271
0.0109903
0.0247647
0.0372831
0.0376702
0.0328621
0.0326332
0.0324688
0.0304437
0.0299986
0.0322517
0.00955516
0.00937226
0.0144201
0.0219586
0.0224216
0.0220198
0.0220122
0.0219937
0.0215619
0.0214071
0.0197844
0.00489168
0.00516847
0.00174049
0.00430871
0.00530571
0.00614295
0.00579527
0.00644963
0.00581695
0.00645443
0.0058174
0.00628515
0.00581668
0.00593277
0.00579703
0.00550106
0.00565761
0.00181045
0.00424316
0.0021288
0.00514464
0.00618886
0.00621815
0.00607118
0.00620599
0.00673613
0.00764695
0.00848295
0.00899488
0.00932273
0.00906615
0.00798844
0.00683435
0.00619382
0.00595698
0.00595789
0.00620483
0.0069195
0.0082544
0.00952122
0.00977812
0.00892981
0.00779619
0.00709828
0.00676714
0.00653213
0.00621835
0.00595419
0.00585781
0.00583486
0.00583406
0.00584918
0.00589977
0.00599586
0.00599586
0.00589977
0.00584914
0.00583355
0.00583041
0.00583041
0.00583355
0.00584914
0.00589982
0.00599645
0.00600086
0.00593072
0.00598788
0.00627516
0.00669576
0.00723042
0.00843169
0.00996426
0.0109518
0.0113917
0.0115038
0.0113917
0.0109519
0.00996446
0.00842933
0.00721888
0.00666338
0.00600701
0.00462871
0.00184318
0.00183991
0.00441823
0.00539953
0.00569746
0.00576335
0.00578709
0.00583762
0.00595464
0.00612364
0.00618112
0.0058004
0.00457106
0.00184515
0.00194383
0.00415441
0.0151309
0.0141
0.0230857
0.017168
0.0265498
0.0248767
0.0165673
0.0228243
0.0228614
0.0198332
0.0234474
0.025907
0.0224456
0.0267943
0.0259508
0.0237615
0.0293269
0.0318751
0.0179728
0.0277802
0.0236385
0.0160342
0.0228398
0.0225773
0.0165856
0.0225794
0.0228809
0.0222582
0.0262549
0.0323379
0.0260687
0.0363628
0.0358716
0.0205194
0.0298935
0.0270457
0.0191503
0.029216
0.0297258
0.0172432
0.0286291
0.0252583
0.0158718
0.0227256
0.0225141
0.0158005
0.0224688
0.0224666
0.0159942
0.0224933
0.0225945
0.0163849
0.0236496
0.0236496
0.0158422
0.0225945
0.0224932
0.0157902
0.0224655
0.0224599
0.0157989
0.0224599
0.0224655
0.0159943
0.0224932
0.0225946
0.0163992
0.0236516
0.0236596
0.016255
0.0226512
0.0227672
0.0187656
0.0253516
0.0290052
0.0227029
0.0308465
0.0342323
0.0295757
0.0387593
0.0413298
0.0309189
0.0424045
0.0426678
0.0295771
0.0424053
0.0413353
0.0227039
0.0387843
0.0343104
0.0189331
0.0310989
0.0297941
0.0139246
0.0271181
0.022213
0.00211307
0.0154807
0.00765042
0.00187244
0.00208346
0.00773731
0.00876915
0.0132718
0.0165943
0.0147224
0.01871
0.0196495
0.0152801
0.0197836
0.0196909
0.0153984
0.0196476
0.0197044
0.0160084
0.0198972
0.0202117
0.0154058
0.020399
0.0199701
0.0077092
0.0183876
0.0145705
0.00802355
0.00207479
0.0017497
0.00221058
0.0274141
0.011312
0.0294381
0.0330027
0.0387346
0.0411987
0.0309938
0.0410334
0.040889
0.0328662
0.0411135
0.0418439
0.0316483
0.0420346
0.0419631
0.0380865
0.0433032
0.0443257
0.0313393
0.0430909
0.04145
0.0308609
0.0408246
0.0406735
0.0313346
0.0408124
0.0414444
0.0402156
0.0432909
0.0457605
0.0421151
0.0471448
0.0466771
0.0347863
0.0446917
0.0439191
0.038807
0.0448445
0.0452505
0.0340206
0.0445564
0.0428353
0.0309258
0.0413421
0.0407861
0.0308215
0.0406218
0.0406071
0.0310092
0.040691
0.0409284
0.032101
0.0414013
0.0414013
0.0308675
0.0409282
0.0406898
0.0308024
0.0405985
0.0405732
0.0308164
0.0405732
0.0405985
0.0310099
0.0406899
0.0409294
0.0321304
0.0414101
0.041451
0.0313407
0.0411484
0.0414751
0.0381521
0.0429343
0.0448733
0.0430588
0.0463146
0.0475389
0.0470574
0.048588
0.0492097
0.0478435
0.0494618
0.04952
0.047064
0.0494621
0.0492115
0.0431581
0.0485917
0.0475117
0.0384551
0.0460273
0.0434618
0.0276304
0.0382827
0.0299189
0.012671
0.0220379
0.0149198
0.00181142
0.00460439
0.0146159
0.0132051
0.0191832
0.018606
0.0198189
0.0131555
0.0175304
0.0075766
0.00720379
0.0170813
0.00701748
0.00690706
0.0169983
0.00686182
0.00685471
0.0172518
0.00687343
0.00692486
0.0177348
0.00703691
0.00737008
0.0183035
0.0123479
0.0182726
0.00741593
0.0177293
0.0122501
0.00538206
0.00425892
0.0306283
0.0117614
0.0313066
0.0455719
0.0426646
0.0473511
0.0465856
0.0486978
0.0489798
0.047018
0.0490735
0.049169
0.0471839
0.049206
0.04923
0.0479652
0.0493619
0.0494499
0.0469008
0.0493262
0.0491304
0.0464926
0.0490217
0.0489924
0.0468996
0.0490196
0.0491299
0.0485742
0.049362
0.0496334
0.0489159
0.049779
0.0497276
0.0480432
0.0495611
0.0495028
0.0484784
0.0495892
0.0496351
0.0474922
0.0495401
0.0493245
0.0465596
0.0491203
0.0490168
0.0464566
0.0489835
0.0489815
0.0466463
0.049002
0.0490537
0.0468391
0.0491194
0.0491194
0.0465092
0.0490537
0.0490018
0.0464361
0.0489801
0.0489745
0.0464519
0.0489745
0.0489801
0.0466468
0.0490018
0.0490538
0.0468675
0.0491207
0.0491285
0.046939
0.0490971
0.0491493
0.0482972
0.0493362
0.0495689
0.0493165
0.04974
0.0498548
0.0498347
0.0499331
0.0499737
0.0499204
0.0499877
0.0499904
0.0498324
0.0499874
0.0499703
0.0491757
0.0499043
0.0496747
0.045656
0.0488887
0.0465036
0.0306228
0.0408734
0.0310102
0.0159677
0.0230046
0.016804
0.00638982
0.00804867
0.0228269
0.021221
0.0271523
0.0086278
0.0233276
0.00934766
0.0172711
0.00705
0.0175055
0.0146401
0.020404
0.0160607
0.00629947
0.00611221
0.00182595
0.00469152
0.00440991
0.00863007
0.0129718
0.00644882
0.0152656
0.0169344
0.00808339
0.0186467
0.0202772
0.00892711
0.0214333
0.0219785
0.00865767
0.0219786
0.0214346
0.00731654
0.020288
0.0187141
0.00617655
0.0172474
0.0163745
0.00598819
0.0160681
0.0159423
0.00456652
0.0152648
0.0127705
0.00719081
0.00174995
0.0017763
0.00577402
0.0323093
0.0182368
0.0349558
0.0480044
0.0444185
0.0483966
0.0497288
0.0496292
0.0499115
0.0498246
0.0499618
0.049972
0.049838
0.0499738
0.0499741
0.0498887
0.0499795
0.0499834
0.0498135
0.0499782
0.0499698
0.0497807
0.0499653
0.0499642
0.0498132
0.0499653
0.0499697
0.049929
0.0499792
0.0499898
0.0499479
0.0499949
0.0499925
0.0499015
0.0499863
0.0499849
0.0499353
0.0499894
0.0499917
0.0498613
0.0499878
0.0499785
0.0497867
0.0499696
0.0499652
0.0497786
0.049964
0.049964
0.0497978
0.0499649
0.0499676
0.0498155
0.0499712
0.0499712
0.0497839
0.0499676
0.0499649
0.0497772
0.049964
0.0499638
0.0497784
0.0499638
0.049964
0.0497979
0.0499649
0.0499676
0.0498173
0.0499712
0.0499714
0.0498188
0.049969
0.0499707
0.0499177
0.0499788
0.0499883
0.0499769
0.0499943
0.0499973
0.0499969
0.049999
0.0499997
0.0499992
0.0499999
0.0499999
0.0499938
0.0499997
0.0499966
0.0498023
0.0499713
0.0498198
0.0469132
0.0491475
0.0469414
0.0324573
0.0416415
0.0324662
0.0177437
0.0245694
0.0177528
0.00952316
0.0103415
0.0312113
0.0269131
0.0333811
0.0102496
0.0275214
0.0107119
0.00187971
0.00472397
0.0180506
0.00716862
0.0180062
0.0169618
0.0213196
0.0170071
0.0066473
0.00652515
0.0130347
0.0131507
0.0187577
0.019578
0.0216329
0.0230935
0.0224582
0.0238584
0.0243639
0.0246689
0.0247692
0.0249721
0.0255515
0.025
0.0250002
0.0252771
0.0250002
0.0250001
0.0237222
0.0249757
0.0248054
0.0221763
0.0245677
0.0245873
0.0217036
0.0244954
0.024077
0.0181628
0.0231788
0.0204987
0.00426955
0.0145624
0.00531156
0.0132759
0.00417615
0.0132758
0.0376791
0.0253505
0.0376765
0.048669
0.0453392
0.0486674
0.0499504
0.0497112
0.0499508
0.0499964
0.0499921
0.0499984
0.0499969
0.0499995
0.0499997
0.0499982
0.0499998
0.0499999
0.0499964
0.0499998
0.0499997
0.0499957
0.0499996
0.0499996
0.0499964
0.0499996
0.0499997
0.0499989
0.0499998
0.0499997
0.049999
0.0499991
0.0499977
0.0499979
0.0499964
0.0499962
0.049999
0.0499968
0.0499968
0.0499972
0.0499961
0.0499956
0.0499955
0.0499955
0.0499958
0.0499954
0.0499965
0.0499965
0.0499958
0.0499958
0.0499955
0.0499964
0.0499954
0.0499954
0.0499955
0.0499955
0.049996
0.0499956
0.0499973
0.0499987
0.0499957
0.0499994
0.0499994
0.049996
0.0499986
0.0499973
0.0499964
0.0499962
0.0499962
0.0499964
0.0499972
0.0499986
0.0499988
0.0499994
0.0499998
0.0499997
0.0499998
0.0499991
0.0499997
0.0499977
0.0499964
0.0499996
0.0499958
0.0499958
0.049996
0.049996
0.0499935
0.0498007
0.0499641
0.0497844
0.0466955
0.0490061
0.0465239
0.0310693
0.0407181
0.0308846
0.0168644
0.0226909
0.0162438
0.0102997
0.00943047
0.0330323
0.0244544
0.0302034
0.0105477
0.0249155
0.00973601
0.00607892
0.00632932
0.0172814
0.00655653
0.0165171
0.0163112
0.0195819
0.0155828
0.00605305
0.00596139
0.0217967
0.0168562
0.0228419
0.0245775
0.0250871
0.0256283
0.0248914
0.0257985
0.026133
0.0249972
0.0271233
0.0282047
0.0250002
0.0282075
0.0271384
0.0250001
0.0261904
0.0259783
0.024981
0.0260986
0.0260752
0.0253606
0.0258473
0.0259457
0.0247196
0.025566
0.0247423
0.0211951
0.0238133
0.0211951
0.00564496
0.0152689
0.00564496
0.00577391
0.0349338
0.0122945
0.0321868
0.0483823
0.0432698
0.0479237
0.0499152
0.0493853
0.0497513
0.049991
0.0498688
0.0499418
0.0499996
0.0499816
0.0499956
0.05
0.0499988
0.0499992
0.0499999
0.0499993
0.0499993
0.0499999
0.0499993
0.0499993
0.0499999
0.0499992
0.0499988
0.0499976
0.0499956
0.0499816
0.0499807
0.0499427
0.0498783
0.0499696
0.0498246
0.0498116
0.0499722
0.049824
0.0498223
0.0499652
0.0498011
0.0497862
0.049968
0.0497862
0.0498011
0.0499722
0.0498221
0.0498221
0.049965
0.0498009
0.0497847
0.049964
0.0497788
0.0497791
0.0499702
0.0497878
0.0498172
0.0499916
0.0498778
0.049943
0.0499966
0.0499767
0.0499723
0.0499795
0.049932
0.0498697
0.049971
0.049823
0.0498219
0.0499889
0.0498651
0.0499225
0.0499983
0.0499645
0.0499841
0.0499915
0.0499789
0.0499421
0.0499702
0.0498767
0.0498171
0.0499655
0.0497896
0.0497896
0.0499761
0.0498167
0.0498724
0.0497762
0.0499063
0.0497588
0.0464547
0.0489701
0.0464348
0.03082
0.0405726
0.0308021
0.0159344
0.0224719
0.0158155
0.00805051
0.00681642
0.0258673
0.0177332
0.022207
0.00851954
0.018826
0.00753585
0.00521744
0.00212278
0.0160586
0.00629543
0.0159055
0.015171
0.0188932
0.0150107
0.00584367
0.0057276
0.0210706
0.00853396
0.0156369
0.0251666
0.0197507
0.0215735
0.0260767
0.0224912
0.0235326
0.0321757
0.0270289
0.0310818
0.0288
0.0310947
0.0270971
0.0259657
0.0238213
0.023348
0.0263304
0.0237456
0.0236718
0.0254568
0.0229199
0.0224667
0.0241213
0.0220861
0.0217278
0.0204987
0.0208895
0.0181628
0.00531156
0.0123295
0.00426955
0.0307987
0.0108368
0.0290389
0.0470195
0.0398922
0.0445825
0.0490798
0.0461734
0.0469071
0.0497107
0.0478513
0.0489027
0.049969
0.0495621
0.049833
0.049991
0.04991
0.0499253
0.0499914
0.0499274
0.0499275
0.0499913
0.0499275
0.0499274
0.0499877
0.0499253
0.04991
0.0498967
0.0498331
0.0495627
0.049421
0.0489075
0.0478824
0.0491188
0.0470669
0.0468495
0.0491526
0.0469782
0.0469511
0.0490137
0.0467005
0.0465468
0.04907
0.0465468
0.0466999
0.0491511
0.0469458
0.0469454
0.0490062
0.0466959
0.0465245
0.0489847
0.0464601
0.0464692
0.0491527
0.0465888
0.0469884
0.0497146
0.0478984
0.0489233
0.0498392
0.0494308
0.0493125
0.0493741
0.0486442
0.0476928
0.0491674
0.0470292
0.0470039
0.0495971
0.0475823
0.0484164
0.0498953
0.0491057
0.0494975
0.0497075
0.0494574
0.0488798
0.0491513
0.0478564
0.0469799
0.0490334
0.0466183
0.0466183
0.0494092
0.0469798
0.0478558
0.0496735
0.0488673
0.0493392
0.0464206
0.048807
0.0463463
0.030796
0.0405093
0.0307761
0.0157415
0.0223509
0.0155487
0.00611173
0.00573988
0.0204459
0.0152782
0.0199838
0.00719786
0.0180357
0.00759022
0.00177868
0.00447097
0.00578927
0.00624436
0.00596261
0.0047177
0.00190247
0.0160732
0.00694979
0.0168453
0.0149504
0.0191279
0.0148217
0.00569795
0.00558934
0.0070373
0.00435106
0.0124117
0.0154444
0.0181749
0.0210726
0.0158508
0.0220236
0.0215252
0.00775933
0.0192451
0.0144742
0.00778435
0.00740729
0.00175843
0.00171826
0.0152393
0.00629376
0.0166044
0.023465
0.0222417
0.0242946
0.0238466
0.0247631
0.0245727
0.0186324
0.0235324
0.0206447
0.0149478
0.00429047
0.00421907
0.0146409
0.00541275
0.00535543
0.017276
0.00694075
0.0179328
0.024554
0.0232202
0.0246939
0.0247802
0.0249478
0.024883
0.0216595
0.02441
0.0225475
0.0178737
0.00604222
0.00595605
0.0170517
0.00678506
0.00651314
0.0190392
0.00814635
0.0203938
0.0248737
0.0247347
0.0249868
0.0249628
0.024999
0.0249964
0.0235209
0.0249574
0.0241995
0.0235133
0.00791622
0.0071556
0.0193786
0.00890272
0.00763959
0.0214608
0.00893032
0.0219837
0.0250002
0.0255535
0.0249999
0.0249973
0.0249966
0.0249727
0.0242163
0.0247968
0.0236224
0.0209252
0.0089167
0.00765418
0.018529
0.00798984
0.00722749
0.0219793
0.00865695
0.0214334
0.0249992
0.0252766
0.0249989
0.0249269
0.0249879
0.0249089
0.0228978
0.024456
0.0225499
0.0175314
0.00703176
0.00673504
0.0170044
0.00667095
0.0064907
0.0202777
0.00728302
0.0186521
0.024974
0.0236831
0.0247934
0.024924
0.0249716
0.0249262
0.0225309
0.0244582
0.0224413
0.0175427
0.00670132
0.00645032
0.0167988
0.00662619
0.0063817
0.0169607
0.00563497
0.0153314
0.024492
0.0214211
0.0242287
0.0249458
0.0251463
0.025201
0.0221806
0.0244827
0.0219958
0.016305
0.00633736
0.00620954
0.0161263
0.00610115
0.00605443
0.0130277
0.00181562
0.00861069
0.0234408
0.0167725
0.0215362
0.0251542
0.0237182
0.024405
0.021889
0.0239736
0.0216747
0.0159415
0.00601478
0.00600326
0.0159297
0.00598474
0.00598294
0.00460537
0.00177063
0.0182532
0.00704181
0.0126966
0.0228245
0.0166113
0.0191888
0.0208081
0.0198094
0.0179775
0.0127704
0.00569524
0.00569343
0.0127328
0.00456646
0.00456183
0.0045945
0.012516
0.00176991
0.00418621
0.0120705
0.00482676
0.00413544
0.00174995
0.00185222
0.001849
0.00172498
0.0256246
0.00753342
0.0201247
0.0391116
0.0274722
0.0301973
0.0415649
0.0308317
0.0314291
0.0467827
0.036002
0.0425609
0.0492781
0.0459991
0.0473991
0.0495455
0.047829
0.0479276
0.0495539
0.0479443
0.0479464
0.049553
0.0479464
0.0479443
0.0494978
0.0479276
0.047829
0.0485455
0.0473993
0.0460002
0.0439359
0.0425675
0.0360283
0.0413041
0.0315375
0.0312349
0.0416562
0.0325062
0.0324777
0.0407567
0.0310745
0.0309066
0.0410331
0.0309065
0.0310737
0.0416449
0.0324687
0.0324681
0.0407194
0.0310695
0.0308855
0.0406337
0.030826
0.0308382
0.0416581
0.0309694
0.0314788
0.0468887
0.0364119
0.0429902
0.0477631
0.0452625
0.0442511
0.0433781
0.0405519
0.0348942
0.0416091
0.0314672
0.031425
0.0452259
0.0343368
0.0388214
0.0481744
0.0422875
0.0447964
0.0466883
0.0450621
0.0423056
0.0416276
0.0359596
0.0314556
0.0409036
0.0309985
0.0309986
0.0438942
0.0314568
0.0360017
0.0483222
0.0425258
0.0457815
0.0459616
0.0464074
0.0444212
0.0306655
0.0390316
0.0301578
0.0149266
0.0213187
0.0132151
0.00528713
0.00420614
0.0198901
0.0122662
0.0185204
0.0139572
0.0216328
0.0217155
0.00894921
0.0212924
0.0217234
0.00907015
0.0220406
0.022127
0.0088008
0.021994
0.0215105
0.00777947
0.0204957
0.0191119
0.0074941
0.0180551
0.0180103
0.0190334
0.0195781
0.0206567
0.0142351
0.0182521
0.0122273
0.00437688
0.00420192
0.0131967
0.0017303
0.00475775
0.0214199
0.00905216
0.0134171
0.0236333
0.0156844
0.0178846
0.0363741
0.0217259
0.026228
0.0421559
0.0291867
0.0305432
0.0428372
0.0309962
0.0311081
0.0428635
0.0311285
0.0311312
0.0428605
0.0311312
0.0311285
0.0427058
0.0311081
0.0309963
0.0404359
0.030544
0.0291922
0.0290627
0.0262625
0.0219018
0.0234164
0.018555
0.0176103
0.0245965
0.0179546
0.0178049
0.0227637
0.0169084
0.016392
0.0230504
0.0163912
0.0169019
0.0245904
0.0177687
0.0177977
0.0229818
0.0170461
0.0168425
0.0239748
0.0174594
0.0188334
0.0259518
0.0205717
0.0224865
0.0376903
0.025349
0.0280876
0.0377193
0.0286261
0.0266388
0.0262981
0.0224838
0.018515
0.0228641
0.0166903
0.0164924
0.0295119
0.0176255
0.0193007
0.0379171
0.0225488
0.0264382
0.0359287
0.0276231
0.0257726
0.0237505
0.0216789
0.018149
0.0229481
0.0167455
0.0167473
0.0290019
0.0181658
0.0217807
0.0402356
0.0262117
0.0290405
0.039693
0.0298961
0.0288367
0.0274597
0.0255888
0.0201191
0.00901269
0.0131931
0.00475498
0.00171407
0.0142796
0.00201499
0.00740778
0.0216181
0.0126188
0.0154227
0.0239528
0.0168818
0.0175574
0.0244392
0.0177949
0.0178455
0.0238998
0.0177998
0.0175985
0.0216415
0.0171155
0.0164016
0.0201933
0.0158154
0.0154992
0.0186464
0.0148849
0.0127318
0.00741126
0.00759975
0.00206143
0.00177629
0.00577389
0.00417604
0.0132755
0.0132746
0.00577292
0.0048922
0.00475775
0.0131967
0.00957125
0.0201247
0.0256246
0.011543
0.0290389
0.0307987
0.0182272
0.0321868
0.0349335
0.0253408
0.0376733
0.0376539
0.0121088
0.0348103
0.031683
0.00964183
0.0292908
0.0257734
0.0052824
0.0206125
0.0147832
0.00803279
0.0020809
0.00185067
0.00447994
0.0187112
0.0134171
0.0214199
0.0351112
0.0301973
0.0391116
0.042146
0.0445825
0.0470195
0.0443955
0.0479237
0.0483818
0.045308
0.0486619
0.0486263
0.0425452
0.0481548
0.0469977
0.035113
0.0442598
0.0386258
0.0208551
0.0299656
0.0232911
0.00745907
0.018977
0.0124864
0.00447995
0.00430036
0.00571982
0.00675018
0.0224645
0.0178817
0.0236317
0.0405161
0.0314285
0.0415642
0.0485947
0.0469069
0.0490797
0.0496238
0.0497511
0.0499134
0.0496473
0.0499352
0.0498497
0.0481085
0.0494189
0.0478949
0.0386993
0.043766
0.0351545
0.0254068
0.0293313
0.0270395
0.0153411
0.0235124
0.017779
0.00675138
0.00672458
0.00818375
0.00972086
0.0289556
0.0260927
0.0362162
0.0438823
0.0424435
0.0467265
0.0494046
0.0488851
0.049707
0.0499716
0.0499412
0.0499885
0.0498649
0.0499771
0.0498606
0.047611
0.0493238
0.047492
0.0342113
0.0428366
0.0340746
0.0306939
0.031959
0.0359036
0.0214505
0.0342248
0.0256728
0.00977398
0.0096791
0.0106297
0.0106302
0.0397259
0.0285993
0.0397261
0.0482686
0.0454518
0.0482687
0.0498741
0.0494676
0.0498742
0.0499947
0.0499778
0.0499948
0.0498591
0.0499779
0.0498588
0.0474708
0.049314
0.0474678
0.0343632
0.0428464
0.0343667
0.0389831
0.0338109
0.040281
0.0285308
0.0396367
0.0298639
0.0113684
0.0112499
0.00972572
0.00821254
0.0362194
0.0217532
0.0289776
0.0467273
0.0359883
0.0438902
0.0497078
0.0478578
0.0494132
0.049989
0.0498765
0.049978
0.0498588
0.0499759
0.0498586
0.0474678
0.0493139
0.0474679
0.0343942
0.0428505
0.0343946
0.0406918
0.0340149
0.0407871
0.0303131
0.0403061
0.0304245
0.0115865
0.0114672
0.00688242
0.00620327
0.0237391
0.0165629
0.0228598
0.0416273
0.0309921
0.0408936
0.0491512
0.0466139
0.0490324
0.0499677
0.0497893
0.0499631
0.0498585
0.049974
0.0498585
0.0474679
0.0493139
0.0474679
0.0343952
0.0428505
0.0343952
0.0408035
0.0340215
0.0408056
0.0304449
0.0403323
0.0304477
0.0115958
0.0114764
0.00597472
0.00602257
0.0226203
0.0162921
0.0227697
0.0408434
0.0312652
0.0413429
0.0490267
0.0468594
0.0491204
0.049963
0.0498116
0.0499671
0.0498585
0.0499745
0.0498585
0.0474679
0.0493139
0.0474679
0.0343952
0.0428505
0.0343952
0.0408056
0.0340209
0.0408035
0.0304477
0.0403293
0.0304449
0.0115947
0.0114753
0.00633192
0.00672802
0.0252897
0.0187805
0.0285456
0.0427824
0.0373292
0.0443146
0.0493164
0.0480648
0.0495033
0.0499758
0.0499046
0.0499841
0.0498586
0.0499768
0.0498588
0.0474679
0.0493139
0.0474678
0.0343946
0.0428501
0.0343943
0.0407872
0.0339825
0.0406927
0.0304245
0.0401764
0.0303132
0.0115428
0.0114236
0.00696717
0.0068122
0.0290251
0.0184482
0.0260281
0.0444622
0.0342926
0.0430001
0.0495203
0.0475598
0.0493444
0.0499847
0.0498654
0.0499767
0.0498588
0.0499758
0.0498589
0.0474679
0.0493155
0.0474721
0.0343677
0.0428485
0.0343665
0.0402877
0.0333691
0.0390173
0.0298652
0.037993
0.0285388
0.0108608
0.0107472
0.00638335
0.00606479
0.0231522
0.0162792
0.0227145
0.0414272
0.0309415
0.040812
0.0491336
0.0465732
0.0490208
0.0499675
0.0497872
0.049963
0.049861
0.0499758
0.0498714
0.0475015
0.0493751
0.0476593
0.0341142
0.0431807
0.0343142
0.036038
0.0306359
0.0310814
0.0257148
0.0281507
0.0216405
0.00828842
0.0082426
0.00590641
0.00584921
0.0225349
0.0158255
0.0224764
0.0406212
0.0308038
0.0405755
0.0489832
0.0464371
0.0489747
0.0499622
0.0497771
0.0499628
0.049899
0.0499863
0.049934
0.0480857
0.0496598
0.0486714
0.0361244
0.046061
0.0411831
0.0282954
0.0358508
0.0292744
0.0185117
0.0234014
0.0175912
0.00669404
0.00668995
0.00583368
0.00583046
0.0224619
0.0157896
0.0224592
0.0405671
0.0307982
0.040566
0.0489734
0.046432
0.0489733
0.0499628
0.0497768
0.0499622
0.0499367
0.049982
0.0499113
0.0487216
0.0495588
0.0482742
0.0413809
0.0446399
0.0364861
0.0301951
0.031182
0.0288848
0.017872
0.0242475
0.0177213
0.0066755
0.00666206
0.00582996
0.0058299
0.0224589
0.0157886
0.0224588
0.0405659
0.0307981
0.0405659
0.0489733
0.046432
0.0489733
0.0499621
0.0497769
0.0499627
0.0499066
0.0499851
0.0499248
0.0481458
0.0496034
0.0484075
0.035408
0.04512
0.0386499
0.0270107
0.0307682
0.0257507
0.016883
0.0224588
0.0163262
0.00612845
0.00611845
0.0058299
0.0058299
0.0224588
0.0157886
0.0224588
0.0405659
0.0307981
0.0405659
0.0489733
0.046432
0.0489733
0.0499627
0.0497768
0.049962
0.0499224
0.0499796
0.0498934
0.0483644
0.0494657
0.0479295
0.0385767
0.0437538
0.0350981
0.0256957
0.0289649
0.0267346
0.0163236
0.0230056
0.0168627
0.00635159
0.00634312
0.0058299
0.0058299
0.0224588
0.0157886
0.0224588
0.0405659
0.0307981
0.0405659
0.0489733
0.046432
0.0489733
0.0499615
0.0497768
0.0499615
0.049872
0.0499758
0.0498718
0.047637
0.0493734
0.0476312
0.0339149
0.0430302
0.0339049
0.0275574
0.0286117
0.0275544
0.0176127
0.0239615
0.0176432
0.00667172
0.00664678
0.00582996
0.00583052
0.0224589
0.0157896
0.0224593
0.0405659
0.0307981
0.0405659
0.0489733
0.046432
0.0489733
0.0499619
0.0497769
0.0499626
0.0498922
0.0499843
0.0499179
0.0478976
0.0495656
0.0482658
0.0349751
0.0447712
0.0381466
0.0267269
0.0304391
0.0257377
0.017021
0.0227814
0.01686
0.00636081
0.00638137
0.0058341
0.00585135
0.022462
0.0158278
0.0224766
0.0405659
0.0307981
0.0405659
0.0489733
0.046432
0.0489733
0.0499626
0.0497768
0.0499618
0.0499141
0.0499785
0.0498854
0.0481947
0.0494239
0.0477734
0.0376368
0.0433466
0.0343904
0.0248066
0.0273886
0.0260328
0.0176932
0.0248887
0.0195588
0.00735879
0.00760868
0.00591293
0.00607341
0.0225307
0.0162482
0.0226749
0.0405659
0.0307981
0.0405659
0.0489733
0.046432
0.0489733
0.0499614
0.0497768
0.0499613
0.0498655
0.0499739
0.0498587
0.0475122
0.0493112
0.0474298
0.0336016
0.0426191
0.0335188
0.027087
0.0285942
0.0271975
0.021343
0.0261364
0.0228073
0.00903478
0.00917112
0.00637042
0.00675478
0.0229429
0.017544
0.0232893
0.0405659
0.0307981
0.0405659
0.0489733
0.046432
0.0489733
0.0499613
0.0497768
0.0499613
0.049858
0.0499738
0.0498582
0.0474393
0.0493112
0.047449
0.0340204
0.0427565
0.0340484
0.0311521
0.0320213
0.0361761
0.0251897
0.0353798
0.027469
0.0106582
0.0105517
0.00711936
0.00737911
0.0236247
0.0187632
0.0238842
0.0405659
0.0307981
0.0405659
0.0489733
0.046432
0.0489733
0.0499613
0.0497768
0.0499613
0.0498583
0.0499738
0.049858
0.0474572
0.0493103
0.0474474
0.0342343
0.0427711
0.0342131
0.0375854
0.0320316
0.0355612
0.027687
0.0338104
0.0254393
0.00985627
0.00961556
0.00738057
0.00702465
0.0239124
0.0181143
0.0235898
0.0405659
0.0307981
0.0405659
0.0489733
0.046432
0.0489733
0.0499613
0.0497768
0.0499613
0.0498572
0.0499737
0.0498568
0.0474114
0.0493011
0.0473972
0.0336086
0.0425652
0.0335752
0.0305331
0.0287039
0.0272211
0.0214288
0.0236988
0.0180725
0.00693982
0.00687387
0.00651241
0.00612337
0.0231032
0.0163538
0.0227306
0.040566
0.0307989
0.0405671
0.0489733
0.0464325
0.0489734
0.0499613
0.0497768
0.0499613
0.0498567
0.0499737
0.0498567
0.0473895
0.0492997
0.0473881
0.0334484
0.0425251
0.0334445
0.0268474
0.0281564
0.0267497
0.0165835
0.0226337
0.0161929
0.00612843
0.00603689
0.00594582
0.00595053
0.022562
0.0160225
0.0225721
0.0405755
0.0308305
0.0406213
0.0489747
0.0464632
0.0489831
0.0499613
0.0497787
0.0499615
0.0498567
0.0499737
0.049857
0.0473909
0.0493025
0.0474023
0.0334715
0.04257
0.0334969
0.0268304
0.0286318
0.0272281
0.0165831
0.0236982
0.0180674
0.00713615
0.00686936
0.00616217
0.00669137
0.0228099
0.0176783
0.0234871
0.0408125
0.0313223
0.0414268
0.0490202
0.0468935
0.0491291
0.0499628
0.0498132
0.0499673
0.0498578
0.0499745
0.0498582
0.0474338
0.0493109
0.0474471
0.0339865
0.0427479
0.0340176
0.0306981
0.0317979
0.0354111
0.0213816
0.033537
0.0250973
0.00973088
0.00945751
0.00752219
0.00799187
0.027039
0.0214479
0.0301053
0.0429744
0.0373534
0.0440603
0.0493202
0.0478874
0.0494324
0.0499757
0.0498857
0.0499806
0.0498584
0.0499763
0.0498578
0.0474536
0.0493072
0.0474335
0.0342054
0.042733
0.0341667
0.0370555
0.0317536
0.0351061
0.0265956
0.0333902
0.0250479
0.00958323
0.00944776
0.00752275
0.0066951
0.0270394
0.017685
0.02349
0.0429744
0.0313223
0.0414268
0.0493202
0.0468935
0.0491291
0.0499756
0.0498132
0.0499673
0.0498556
0.0499739
0.0498526
0.0473663
0.0492774
0.047307
0.0333654
0.042339
0.0332685
0.0298901
0.0273276
0.0257378
0.0213123
0.0233803
0.0180111
0.00689863
0.00687317
0.00618093
0.00602333
0.0228261
0.0161628
0.0226396
0.0408126
0.0308313
0.0406226
0.0490202
0.0464637
0.0489831
0.0499627
0.0497785
0.0499612
0.0498486
0.0499724
0.0498484
0.047234
0.0492578
0.0472338
0.0327402
0.0421247
0.0327402
0.0244127
0.0259611
0.0244127
0.0165819
0.0222217
0.016584
0.00629936
0.00627489
0.00616377
0.00662429
0.0227745
0.0173649
0.0232408
0.0405851
0.0308327
0.0406219
0.0489742
0.0464551
0.0489662
0.0499586
0.0497569
0.0499382
0.0498499
0.04995
0.049832
0.047305
0.0492709
0.0473488
0.0332692
0.0424753
0.0333662
0.0257426
0.0292351
0.0299926
0.0180315
0.027868
0.0214414
0.00822489
0.0081635
0.00741346
0.00841366
0.0240791
0.0212155
0.025302
0.0408059
0.0313704
0.0413861
0.048908
0.0465777
0.0485678
0.0498104
0.0491138
0.0492183
0.0497039
0.0492143
0.0491026
0.0473174
0.0485923
0.0468698
0.0341925
0.0425125
0.0342008
0.035631
0.0332116
0.0388259
0.0256064
0.0377576
0.0283594
0.0108022
0.0106807
0.00944852
0.00995164
0.0301303
0.026188
0.0350081
0.042815
0.0397034
0.0428899
0.0471635
0.0438257
0.0430033
0.0471846
0.0422965
0.0420497
0.0470448
0.041971
0.0418903
0.0452022
0.0416029
0.0407172
0.0348972
0.0386707
0.0363404
0.0399286
0.0364345
0.0385544
0.029173
0.0371402
0.0279999
0.0107443
0.010572
0.00931615
0.00760126
0.0335411
0.0202978
0.0273813
0.0384955
0.0297351
0.0300112
0.0342954
0.0292765
0.026547
0.0326901
0.0255912
0.0255856
0.0325988
0.0255758
0.0255744
0.0321447
0.0255401
0.0254777
0.029864
0.0242703
0.0242118
0.0321101
0.0242459
0.0257909
0.0246926
0.0260083
0.0198752
0.0075312
0.00751515
0.00520695
0.00194728
0.0200506
0.00742721
0.0125757
0.0223254
0.0147642
0.0155099
0.0221261
0.0157167
0.0157089
0.0220137
0.0157027
0.0157025
0.0220104
0.0157024
0.015702
0.0219106
0.0156976
0.0156727
0.0214623
0.0155888
0.0155179
0.0213588
0.0153189
0.0146554
0.0142831
0.0125333
0.00739887
0.00173001
0.00193944
0.00173456
0.00424884
0.00555665
0.00568464
0.00637877
0.00581402
0.00646312
0.00581737
0.00640842
0.00581735
0.00609264
0.00581242
0.00582197
0.00576732
0.00442902
0.00529056
0.00173779
0.0043115
0.00185069
0.00194869
0.00767316
0.0108432
0.0122995
0.0255472
0.0182451
0.010523
0.00846141
0.0119951
0.00197627
0.0125796
0.0277672
0.0398994
0.0432716
0.0453534
0.0440687
0.0388488
0.0294365
0.0219837
0.00572862
0.0155182
0.0306725
0.0460247
0.0493748
0.0497028
0.049319
0.045609
0.0351923
0.0225973
0.00597241
0.0159493
0.0309277
0.0465546
0.0497787
0.0499705
0.0493605
0.0430061
0.0286231
0.023407
0.00672187
0.0178741
0.0341946
0.0475203
0.0498623
0.0499756
0.0493035
0.0425795
0.0288206
0.0260227
0.00844165
0.0194859
0.0377948
0.0481465
0.0499089
0.0499768
0.0493077
0.0426877
0.0298924
0.0284526
0.00927635
0.0165204
0.0314138
0.0470008
0.049822
0.0499745
0.0493033
0.0425927
0.0294437
0.0267994
0.00793735
0.0172678
0.0341001
0.0475342
0.0498633
0.0499756
0.0492999
0.0425294
0.0282109
0.0228344
0.00619204
0.0190002
0.0396571
0.0487096
0.0499484
0.0499775
0.0492996
0.0425233
0.0281327
0.0225464
0.00595727
0.019102
0.0405096
0.0489596
0.0499631
0.0499777
0.0493012
0.0425652
0.0287024
0.0236879
0.00686279
0.0191021
0.0405549
0.0489712
0.0499635
0.0499778
0.0493103
0.0427705
0.0319915
0.0335054
0.00945281
0.0191007
0.040313
0.0489028
0.0499604
0.0499778
0.049311
0.0427496
0.0318183
0.0335526
0.00945813
0.018468
0.0378821
0.0482448
0.0499157
0.0499768
0.0493027
0.042572
0.0286286
0.0236948
0.00686493
0.0161759
0.0312683
0.0468604
0.0498116
0.0499747
0.0493129
0.0426062
0.0280827
0.0225285
0.00593334
0.015802
0.0308268
0.0464604
0.0497786
0.0499798
0.0494705
0.0437777
0.0288107
0.0223352
0.0058315
0.0157887
0.0307988
0.0464325
0.0497769
0.0499896
0.0497142
0.0459273
0.0304356
0.0215751
0.0058031
0.0157886
0.0307982
0.046432
0.0497769
0.0499851
0.0495903
0.0448857
0.0293631
0.0215526
0.00580298
0.0157902
0.0308031
0.0464365
0.049777
0.049975
0.0493398
0.0427368
0.0274133
0.0221814
0.00582588
0.0158669
0.030911
0.0465487
0.049786
0.0499737
0.0492949
0.042464
0.0277277
0.0223543
0.00582947
0.0169916
0.0333419
0.0472772
0.0498482
0.0499743
0.0492596
0.0421366
0.0262518
0.0218175
0.0058151
0.0173627
0.0337882
0.0476654
0.0498808
0.0499755
0.0492759
0.0422966
0.0268486
0.0219299
0.00581626
0.0183349
0.0371189
0.0480981
0.0499098
0.0499767
0.0492965
0.042484
0.0278877
0.0223742
0.00582954
0.0171822
0.0338549
0.0474408
0.0498585
0.0499755
0.0492995
0.0425195
0.0280794
0.0224216
0.00582996
0.0158884
0.0309514
0.0465861
0.0497882
0.0499738
0.0492996
0.0425212
0.0280964
0.0224266
0.00583434
0.0162492
0.0312644
0.0468589
0.0498116
0.0499744
0.0492996
0.0425231
0.028128
0.0225239
0.00593342
0.0187795
0.0373291
0.0480648
0.0499046
0.0499767
0.0493012
0.0425653
0.0287074
0.0236993
0.00687096
0.0184483
0.0342933
0.0475604
0.0498654
0.0499758
0.0493104
0.0427767
0.0321984
0.0341971
0.00967901
0.0162926
0.0309701
0.0466016
0.049789
0.049974
0.049314
0.0428482
0.0338294
0.0396089
0.0112403
0.0162119
0.0312696
0.0468627
0.0498114
0.0499745
0.049328
0.0429541
0.0338948
0.0396559
0.0112422
0.0184264
0.0375729
0.0481092
0.0498736
0.0499443
0.0494439
0.0444678
0.0347752
0.0346806
0.00969526
0.018122
0.0368204
0.0468289
0.0488326
0.0488975
0.0481396
0.0453546
0.0381675
0.023609
0.00674471
0.0128004
0.0258992
0.0371537
0.0402489
0.0403024
0.0379484
0.0310395
0.0292597
0.0206643
0.00445952
0.0020333
0.0133903
0.021016
0.0223498
0.0224705
0.0226289
0.0224551
0.0213372
0.0129372
0.00436743
0.00569764
0.00584272
0.00601426
0.00632636
0.00564276
0.00173022
0.00736934
0.0144724
0.0156285
0.0157854
0.0157741
0.0155945
0.0153211
0.0121543
0.00178097
0.00187096
0.0124055
0.0155133
0.0159243
0.0168178
0.0175394
0.016236
0.0158248
0.0157896
0.0157886
0.0157886
0.0157886
0.0157886
0.0157886
0.0157886
0.0157886
0.0157886
0.0157886
0.0157886
0.0157886
0.0157886
0.0157886
0.0157887
0.0157954
0.0159347
0.0168179
0.0175394
0.016236
0.0158247
0.0157792
0.0155107
0.0125462
0.00210926
0.00471644
0.0191685
0.0238882
0.0264631
0.0301837
0.0293069
0.0242797
0.024006
0.0209416
0.00587947
0.00656038
0.0237995
0.0265732
0.0266972
0.0268933
0.027512
0.0267694
0.0266862
0.0266812
0.0266811
0.0266811
0.0266811
0.0266811
0.0266811
0.0266811
0.0266811
0.0266811
0.0266811
0.0266811
0.0266811
0.0266811
0.0266811
0.0266811
0.0266817
0.026699
0.0268933
0.027512
0.0267694
0.0266873
0.0267178
0.0271939
0.0252373
0.015185
0.0018133
0.0128611
0.0235943
0.0350179
0.0422284
0.0456075
0.0445243
0.0389553
0.0285474
0.0230379
0.0120948
0.00854381
0.0306404
0.0332445
0.033436
0.0335007
0.0335036
0.0334435
0.0334367
0.0334365
0.0334365
0.0334365
0.0334365
0.0334365
0.0334365
0.0334365
0.0334365
0.0334365
0.0334365
0.0334365
0.0334365
0.0334365
0.0334365
0.0334365
0.0334366
0.0334405
0.0335007
0.0335036
0.0334435
0.0334375
0.0334636
0.0343133
0.0297401
0.0226879
0.00634281
0.00181308
0.00562261
0.00728213
0.00865688
0.00892719
0.00808933
0.00660398
0.00603148
0.00569581
0.00185222
0.0158874
0.0264023
0.0421481
0.0486688
0.0496516
0.0491911
0.0445702
0.0306046
0.0229108
0.00893813
0.0103091
0.0390237
0.0466377
0.0473641
0.0473918
0.0473932
0.0473886
0.0473871
0.047387
0.0473869
0.047387
0.0473871
0.0473871
0.0473871
0.0473871
0.0473871
0.0473871
0.0473871
0.0473871
0.0473871
0.0473869
0.047387
0.0473871
0.0473871
0.0473873
0.047392
0.0473932
0.0473886
0.0473874
0.0473899
0.0471276
0.043283
0.0353593
0.00965345
0.00736034
0.0168361
0.0212239
0.0236669
0.0252766
0.0255516
0.0246759
0.0227325
0.021942
0.0208875
0.0123295
0.017592
0.0299843
0.0444975
0.0494978
0.0499578
0.0493559
0.0429374
0.0279547
0.0224876
0.00595311
0.0169852
0.0403412
0.0488162
0.0497996
0.0498352
0.049842
0.0498522
0.0498465
0.0498364
0.0498353
0.0498402
0.0498518
0.0498533
0.0498538
0.0498538
0.0498551
0.0498544
0.0498532
0.0498524
0.0498463
0.0498355
0.0498396
0.0498504
0.0498464
0.0498364
0.0498354
0.0498402
0.0498505
0.0498462
0.0498184
0.0494186
0.0468835
0.0392041
0.0105992
0.0161391
0.0239581
0.0247777
0.024967
0.025
0.0250002
0.0249986
0.0249788
0.0253418
0.0238132
0.0152689
0.0167348
0.0246855
0.0412906
0.0489603
0.0497973
0.0493109
0.0436188
0.0287455
0.022325
0.00582645
0.0126942
0.0378695
0.0480874
0.0492745
0.0493237
0.04951
0.0497663
0.0495959
0.0493383
0.0493122
0.0494399
0.049745
0.0497993
0.0498162
0.0498273
0.0498741
0.0498447
0.0497968
0.0497585
0.0495847
0.049308
0.0494143
0.0496881
0.0495863
0.0493382
0.0493139
0.0494332
0.049689
0.0495844
0.0492382
0.0474932
0.0364815
0.028439
0.00817877
0.0146463
0.0240976
0.0255968
0.0287832
0.0321802
0.0261778
0.0263537
0.0257654
0.0248471
0.023181
0.0145624
0.0154305
0.0241611
0.0383896
0.0460173
0.0470966
0.0468289
0.043196
0.0297126
0.0213497
0.00565564
0.00844281
0.0324198
0.0431616
0.0427638
0.0429052
0.0443967
0.0466753
0.0449903
0.0427521
0.0426491
0.0435163
0.0462664
0.0466883
0.0468885
0.0470163
0.0476203
0.0472089
0.0466681
0.0462853
0.0448656
0.0424431
0.0432921
0.0456797
0.0448636
0.0427515
0.0427047
0.0434499
0.0456878
0.0448636
0.042723
0.0418909
0.0317878
0.0224858
0.00617888
0.00222111
0.0126864
0.0162349
0.020785
0.0235386
0.0183655
0.0176917
0.016839
0.016068
0.0152643
0.00719081
0.0122848
0.0226948
0.028632
0.0321087
0.0325933
0.0324676
0.0301479
0.0258943
0.0187037
0.00420268
0.00722456
0.0265852
0.0290334
0.0284868
0.0328975
0.0340084
0.0335532
0.0294699
0.0274942
0.0283791
0.0273301
0.0317934
0.0310516
0.0323353
0.0314014
0.0355447
0.0326977
0.0310336
0.0306854
0.0293681
0.0259419
0.0268075
0.0301957
0.0293424
0.0275477
0.0292102
0.0278465
0.0301971
0.0293425
0.027648
0.0313939
0.0306131
0.0217907
0.00569501
0.00173837
0.0125817
0.0164346
0.0132722
0.002065
0.00565679
0.0210044
0.0241571
0.0222898
0.0122942
0.00661829
0.0227711
0.0249026
0.024043
0.0158908
0.00748109
0.0239431
0.0249836
0.0247581
0.0183863
0.00867273
0.0252882
0.0249997
0.0249619
0.0194062
0.00892762
0.0255518
0.02499
0.0245621
0.0175066
0.00808348
0.0246705
0.0249905
0.0244777
0.0169349
0.00645355
0.0225354
0.0249587
0.0244005
0.0164404
0.00442088
0.019753
0.0249147
0.0244155
0.0160108
0.0127223
0.0213523
0.0228609
0.0152492
0.00176967
0.00849618
0.0136243
0.00713983
0.00206713
0.0145776
0.0206084
0.0218662
0.0220094
0.0219866
0.0213428
0.0187037
0.00798627
0.00197426
0.014737
0.0211662
0.0277132
0.0370564
0.0343249
0.02338
0.0217261
0.0224636
0.0238822
0.0226658
0.0220094
0.0215838
0.0218986
0.0216709
0.0224387
0.0220025
0.0215702
0.0215514
0.0219991
0.0226808
0.0226822
0.0220016
0.0216586
0.0225913
0.0259606
0.0257145
0.0220469
0.0219951
0.0239978
0.0288569
0.0281459
0.0189029
0.00421841
0.00171798
0.0052648
0.0057805
0.00581651
0.00581104
0.00565526
0.00420268
0.00173183
0.00562948
0.00810804
0.0104987
0.00963887
0.00686247
0.00592722
0.00605265
0.00661889
0.00631256
0.0058886
0.0058071
0.00581275
0.00580719
0.00582487
0.0058171
0.00580622
0.00586097
0.00617217
0.00664202
0.00664203
0.00617288
0.00588874
0.00615585
0.0074604
0.00744144
0.00615345
0.00613918
0.00740242
0.00926688
0.00866058
0.0049913
0.00171616
0.00420041
0.00526432
0.00565551
0.00578286
0.00582135
0.00582874
0.00582943
0.00582698
0.00581494
0.00579857
0.00577295
0.00567028
0.0052949
0.00421877
0.00171721
0.00182598
0.00587086
0.00433621
0.0135437
0.0135974
0.00592456
0.00188323
0.0036317
0.00174846
0.00174078
0.00172294
0.0052194
0.00743203
0.0144595
0.00960777
0.0205386
0.0257236
0.0115444
0.029055
0.0308013
0.0183017
0.0321935
0.0349683
0.0255786
0.0377552
0.0377326
0.0118992
0.0346997
0.0310959
0.00913578
0.0279044
0.0235136
0.0106659
0.0211388
0.0210877
0.00755975
0.0190668
0.0134114
0.00475068
0.00424924
0.00530634
0.00422702
0.00530159
0.0200779
0.0147656
0.0219594
0.0351756
0.0301899
0.0390649
0.0421461
0.0445524
0.0470097
0.0444044
0.0479221
0.048383
0.0453038
0.0486642
0.0486195
0.0420188
0.0481082
0.0469162
0.0335791
0.0444255
0.0400673
0.026398
0.0348812
0.0286829
0.0155846
0.0225608
0.0159807
0.00591993
0.00568874
0.00581704
0.00568833
0.00581663
0.0223296
0.015766
0.0224491
0.0402478
0.0308058
0.0405625
0.0485461
0.0463931
0.0489124
0.0496225
0.0497131
0.0499073
0.0496511
0.049935
0.0498535
0.0482617
0.049442
0.0480019
0.0406964
0.0441239
0.0359659
0.0288695
0.0305482
0.0277576
0.0160696
0.02281
0.0164917
0.00618183
0.0059043
0.00609738
0.00589862
0.00605014
0.0225451
0.0164367
0.0228395
0.0407866
0.0312861
0.0413743
0.0490091
0.0468727
0.0491235
0.0499564
0.0498116
0.0499666
0.049865
0.0499743
0.0498591
0.0476088
0.0493152
0.0474461
0.0338206
0.0426569
0.0335956
0.0271746
0.0287698
0.0279486
0.0176287
0.0251397
0.0196197
0.00760739
0.00653725
0.00700809
0.00631989
0.0066078
0.0256825
0.0194845
0.029273
0.0429197
0.0377896
0.0445319
0.0493313
0.0481424
0.049524
0.0499762
0.0499087
0.0499847
0.0498573
0.0499768
0.0498574
0.0474059
0.0493035
0.0474077
0.0335529
0.0425915
0.0335631
0.0279949
0.028809
0.0273561
0.021337
0.0258822
0.022355
0.00897289
0.00700853
0.00654171
0.00660781
0.00631996
0.0292746
0.0178876
0.0256921
0.0445395
0.0342239
0.0429693
0.0495252
0.0475488
0.0493404
0.0499847
0.0498642
0.0499764
0.0498581
0.0499757
0.0498579
0.0474303
0.0493077
0.0474303
0.0339052
0.042688
0.0339055
0.0299113
0.0304439
0.0319904
0.0234923
0.0300904
0.0233165
0.00899031
0.00612549
0.00603101
0.00605091
0.00590431
0.022895
0.0163469
0.022816
0.0415947
0.0314006
0.0415743
0.0491676
0.0469914
0.0491649
0.0499686
0.0498214
0.0499685
0.0498572
0.0499745
0.0498569
0.0474071
0.0493011
0.0473964
0.0335806
0.0425606
0.0335573
0.0295025
0.0285957
0.027127
0.0207091
0.0235981
0.0179199
0.00682188
0.00622259
0.00647809
0.00584901
0.00583367
0.0253042
0.018475
0.0287747
0.0429212
0.0378886
0.0447287
0.0493367
0.0482496
0.0495585
0.0499763
0.049916
0.0499857
0.0498568
0.0499768
0.0498569
0.0473893
0.0492996
0.0473876
0.033447
0.0425232
0.0334423
0.0268273
0.0281305
0.0267154
0.0165263
0.0225453
0.0160335
0.00595678
0.00658406
0.00660066
0.00583046
0.00582996
0.0302258
0.0191008
0.0306645
0.0458104
0.0403131
0.046258
0.049701
0.0489028
0.0497584
0.0499911
0.0499604
0.0499928
0.049857
0.0499776
0.049857
0.0473876
0.0492999
0.0473894
0.0334425
0.0425299
0.0334476
0.0267173
0.0282269
0.0268431
0.016035
0.0228472
0.016545
0.00619799
0.00660192
0.00660202
0.0058299
0.0058299
0.030768
0.0191021
0.030792
0.0463949
0.0405549
0.0464254
0.0497738
0.0489712
0.0497766
0.0499931
0.0499635
0.0499932
0.0498572
0.0499777
0.0498575
0.0473972
0.0493039
0.0474114
0.0335751
0.0426103
0.0336085
0.0272197
0.0299009
0.0305033
0.0180506
0.0278105
0.0213397
0.00811439
0.00660202
0.00660192
0.0058299
0.0058299
0.030792
0.019102
0.0307679
0.0464254
0.0405096
0.0463949
0.0497766
0.0489596
0.0497738
0.0499932
0.0499631
0.0499932
0.0498584
0.0499778
0.0498587
0.0474474
0.0493123
0.0474569
0.0342085
0.0427988
0.034229
0.0354172
0.0326036
0.0371735
0.0250796
0.0356244
0.0266111
0.0100095
0.0066006
0.0065835
0.0058299
0.0058299
0.0306645
0.0189993
0.0302253
0.0462579
0.0396562
0.0458093
0.0497584
0.0487091
0.0497009
0.0499928
0.0499484
0.0499911
0.0498585
0.0499776
0.0498582
0.0474476
0.0493083
0.0474339
0.0340195
0.0427062
0.0339874
0.0354429
0.0303083
0.0307037
0.0251015
0.0279379
0.0213813
0.00812329
0.00647431
0.00620308
0.0058299
0.0058299
0.0287704
0.0172296
0.0252846
0.0447197
0.0340696
0.0428701
0.0495572
0.0475052
0.0493274
0.0499857
0.0498615
0.0499761
0.0498573
0.0499756
0.0498572
0.0474032
0.0493023
0.0473985
0.0334978
0.0425498
0.03348
0.0272253
0.0282393
0.0268103
0.0180596
0.022819
0.0165386
0.00619397
0.00595092
0.00585724
0.0058299
0.0058299
0.0227251
0.015871
0.0225139
0.0413468
0.0309256
0.0407856
0.0491206
0.0465593
0.0490167
0.0499671
0.0497865
0.0499629
0.0498592
0.0499756
0.0498688
0.0474318
0.0493573
0.0475719
0.0334866
0.0428839
0.0336602
0.0266757
0.028003
0.0265688
0.0159906
0.0224205
0.0158301
0.00585351
0.00583433
0.00583041
0.0058299
0.0058299
0.0224678
0.0157902
0.02246
0.0406154
0.0308033
0.0405746
0.0489824
0.0464367
0.0489746
0.0499622
0.0497771
0.0499628
0.0498945
0.0499862
0.049931
0.0479429
0.0496301
0.0484887
0.0351364
0.0453011
0.038929
0.026458
0.0308351
0.0255163
0.0157793
0.0219836
0.015692
0.00581619
0.00582994
0.0058299
0.0058299
0.0058299
0.0224589
0.0157886
0.0224588
0.040567
0.0307982
0.040566
0.0489734
0.046432
0.0489733
0.0499633
0.0497769
0.0499632
0.0499509
0.0499892
0.049948
0.0487561
0.0496989
0.0486984
0.0398642
0.0457739
0.0395967
0.0242772
0.0302767
0.0242185
0.0156011
0.0214986
0.01558
0.00579984
0.0058299
0.00582994
0.0058299
0.0058299
0.0224588
0.0157887
0.0224589
0.040566
0.0307988
0.040567
0.0489733
0.0464325
0.0489734
0.0499627
0.0497768
0.0499619
0.0499233
0.0499787
0.0498872
0.048339
0.0494332
0.0478053
0.0380668
0.0434153
0.034476
0.0242571
0.027126
0.0247383
0.0155986
0.0218019
0.0156685
0.00581436
0.00583041
0.00583429
0.0058299
0.0058299
0.0224599
0.0158017
0.0224676
0.0405743
0.0308247
0.0406123
0.0489746
0.0464591
0.0489821
0.0499614
0.0497785
0.0499615
0.0498655
0.0499739
0.0498581
0.0475085
0.0493065
0.0474054
0.0335081
0.0425374
0.0333849
0.0258448
0.0277368
0.0263121
0.0157514
0.0223543
0.015784
0.00582947
0.00585641
0.00594285
0.0058299
0.0058299
0.0225106
0.0161389
0.0226962
0.0407627
0.0311879
0.0412217
0.049014
0.0468021
0.0491044
0.0499627
0.0498087
0.0499667
0.0498559
0.0499739
0.0498532
0.0473674
0.0492809
0.0473192
0.0333321
0.0423621
0.0332667
0.026311
0.0274042
0.0258448
0.0157841
0.022183
0.0157519
0.00582595
0.0061561
0.00632111
0.0058299
0.0058299
0.024725
0.0176885
0.0266666
0.0423373
0.0353878
0.0432489
0.0492616
0.0476477
0.0493813
0.0499741
0.0498776
0.0499795
0.049849
0.049975
0.0498488
0.0472399
0.0492581
0.0472334
0.0327479
0.0421206
0.0327369
0.0247497
0.0259614
0.0243301
0.0156733
0.0216506
0.0156282
0.00580751
0.00627146
0.00630784
0.0058299
0.0058299
0.0250012
0.0175336
0.0254036
0.0430438
0.0342663
0.0433565
0.0493969
0.047802
0.0494389
0.0499797
0.04989
0.0499811
0.0498526
0.049976
0.0498551
0.0472973
0.0492889
0.0473422
0.0331359
0.0423939
0.0331989
0.0251706
0.0274319
0.0260103
0.0156907
0.0222505
0.0157658
0.0058271
0.00646489
0.00644261
0.0058299
0.0058299
0.0281853
0.0182656
0.0281116
0.0443013
0.0370021
0.0441467
0.0495219
0.0480083
0.04949
0.049985
0.0499023
0.0499838
0.0498565
0.0499766
0.0498568
0.0473733
0.0492989
0.0473838
0.0333966
0.0425106
0.0334147
0.0264414
0.0280189
0.0266076
0.0157844
0.0224129
0.0157885
0.00582987
0.00619606
0.00595079
0.00582996
0.00583046
0.0251373
0.0161723
0.0227216
0.0427122
0.0312539
0.0413264
0.0493104
0.0468529
0.049119
0.0499757
0.0498114
0.0499671
0.0498568
0.0499744
0.0498567
0.0473866
0.0492995
0.0473871
0.0334347
0.042521
0.0334358
0.0266633
0.0280924
0.0266778
0.0157887
0.0224236
0.0157897
0.00583053
0.00586461
0.00587555
0.00583367
0.00584901
0.0225239
0.0159058
0.0225303
0.040831
0.0309528
0.0408331
0.0490255
0.0465869
0.0490256
0.0499629
0.0497882
0.0499629
0.0498567
0.0499738
0.0498567
0.0473871
0.0492996
0.0473872
0.0334366
0.0425214
0.0334367
0.0266813
0.028101
0.026688
0.0157964
0.0224458
0.0158331
0.00585387
0.0059991
0.00632752
0.00590431
0.00605091
0.0227503
0.0174015
0.0252864
0.0413416
0.0339659
0.0427822
0.0491203
0.0474661
0.0493164
0.0499671
0.0498595
0.0499758
0.0498567
0.0499755
0.0498568
0.0473875
0.0492999
0.0473894
0.0334423
0.0425299
0.0334475
0.0267107
0.0282266
0.0268429
0.0159908
0.022845
0.0165394
0.00619459
0.00672739
0.00696711
0.00631996
0.00660781
0.0285451
0.0193194
0.0290251
0.0443146
0.037612
0.0444623
0.0495033
0.0481233
0.0495203
0.0499841
0.0499083
0.0499847
0.0498571
0.0499768
0.0498575
0.0473972
0.0493039
0.0474115
0.0335756
0.042611
0.0336094
0.0272243
0.0299385
0.0306027
0.0180702
0.0279522
0.0214716
0.0081668
0.00681224
0.00638386
0.00660781
0.00631996
0.0260282
0.0170371
0.0231533
0.0430013
0.0313228
0.0414359
0.0493445
0.0469067
0.0491349
0.0499767
0.0498145
0.0499675
0.0498582
0.0499746
0.0498584
0.0474484
0.049313
0.0474618
0.0342379
0.0428197
0.0342698
0.0359353
0.0332665
0.0389737
0.025662
0.0379657
0.0285221
0.0107407
0.00606922
0.00593374
0.00605091
0.0059043
0.0227235
0.0160235
0.0225899
0.0408616
0.0309573
0.0408404
0.0490299
0.0465904
0.0490265
0.049963
0.0497883
0.0499629
0.0498585
0.049974
0.0498588
0.0474679
0.0493161
0.0474765
0.0343884
0.0428678
0.0344013
0.0402669
0.0339508
0.0405962
0.0298392
0.0400271
0.0301799
0.0113706
0.00597003
0.00620536
0.00584893
0.0058329
0.022742
0.0172281
0.0252529
0.04135
0.0340106
0.0428228
0.0491211
0.0474828
0.0493184
0.0499668
0.0498564
0.0499718
0.0498607
0.049973
0.0498661
0.047519
0.0493713
0.047681
0.0344544
0.0433109
0.0346866
0.0403689
0.0336784
0.0394385
0.029852
0.0381564
0.0285733
0.0107489
0.00646654
0.00653175
0.00582478
0.0057976
0.0285851
0.0187807
0.0294981
0.0444692
0.0384998
0.0448241
0.0494911
0.048106
0.0493499
0.049949
0.0496952
0.0497618
0.0498522
0.0497501
0.0496512
0.0480716
0.0493034
0.0483417
0.036834
0.0461914
0.0424268
0.0374928
0.038741
0.033669
0.0257778
0.0283675
0.0215402
0.00815943
0.00632385
0.00566656
0.00568491
0.00530456
0.0282504
0.0161318
0.0245635
0.043214
0.0321394
0.0389873
0.0483515
0.0433834
0.0454443
0.0489359
0.046175
0.0463454
0.0486905
0.04625
0.0458037
0.0470504
0.0446887
0.0426835
0.0426485
0.0406007
0.0385257
0.0301982
0.0350845
0.0289154
0.0178536
0.0224254
0.015659
0.00571561
0.00433622
0.00173861
0.00424331
0.00173606
0.0198695
0.00745784
0.0146051
0.0322517
0.0200569
0.0250947
0.0394264
0.0289009
0.0302541
0.0404441
0.0306433
0.030735
0.0396642
0.0306591
0.0303187
0.0340817
0.0293458
0.0266118
0.0301789
0.0245726
0.0244874
0.0262724
0.0245485
0.0227292
0.0132509
0.0173151
0.00875906
0.00183361
0.0075874
0.00182348
0.0179283
0.00473876
0.00883912
0.0220645
0.0131416
0.0149158
0.0224377
0.0155473
0.0157411
0.0225192
0.015813
0.0159155
0.0225714
0.016143
0.0164715
0.0222407
0.016709
0.0164618
0.0186068
0.0152733
0.0124541
0.00466237
0.00703879
0.00178247
0.00182353
0.0053514
0.00580358
0.00589642
0.00619419
0.00620841
0.00434386
0.00203593
0.00183339
0.00758095
0.0122596
0.0143454
0.0186321
0.0153026
0.0205961
0.0213497
0.0157636
0.0220026
0.0224424
0.0157866
0.0224568
0.0224573
0.0156917
0.0224473
0.0220461
0.0155313
0.0215755
0.021465
0.0145075
0.0212716
0.0204491
0.00700168
0.0179485
0.0125113
0.0044567
0.00722207
0.00483528
0.0134752
0.0147191
0.0191642
0.0215639
0.015764
0.0222432
0.0224089
0.0162347
0.0224915
0.0226774
0.0175394
0.0229908
0.0238021
0.0168179
0.0238021
0.0229908
0.0159347
0.0226779
0.0224966
0.0157954
0.0224421
0.0224263
0.0157887
0.0224236
0.0224233
0.0157886
0.0224232
0.0224232
0.0157886
0.0224232
0.0224232
0.0157886
0.0224232
0.0224232
0.0157886
0.0224232
0.0224232
0.0157886
0.0224232
0.0224232
0.0157886
0.0224232
0.0224232
0.0157886
0.0224232
0.0224232
0.0157886
0.0224232
0.0224232
0.0157886
0.0224232
0.0224232
0.0157886
0.0224232
0.0224232
0.0157886
0.0224232
0.0224232
0.0157886
0.0224232
0.0224232
0.0157886
0.0224232
0.0224232
0.0157896
0.0224233
0.0224236
0.0158248
0.0224263
0.0224421
0.016236
0.0224966
0.0226779
0.0175394
0.0229908
0.0238021
0.0168179
0.0238021
0.0229908
0.0159347
0.0226779
0.0224966
0.0157941
0.022442
0.0224263
0.015728
0.0224196
0.0224071
0.0147525
0.0223024
0.0218116
0.00757089
0.0197549
0.0151664
0.00822348
0.002121
0.00180247
0.0131632
0.00864364
0.0169677
0.0225642
0.0221179
0.0258583
0.0242027
0.0287256
0.0304207
0.0293072
0.0338664
0.0378342
0.0301837
0.0394001
0.0393997
0.0264753
0.0378311
0.0338534
0.0242067
0.030385
0.028669
0.0232417
0.0262209
0.0242823
0.0154891
0.0223615
0.0176343
0.00889058
0.00172065
0.0174327
0.0075388
0.0196495
0.0260244
0.0265291
0.0275932
0.0266712
0.02803
0.0280847
0.0267692
0.0281138
0.0281588
0.027512
0.0283268
0.0285678
0.0268933
0.0285678
0.0283268
0.026699
0.028159
0.0281152
0.0266817
0.0280995
0.0280967
0.0266811
0.0280962
0.0280961
0.0266811
0.0280961
0.0280961
0.0266811
0.0280961
0.0280961
0.0266811
0.0280961
0.0280961
0.0266811
0.0280961
0.0280961
0.0266811
0.0280961
0.0280961
0.0266811
0.0280961
0.0280961
0.0266811
0.0280961
0.0280961
0.0266811
0.0280961
0.0280961
0.0266811
0.0280961
0.0280961
0.0266811
0.0280961
0.0280961
0.0266811
0.0280961
0.0280961
0.0266811
0.0280961
0.0280961
0.0266811
0.0280961
0.0280961
0.0266812
0.0280961
0.0280962
0.0266862
0.0280967
0.0280995
0.0267694
0.0281152
0.028159
0.027512
0.0283268
0.0285678
0.0268933
0.0285678
0.0283268
0.0266991
0.028159
0.0281153
0.0266893
0.0281008
0.0281039
0.0268367
0.0281412
0.0282485
0.0274145
0.0293314
0.031547
0.0209748
0.0281674
0.023698
0.00772224
0.0196922
0.0131983
0.0045936
0.00225826
0.00594445
0.00830427
0.00945784
0.00914403
0.00755667
0.00519871
0.0019463
0.00829363
0.00450713
0.0134033
0.021766
0.021081
0.0282046
0.0243182
0.0333505
0.0328327
0.0144007
0.0272155
0.0200424
0.00174094
0.012582
0.00425316
0.0151619
0.00583011
0.0158219
0.0297163
0.0224919
0.0300095
0.036025
0.0370092
0.0369419
0.0219791
0.0299423
0.0224253
0.0053297
0.0157138
0.00578855
0.0165081
0.00687818
0.0181147
0.0302029
0.0237367
0.030786
0.0374444
0.038629
0.0386254
0.022821
0.0307823
0.0237343
0.00616352
0.018111
0.00687686
0.0217709
0.00977719
0.0262279
0.0355114
0.0363315
0.0422856
0.0417739
0.0456898
0.0456892
0.0289709
0.0422842
0.0363302
0.00822051
0.0262273
0.00977707
0.029167
0.0113225
0.0304366
0.0458891
0.0420532
0.0473132
0.0480983
0.0490767
0.0490515
0.0403906
0.0472502
0.0419936
0.0108482
0.0304075
0.0113154
0.0305337
0.0109441
0.0295549
0.047548
0.0412942
0.0469456
0.0491103
0.0487679
0.0483716
0.0419963
0.0459549
0.0404047
0.0113154
0.0291641
0.0108484
0.0270592
0.00844864
0.0227202
0.0453154
0.0342698
0.0427459
0.046454
0.0456063
0.0433373
0.0363685
0.0359224
0.0290076
0.00977845
0.0217926
0.00822875
0.0198039
0.00700152
0.0195016
0.0407484
0.0309306
0.0402227
0.0409967
0.0437261
0.0407064
0.0238016
0.0312727
0.0231435
0.00692358
0.0170092
0.00636583
0.0196739
0.00786671
0.021478
0.040679
0.0329734
0.0418017
0.0420856
0.0453498
0.0438869
0.0255002
0.0378594
0.0290284
0.00643776
0.0189103
0.00676446
0.0229651
0.00747525
0.0207049
0.0416564
0.0306967
0.0373055
0.0438838
0.0402603
0.0397822
0.0304323
0.0358636
0.0285476
0.00700677
0.0186465
0.00660221
0.0147542
0.00196739
0.00546904
0.0268947
0.00816499
0.010003
0.0289974
0.0108722
0.0108185
0.0211176
0.0098426
0.00792267
0.00489392
0.00520414
0.00183807
0.00434119
0.00539146
0.0196141
0.0148205
0.0210191
0.0287247
0.0240902
0.0304124
0.0391602
0.0391479
0.0441499
0.0445437
0.0467331
0.0480627
0.0456045
0.0486052
0.048592
0.0421506
0.0479829
0.0464366
0.0346971
0.0433892
0.0379244
0.0246013
0.0297197
0.024651
0.0191485
0.023096
0.0191525
0.00388309
0.0120859
0.00387863
0.0224528
0.00963735
0.025886
0.0324666
0.0360248
0.0404483
0.0333982
0.0420116
0.0424249
0.0334431
0.042509
0.0425252
0.0335036
0.0425429
0.0425469
0.0335007
0.0425469
0.042543
0.0334405
0.0425266
0.0425226
0.0334366
0.0425214
0.0425212
0.0334365
0.0425212
0.0425212
0.0334365
0.0425212
0.0425212
0.0334365
0.0425212
0.0425212
0.0334365
0.0425212
0.0425212
0.0334365
0.0425212
0.0425212
0.0334365
0.0425212
0.0425212
0.0334365
0.0425212
0.0425212
0.0334365
0.0425212
0.0425212
0.0334365
0.0425212
0.0425212
0.0334365
0.0425212
0.0425212
0.0334365
0.0425212
0.0425212
0.0334365
0.0425212
0.0425212
0.0334365
0.0425212
0.0425212
0.0334365
0.0425212
0.0425212
0.0334365
0.0425212
0.0425212
0.0334367
0.0425212
0.0425214
0.0334435
0.0425226
0.0425266
0.0335036
0.042543
0.0425469
0.0335007
0.0425469
0.042543
0.0334406
0.0425266
0.0425227
0.0334405
0.0425222
0.0425264
0.0335031
0.0425437
0.0425733
0.0356178
0.0425295
0.0412701
0.0245549
0.0356479
0.0308065
0.016976
0.0283063
0.0213167
0.00804116
0.00182595
0.00469152
0.00440991
0.00863007
0.0129718
0.00644882
0.0152656
0.0169344
0.00808339
0.0186467
0.0202772
0.00892712
0.0214333
0.0219785
0.00865821
0.0219787
0.0214355
0.00733438
0.0202945
0.0187479
0.00635897
0.0173775
0.0167433
0.00650194
0.0168198
0.0170034
0.00487915
0.0162687
0.0133832
0.00737771
0.00175174
0.00590243
0.00628918
0.0221225
0.0167593
0.0229702
0.0337727
0.0290856
0.037385
0.0466977
0.0441951
0.0479011
0.0494168
0.0493692
0.0498188
0.0496122
0.0499159
0.0498391
0.0478552
0.0493887
0.047818
0.0383438
0.0436313
0.0350195
0.0257165
0.0287482
0.0264977
0.0178172
0.022671
0.0165005
0.00171619
0.00627479
0.00225763
0.0278276
0.0134335
0.029195
0.0445473
0.0401272
0.0460005
0.0472354
0.0483812
0.0491028
0.0473858
0.049266
0.0492936
0.0473932
0.0492976
0.0492982
0.0473922
0.0492988
0.0492996
0.0473874
0.0492994
0.0492991
0.047387
0.0492985
0.0492977
0.0473869
0.0492972
0.0492971
0.047387
0.0492971
0.0492972
0.0473871
0.0492977
0.0492985
0.0473871
0.0492991
0.0492993
0.0473871
0.0492993
0.0492993
0.0473871
0.0492993
0.0492993
0.0473871
0.0492993
0.0492994
0.0473871
0.0492994
0.0492994
0.0473871
0.0492994
0.0492993
0.0473871
0.0492992
0.0492992
0.0473871
0.0492992
0.049299
0.047387
0.0492985
0.0492976
0.0473869
0.0492971
0.0492971
0.0473871
0.0492976
0.0492985
0.0473871
0.049299
0.049299
0.047387
0.0492985
0.0492977
0.0473884
0.0492972
0.0492973
0.0473932
0.0492979
0.0492982
0.0473921
0.0492987
0.0492993
0.0473874
0.0492992
0.049299
0.0473885
0.0492985
0.0492974
0.0473622
0.049292
0.0492519
0.0460518
0.049049
0.0483609
0.0399223
0.0468123
0.0442627
0.0258152
0.0391992
0.0284305
0.010595
0.00187971
0.00472397
0.0130347
0.0131507
0.0187577
0.019578
0.0216329
0.0230935
0.0224582
0.0238584
0.0243639
0.0246689
0.0247692
0.0249721
0.0255515
0.025
0.0250002
0.0252775
0.0250002
0.0250001
0.0237433
0.0249763
0.0248112
0.0224466
0.0245965
0.0246846
0.0225068
0.024703
0.0243207
0.01847
0.0231919
0.0200108
0.00417527
0.0137025
0.00484283
0.00661157
0.00661365
0.0240851
0.0175895
0.0240524
0.03786
0.0276355
0.0344934
0.0481041
0.043027
0.0475379
0.0498918
0.0493162
0.0498376
0.049861
0.0499349
0.0498449
0.0475921
0.0493445
0.0475865
0.0336924
0.0429358
0.0336921
0.026527
0.027954
0.0265146
0.0159932
0.0224103
0.0158314
0.00585691
0.00500982
0.00498308
0.0301271
0.016778
0.0295998
0.046275
0.0397624
0.0459601
0.049615
0.0487166
0.049597
0.0498309
0.0497986
0.049832
0.0498372
0.0498389
0.0498503
0.049849
0.0498796
0.0499203
0.0498511
0.0499388
0.0499308
0.0498401
0.0499029
0.0498658
0.0498353
0.049844
0.0498372
0.0498365
0.0498378
0.049845
0.0498469
0.049867
0.0499058
0.0498534
0.0499356
0.0499464
0.0498533
0.0499463
0.0499467
0.0498539
0.0499496
0.0499507
0.0498545
0.0499511
0.0499558
0.0498549
0.04996
0.0499583
0.0498539
0.0499547
0.0499506
0.0498528
0.0499458
0.0499425
0.0498508
0.049939
0.0499281
0.0498396
0.0499011
0.0498624
0.0498355
0.049838
0.049838
0.0498463
0.0498624
0.0499007
0.0498505
0.049925
0.0499251
0.04984
0.0499015
0.0498655
0.0498353
0.049844
0.0498372
0.0498366
0.0498379
0.049845
0.0498465
0.0498659
0.0499016
0.0498504
0.0499252
0.0499251
0.0498378
0.0499006
0.0498576
0.0497342
0.0497912
0.0495741
0.0485597
0.0488436
0.04698
0.0442776
0.0436103
0.0399817
0.0284374
0.0353917
0.0258668
0.00968203
0.00607892
0.00632932
0.0217967
0.0168562
0.0228419
0.0245775
0.0250871
0.0256286
0.0248914
0.0258019
0.0261593
0.0249972
0.0272882
0.0288152
0.0250002
0.0298038
0.0302098
0.0250001
0.0302098
0.0298037
0.0249815
0.0288147
0.0272851
0.0253747
0.0261415
0.0259748
0.0245048
0.0254035
0.0238496
0.0192373
0.0213824
0.0166198
0.00418958
0.00849852
0.00177029
0.00630384
0.00599367
0.0226163
0.0160016
0.0218392
0.0312677
0.0243314
0.0306883
0.0467242
0.0401584
0.0457448
0.049651
0.0481954
0.0489974
0.0497349
0.049185
0.0491568
0.0477789
0.0488439
0.0476774
0.0350169
0.0445103
0.0383301
0.0264324
0.0306011
0.0254922
0.015769
0.0219374
0.0156281
0.00578358
0.00223089
0.0270689
0.00887013
0.0229821
0.044899
0.0341269
0.0428317
0.0490699
0.04647
0.0473407
0.0493044
0.0474407
0.0474425
0.0493771
0.0475066
0.0476833
0.0496915
0.0481328
0.048771
0.0497228
0.0489889
0.0488096
0.0494324
0.0483744
0.0478134
0.0493085
0.0475133
0.0474241
0.0493449
0.0474421
0.0475432
0.0496106
0.0478436
0.048427
0.0497971
0.0488805
0.0490598
0.0498021
0.049069
0.0490815
0.0498224
0.0491349
0.0491612
0.0498525
0.0491845
0.0492877
0.0498652
0.0493734
0.0493339
0.0498222
0.0492494
0.0491599
0.0497786
0.0490605
0.0489897
0.0497056
0.0489133
0.0487308
0.0494146
0.0483279
0.0477495
0.0493079
0.0473995
0.0473993
0.0495817
0.0477477
0.0483146
0.0496888
0.0486633
0.0486662
0.0494306
0.0483313
0.0478045
0.0493089
0.0475128
0.0474273
0.0493453
0.0474534
0.0475491
0.0495868
0.0478172
0.048334
0.0496887
0.0486669
0.0486665
0.0494146
0.0483294
0.0477884
0.0488263
0.0474109
0.0469201
0.0439124
0.0454546
0.0411562
0.0308509
0.0314595
0.0247951
0.0215799
0.0234618
0.0180316
0.00686479
0.00521744
0.00212278
0.0210706
0.00853396
0.0156369
0.0251671
0.0197507
0.0215745
0.0261042
0.0225018
0.0235996
0.033912
0.0276284
0.0333707
0.0378989
0.0369578
0.038452
0.0367476
0.038452
0.0369574
0.0292048
0.0333675
0.0276096
0.0253058
0.0234733
0.0219628
0.0216879
0.019998
0.0168348
0.0126989
0.0127302
0.00704226
0.00176968
0.00572692
0.00528343
0.0213645
0.0145094
0.0206194
0.0299761
0.0238935
0.0285908
0.0435658
0.0347218
0.0386579
0.0468761
0.0408806
0.0416782
0.0470882
0.0418987
0.0418971
0.0458566
0.0416682
0.0408445
0.0378782
0.0385741
0.0346083
0.0242023
0.0285335
0.0238974
0.0153032
0.0206086
0.0144762
0.00526484
0.0218844
0.00835469
0.0223198
0.0403743
0.0314794
0.0362866
0.0429996
0.0370262
0.0342486
0.0427104
0.0338513
0.0338089
0.0432779
0.0343701
0.0346097
0.0462581
0.0364914
0.0414775
0.0461045
0.0416559
0.040226
0.0434407
0.0382495
0.0345148
0.0425848
0.0335336
0.0334315
0.0428468
0.0336114
0.0337343
0.0451187
0.0345995
0.0384505
0.0466952
0.0405664
0.0412119
0.0467227
0.0410006
0.0410543
0.0469625
0.0415088
0.0416342
0.0473468
0.0415866
0.0424566
0.0474685
0.0432098
0.0426743
0.0469585
0.0420847
0.0416302
0.0464778
0.0409688
0.0406432
0.0458495
0.0403529
0.0397016
0.0432978
0.0380599
0.0343983
0.0424425
0.0329453
0.0329449
0.0448293
0.0343895
0.0380039
0.0456857
0.0394493
0.0394542
0.0434134
0.0380301
0.0344711
0.0425974
0.033541
0.033449
0.042889
0.0338099
0.0339237
0.0448709
0.0344978
0.038036
0.0456869
0.039456
0.0394553
0.0434106
0.0380309
0.0344744
0.0424093
0.0335669
0.0334873
0.0393526
0.0348747
0.0367536
0.0255549
0.0311646
0.0254764
0.0164613
0.0220815
0.0158454
0.0058889
0.00778436
0.00175843
0.0149496
0.00429055
0.00541366
0.0179887
0.00605006
0.00683407
0.0254006
0.00813786
0.00962679
0.0293926
0.0106693
0.0111298
0.0281822
0.0111297
0.0106687
0.021304
0.00962251
0.00811419
0.0155854
0.00673305
0.00570579
0.00862457
0.00443593
0.00181757
0.00177067
0.00420639
0.00171848
0.0187062
0.00741682
0.0145779
0.0259028
0.019724
0.022695
0.0301604
0.0238973
0.0241967
0.032469
0.0254632
0.0255372
0.0325931
0.0255733
0.0255733
0.0321034
0.0255371
0.0254631
0.028615
0.0241967
0.0238973
0.022695
0.022695
0.019724
0.0122783
0.0145776
0.00741595
0.00171798
0.0193919
0.00515762
0.0144777
0.0291805
0.0206619
0.0232198
0.0267709
0.0240471
0.0246693
0.0310343
0.0288933
0.0347495
0.0332343
0.0380637
0.0385808
0.036627
0.0367421
0.0322557
0.0306643
0.0266237
0.0243809
0.0271615
0.0243041
0.0247808
0.0279478
0.0259592
0.0265976
0.0280613
0.0273318
0.0270139
0.0295829
0.0251669
0.0244169
0.0321467
0.0254691
0.0254398
0.0310809
0.0242809
0.0242806
0.0324076
0.0254646
0.0254736
0.0335069
0.0243497
0.0261629
0.0336449
0.0279746
0.0262204
0.0324231
0.0255607
0.0254928
0.0308428
0.0242714
0.0242137
0.0303308
0.0242221
0.0242709
0.0268043
0.0243641
0.0244521
0.0259498
0.0245515
0.0245983
0.0293378
0.0245607
0.024484
0.0301968
0.0243657
0.0242821
0.0271454
0.0242857
0.0247897
0.0281464
0.0260199
0.0268003
0.029312
0.0288536
0.0300452
0.0293432
0.0271038
0.024732
0.030197
0.0243728
0.0242808
0.0271729
0.0243646
0.0250123
0.0284649
0.0262348
0.0271049
0.0350893
0.0308349
0.0341159
0.0252929
0.0301985
0.0250285
0.0154528
0.0210911
0.0146121
0.00528958
0.00798629
0.0020671
0.0187037
0.00741595
0.0122783
0.0213428
0.014476
0.0153015
0.0219866
0.01561
0.015687
0.0220094
0.0157005
0.0157005
0.0218662
0.015687
0.01561
0.0206084
0.0153015
0.014476
0.0145776
0.0122783
0.00741595
0.0020671
0.0020671
0.00797747
0.00207677
0.0188846
0.00745066
0.0124615
0.0231357
0.0152487
0.0176725
0.0336152
0.0213047
0.0253838
0.0372995
0.0278631
0.0279418
0.028226
0.0255998
0.0215222
0.0220901
0.0180059
0.0163843
0.0219261
0.0158494
0.0158645
0.0229938
0.0162126
0.01683
0.0238738
0.0175795
0.0175689
0.0219809
0.0167529
0.0160955
0.0219176
0.0158267
0.0157075
0.0215808
0.0156101
0.0156042
0.0219109
0.0156706
0.0156744
0.0220585
0.0156285
0.0156956
0.0221279
0.0157634
0.0157173
0.0219138
0.0156993
0.0156752
0.0215042
0.0156052
0.0156069
0.021708
0.0156903
0.0159098
0.0223685
0.0163072
0.0168139
0.0228021
0.0172425
0.017409
0.0223718
0.0172427
0.0168142
0.0217267
0.0163089
0.0159224
0.0219417
0.0157618
0.0158948
0.0234394
0.0164287
0.0176164
0.027805
0.0196559
0.0208308
0.023091
0.0195661
0.0175214
0.0217532
0.0163277
0.0159672
0.0228393
0.0162698
0.0172785
0.0252022
0.0189534
0.0210686
0.0316274
0.0235608
0.0245972
0.0232319
0.0223203
0.0183459
0.0123429
0.0137082
0.00726681
0.00172471
0.00420268
0.00565526
0.00581104
0.00581651
0.0057805
0.0052648
0.00171798
0.00429665
0.00670595
0.00959389
0.0105147
0.00817115
0.00617501
0.00591337
0.00632469
0.00661673
0.00603139
0.00583191
0.00580389
0.00581329
0.00581595
0.00581931
0.00581378
0.00581623
0.00597249
0.00642627
0.00672613
0.00642635
0.0059776
0.00592946
0.00667718
0.00788068
0.00666228
0.00599465
0.00661072
0.00836654
0.00951893
0.00706614
0.00190155
)
;
    }
}


// ************************************************************************* //
