/*--------------------------------*- C++ -*----------------------------------*\
  =========                 |
  \\      /  F ield         | OpenFOAM: The Open Source CFD Toolbox
   \\    /   O peration     | Website:  https://openfoam.org
    \\  /    A nd           | Version:  6
     \\/     M anipulation  |
\*---------------------------------------------------------------------------*/
FoamFile
{
    version     2.0;
    format      ascii;
    class       surfaceScalarField;
    location    "0.7";
    object      phi;
}
// * * * * * * * * * * * * * * * * * * * * * * * * * * * * * * * * * * * * * //

dimensions      [0 3 -1 0 0 0 0];

internalField   nonuniform List<scalar> 
8239
(
0.0745366
0.0650594
0.0745365
0.0630961
0.0504034
0.0687494
0.0526004
0.0398187
0.0598205
0.0214665
0.0263334
0.0155117
-0.0214667
0.0228341
0.0109069
-0.0526006
0.0263334
0.0155116
-0.0630963
0.0398187
0.0598205
-0.0745366
0.0504034
0.0687494
0.0650593
0.0745365
0.0663007
0.109431
0.0663007
0.0524743
0.0852915
0.061617
0.0439258
0.0686454
0.0543762
0.0180048
0.0463968
0.0129109
-0.0180051
0.0408553
0.0091534
-0.043926
0.0463968
0.0129109
-0.0524745
0.0686454
0.0543762
-0.0663008
0.0852914
0.061617
0.109431
0.0663007
0.0178756
0.102083
0.0178755
0.0244071
0.0851215
0.0156337
0.0202205
0.0716302
0.0122324
0.00794364
0.0556519
0.0075752
-0.00794386
0.0512289
0.00604486
-0.0202207
0.0556519
0.0075752
-0.0244072
0.0716302
0.0122324
-0.0178756
0.0851215
0.0156337
0.102083
0.0178755
0.00803607
0.0786565
0.00803605
0.0114828
0.072081
0.00709546
0.0096209
0.0648168
0.00567921
0.00373759
0.0581527
0.00416234
-0.00373784
0.055833
0.00359419
-0.00962112
0.0581527
0.00416235
-0.011483
0.0648168
0.00567921
-0.00803618
0.0720809
0.00709547
0.0786565
0.00803605
0.00372647
0.0683814
0.00372643
0.00547636
0.0656063
0.00334989
0.00465435
0.0620194
0.00278326
0.00180955
0.0589468
0.00224248
-0.00180981
0.0577989
0.00203143
-0.00465457
0.0589468
0.00224248
-0.00547651
0.0620194
0.00278327
-0.00372654
0.0656063
0.0033499
0.0683814
0.00372643
0.00176993
0.0636562
0.00176989
0.00264561
0.0624143
0.00162178
0.00227493
0.060676
0.00139835
0.000887848
0.0592004
0.00119581
-0.000888107
0.058635
0.00111599
-0.00227515
0.0592004
0.00119582
-0.00264576
0.060676
0.00139836
-0.00177
0.0624143
0.00162179
0.0636562
0.00176988
0.000855704
0.0614149
0.000855664
0.00129207
0.0608361
0.000797852
0.00112021
0.0599917
0.000710371
0.000438793
0.0592697
0.000632764
-0.000439052
0.0589899
0.000602149
-0.00112045
0.0592698
0.000632768
-0.00129223
0.0599917
0.000710376
-0.000855772
0.0608361
0.000797861
0.0614149
0.000855663
0.000418571
0.0603312
0.000418535
0.000635742
0.0600528
0.000396317
0.000554103
0.0596372
0.000362603
0.000217604
0.0592784
0.000332952
-0.000217862
0.0591383
0.000321264
-0.00055433
0.0592785
0.000332956
-0.000635899
0.0596372
0.00036261
-0.000418641
0.0600528
0.000396323
0.0603312
0.000418532
0.000205006
0.0598043
0.000204973
0.000312259
0.0596648
0.000197259
0.000272867
0.0594529
0.000185548
0.00010727
0.0592676
0.000175297
-0.000107526
0.0591945
0.000171266
-0.000273091
0.0592676
0.000175301
-0.000312415
0.0594529
0.000185556
-0.000205077
0.0596648
0.000197267
0.0598043
0.000204973
9.68631e-05
0.0595565
9.68353e-05
0.000147195
0.0594785
9.62892e-05
0.000128196
0.0593563
9.55195e-05
5.02304e-05
0.0592449
9.49384e-05
-5.04811e-05
0.0591992
9.47573e-05
-0.000128415
0.059245
9.49426e-05
-0.000147348
0.0593563
9.55269e-05
-9.69327e-05
0.0594786
9.62968e-05
0.0595565
9.68335e-05
3.57561e-05
0.0594648
3.57318e-05
5.22262e-05
0.0594055
4.17401e-05
4.31117e-05
0.0593038
5.10818e-05
1.61668e-05
0.0591984
5.9675e-05
-1.64114e-05
0.0591486
6.33013e-05
-4.33259e-05
0.0591985
5.9679e-05
-5.23768e-05
0.0593038
5.10893e-05
-3.58253e-05
0.0594056
4.17488e-05
0.0594648
3.57326e-05
-1.2113e-05
0.0594914
-1.2133e-05
-2.65964e-05
0.0594185
5.71287e-06
-3.27488e-05
0.0592725
3.35123e-05
-1.57651e-05
0.0590883
5.96818e-05
1.55286e-05
0.0589767
7.12652e-05
3.25422e-05
0.0590883
5.96856e-05
2.64516e-05
0.0592725
3.35191e-05
1.20464e-05
0.0594186
5.72031e-06
0.0594914
-1.21329e-05
-7.54927e-05
0.0596639
-7.55084e-05
-0.000142097
0.0595425
-3.05604e-05
-0.000158231
0.0592581
3.99491e-05
-7.30192e-05
0.0588166
0.000109864
7.27918e-05
0.0584479
0.000144422
0.000158032
0.0588166
0.000109868
0.000141956
0.0592581
3.99563e-05
7.54266e-05
0.0595425
-3.05518e-05
0.0596639
-7.55055e-05
-0.000192739
0.0600792
-0.00019275
-0.000381419
0.0598735
-8.47489e-05
-0.000457346
0.0593078
8.64639e-05
-0.000222336
0.0581848
0.000272762
0.00022212
0.0567097
0.000386186
0.000457157
0.0581848
0.000272766
0.000381287
0.0593079
8.64702e-05
0.000192677
0.0598736
-8.47419e-05
0.0600792
-0.000192749
-0.000422072
0.060906
-0.000422079
-0.000918844
0.0606171
-0.000175558
-0.00126959
0.059668
0.000220873
-0.000676588
0.0570891
0.000724767
0.000676382
0.0502817
0.00115953
0.00126941
0.0570891
0.000724771
0.000918717
0.059668
0.000220879
0.000422012
0.0606172
-0.00017555
0.060906
-0.000422075
-0.000823251
0.0623105
-0.000823251
-0.00206477
0.0620668
-0.000311019
-0.00363283
0.0611614
0.000527609
-0.00221689
0.0581943
0.00188526
0.0022167
0.0479176
0.00386121
0.00363266
0.0581943
0.00188527
0.00206465
0.0611614
0.000527615
0.000823193
0.0620668
-0.000311012
0.0623105
-0.000823248
-0.00131842
0.0642025
-0.00131841
-0.00400155
0.0642008
-0.000447552
-0.0110084
0.0641983
0.00100556
-0.0080683
0.064196
0.00428405
0.0080681
0.0641951
0.0396574
0.0110083
0.064196
0.00428406
0.00400144
0.0641983
0.00100556
0.00131837
0.0642009
-0.000447545
0.0642025
-0.00131841
-0.00131974
0.0660978
-0.00131973
-0.00400357
0.0663375
-0.000448885
-0.0110102
0.0672365
0.0010042
-0.00806899
0.0701981
0.00428267
0.00806881
0.0804727
0.0396561
0.0110101
0.0701982
0.00428268
0.00400348
0.0672366
0.0010042
0.00131969
0.0663375
-0.000448879
0.0660979
-0.00131973
-0.000827821
0.0675139
-0.000827808
-0.00207176
0.0677961
-0.000315637
-0.00363896
0.0687349
0.000522893
-0.0022193
0.0713048
0.00188046
0.00221915
0.0781087
0.00385638
0.00363884
0.0713049
0.00188046
0.00207167
0.068735
0.000522898
0.000827775
0.0677961
-0.00031563
0.0675139
-0.000827802
-0.000431962
0.0683656
-0.000431945
-0.000933976
0.0685591
-0.000185593
-0.00128288
0.0691059
0.000210572
-0.000681806
0.0702124
0.000714232
0.000681684
0.071681
0.0011489
0.00128277
0.0702124
0.000714234
0.000933898
0.069106
0.000210575
0.000431924
0.0685591
-0.000185588
0.0683657
-0.000431939
-0.000212404
0.0688306
-0.000212382
-0.000411516
0.0689288
-0.00010482
-0.000483776
0.0691775
6.57108e-05
-0.000232734
0.0695877
0.00025141
0.000232632
0.069944
0.000364596
0.000483688
0.0695877
0.000251412
0.000411451
0.0691775
6.57149e-05
0.00021237
0.0689288
-0.000104814
0.0688306
-0.000212373
-0.000113693
0.0690992
-0.000113665
-0.000200564
0.0691279
-6.98469e-05
-0.000209583
0.0692064
-1.0786e-06
-9.32425e-05
0.0693312
6.73096e-05
9.31635e-05
0.0694195
0.000101265
0.000209515
0.0693312
6.73112e-05
0.000200514
0.0692064
-1.07562e-06
0.000113666
0.0691279
-6.98426e-05
0.0690993
-0.000113657
-8.5609e-05
0.0693104
-8.5575e-05
-0.000139074
0.0692861
-7.06199e-05
-0.000131522
0.0692604
-4.72579e-05
-5.46868e-05
0.0692541
-2.49697e-05
5.46297e-05
0.0692602
-1.4912e-05
0.000131473
0.0692542
-2.49681e-05
0.000139037
0.0692605
-4.72547e-05
8.55864e-05
0.0692862
-7.06143e-05
0.0693105
-8.55657e-05
-0.000104607
0.0695702
-0.000104568
-0.000162504
0.0694923
-0.000105937
-0.000145354
0.0693767
-0.000107918
-5.81037e-05
0.0692807
-0.000109185
5.80703e-05
0.0692452
-0.000109417
0.000145327
0.0692807
-0.000109183
0.000162483
0.0693767
-0.000107916
0.000104593
0.0694924
-0.000105934
0.0695702
-0.00010456
-0.000168925
0.0699856
-0.00016888
-0.000259123
0.069839
-0.000188232
-0.000228036
0.0696147
-0.000217944
-9.00757e-05
0.0694225
-0.000243543
9.00658e-05
0.0693484
-0.000253447
0.000228029
0.0694225
-0.000243542
0.000259114
0.0696147
-0.000217942
0.000168916
0.069839
-0.000188227
0.0699856
-0.000168869
-0.000292592
0.0706941
-0.000292542
-0.000447504
0.0704598
-0.000348073
-0.00039193
0.0700952
-0.000434059
-0.000154198
0.0697868
-0.00050763
0.000154213
0.0696692
-0.000535964
0.000391945
0.0697868
-0.000507628
0.000447512
0.0700952
-0.000434058
0.000292591
0.0704599
-0.000348071
0.0706942
-0.000292533
-0.000498378
0.0718712
-0.000498323
-0.000761531
0.0715629
-0.000641365
-0.000664307
0.0710626
-0.00086704
-0.000260272
0.0706584
-0.00105607
0.000260311
0.0705103
-0.00112761
0.000664341
0.0706584
-0.00105607
0.000761551
0.0710627
-0.000867039
0.00049838
0.071563
-0.000641362
0.0718712
-0.000498312
-0.000796308
0.0736648
-0.000796248
-0.00121709
0.0734396
-0.00115448
-0.00105475
0.0729942
-0.00174472
-0.000409981
0.0726967
-0.00221852
0.000410046
0.0726058
-0.00239234
0.00105481
0.0726967
-0.00221852
0.00121713
0.0729942
-0.00174472
0.000796317
0.0734396
-0.00115448
0.0736648
-0.000796237
-0.00111148
0.0759087
-0.00111142
-0.00170509
0.0763259
-0.00197693
-0.00145837
0.0767191
-0.00354942
-0.000556777
0.0772388
-0.00470867
0.000556868
0.0774814
-0.00511222
0.00145845
0.0772388
-0.00470866
0.00170513
0.0767191
-0.00354941
0.00111149
0.0763259
-0.00197693
0.0759088
-0.0011114
-0.00107897
0.0773183
-0.0010789
-0.00168703
0.079627
-0.00299493
-0.00139202
0.0830122
-0.00733786
-0.000501871
0.0859536
-0.0100275
0.000501979
0.0870858
-0.0108884
0.00139211
0.0859536
-0.0100275
0.00168709
0.0830122
-0.00733786
0.00107898
0.079627
-0.00299492
0.0773184
-0.00107888
0.000398738
0.0741108
0.000398802
0.000488212
0.0792196
-0.00282872
0.000554086
0.0874977
-0.015537
0.000297368
0.0939534
-0.0209387
-0.00029724
0.0962892
-0.0224784
-0.000553976
0.0939534
-0.0209387
-0.000488149
0.0874977
-0.015537
-0.000398727
0.0792196
-0.0028287
0.0741108
0.000398829
0.00541331
0.0606856
0.00541338
0.00814017
0.0670256
0.00612561
0.00699567
0.0775626
0.00395773
0.00271752
0.0852789
0.00458052
-0.00271738
0.0879762
0.0048077
-0.00699555
0.0852789
0.00458052
-0.0081401
0.0775626
0.00395774
-0.0054133
0.0670256
0.00612563
0.0606857
0.0054134
0.0124022
0.0345805
0.0124023
0.0187818
0.0388183
0.0211893
0.0156917
0.0457809
0.0467812
0.00586944
0.0506496
0.0588797
-0.00586926
0.052312
0.0623283
-0.0156915
0.0506496
0.0588797
-0.0187817
0.0457809
0.0467812
-0.0124022
0.0388183
0.0211893
0.0345806
0.0124023
0.0166268
0.0166268
0.0249768
0.0291282
0.0205249
0.0638514
0.00755903
0.0751168
-0.00755892
0.077859
-0.0205248
0.0751168
-0.0249767
0.0638513
-0.0166267
0.0291282
0.0166269
0.0687495
0.0504034
0.063096
0.0477732
0.0368475
0.0477731
0.0319132
0.0287112
0.0354652
0.0117275
0.0226172
0.0189201
-0.0117277
0.0206487
0.0143579
-0.0319134
0.0226172
0.0189201
-0.0477733
0.0287112
0.0354652
-0.0687495
0.0368474
0.0477731
0.0504034
0.063096
0.061617
0.0852914
0.0524742
0.0396419
0.0628555
0.0396418
0.0263289
0.0500901
0.0296761
0.00969339
0.0404976
0.0158489
-0.00969361
0.0374201
0.0121469
-0.0263291
0.0404976
0.0158489
-0.0396421
0.0500902
0.0296761
-0.0616171
0.0628554
0.0396419
0.0852914
0.0524743
0.0156338
0.0851215
0.024407
0.0199821
0.0695221
0.019982
0.015205
0.0589155
0.0151304
0.00569914
0.0508506
0.0101006
-0.00569936
0.0481525
0.00837114
-0.0152052
0.0508507
0.0101006
-0.0199822
0.0589155
0.0151304
-0.0156339
0.0695221
0.019982
0.0851214
0.024407
0.00709551
0.072081
0.0114828
0.00987399
0.0662035
0.00987391
0.00800931
0.0602007
0.00780172
0.00305172
0.0555149
0.005883
-0.00305196
0.0538318
0.00516415
-0.00800953
0.0555149
0.00588302
-0.00987415
0.0602007
0.00780174
-0.00709559
0.0662035
0.00987394
0.0720809
0.0114828
0.00334993
0.0656063
0.00547628
0.00487245
0.0631358
0.00487237
0.00409
0.0600511
0.00402959
0.00157779
0.0575624
0.00328199
-0.00157805
0.0566331
0.0029934
-0.00409023
0.0575624
0.00328201
-0.00487262
0.0600511
0.00402962
-0.00335001
0.0631358
0.0048724
0.0656063
0.0054763
0.00162182
0.0624143
0.00264553
0.00241475
0.0612966
0.00241467
0.00206664
0.0597543
0.00207888
0.000804088
0.0584741
0.00178529
-0.000804347
0.0579856
0.00167073
-0.00206687
0.0584741
0.0017853
-0.00241492
0.0597543
0.0020789
-0.0016219
0.0612966
0.0024147
0.0624143
0.00264555
0.000797892
0.0608361
0.001292
0.00120305
0.0603069
0.00120298
0.00104121
0.0595392
0.00107063
0.000407364
0.0588883
0.000955289
-0.000407623
0.0586366
0.000910091
-0.00104144
0.0588883
0.000955298
-0.00120322
0.0595392
0.00107065
-0.000797976
0.0603069
0.00120301
0.0608361
0.00129203
0.000396353
0.0600528
0.000635678
0.000601701
0.0597947
0.000601636
0.000524108
0.0594102
0.00055042
0.000205733
0.0590794
0.000505774
-0.00020599
0.0589503
0.000488246
-0.000524334
0.0590794
0.000505787
-0.000601865
0.0594102
0.000550444
-0.000396434
0.0597947
0.000601665
0.0600528
0.000635703
0.000197291
0.0596648
0.0003122
0.000300474
0.0595352
0.000300416
0.000262529
0.0593387
0.000282594
0.000103192
0.0591671
0.000267062
-0.000103447
0.0590995
0.00026097
-0.000262753
0.0591671
0.000267075
-0.000300637
0.0593387
0.000282618
-0.000197372
0.0595352
0.000300446
0.0596648
0.000312227
9.6318e-05
0.0594785
0.000147145
0.000146423
0.0594095
0.000146371
0.000127594
0.0593014
0.000145249
5.00166e-05
0.0592032
0.000144373
-5.02664e-05
0.0591631
0.000144088
-0.000127814
0.0592032
0.000144386
-0.000146582
0.0593014
0.000145272
-9.6397e-05
0.0594095
0.0001464
0.0594786
0.00014717
4.17647e-05
0.0594055
5.21833e-05
6.16608e-05
0.0593622
6.16167e-05
5.17371e-05
0.059286
7.60325e-05
1.96845e-05
0.0592067
8.90373e-05
-1.99279e-05
0.0591699
9.44244e-05
-5.19509e-05
0.0592067
8.90495e-05
-6.18159e-05
0.059286
7.60553e-05
-4.18422e-05
0.0593622
6.16462e-05
0.0594056
5.22101e-05
5.73326e-06
0.0594185
-2.66315e-05
1.74561e-06
0.0593807
1.70951e-06
-6.2468e-06
0.0592935
4.46399e-05
-4.73729e-06
0.0591775
8.37677e-05
4.50161e-06
0.0591101
0.000100496
6.04009e-06
0.0591775
8.37794e-05
-1.89496e-06
0.0592935
4.46617e-05
-5.80752e-06
0.0593807
1.73721e-06
0.0594186
-2.66067e-05
-3.05443e-05
0.0595425
-0.000142124
-6.87452e-05
0.0594981
-6.87731e-05
-8.59267e-05
0.0593512
4.04065e-05
-4.15409e-05
0.0591039
0.000142363
4.13146e-05
0.0589201
0.000189343
8.57282e-05
0.0591039
0.000142374
6.86013e-05
0.0593512
4.04274e-05
3.04722e-05
0.0594982
-6.87456e-05
0.0595425
-0.000142097
-8.47374e-05
0.0598735
-0.000381438
-0.000196076
0.059821
-0.000196095
-0.00025514
0.0595547
6.99433e-05
-0.000126836
0.0590009
0.000329291
0.00012662
0.0584492
0.000467633
0.000254951
0.0590009
0.000329301
0.000195939
0.0595547
6.99631e-05
8.46693e-05
0.059821
-0.00019607
0.0598736
-0.000381415
-0.000175551
0.0606171
-0.000918854
-0.000456366
0.0605714
-0.000456377
-0.000662316
0.0601645
0.000161948
-0.000350487
0.0591164
0.000810166
0.000350284
0.0576032
0.00126025
0.000662138
0.0591164
0.000810176
0.000456237
0.0601646
0.000161966
0.000175486
0.0605714
-0.000456352
0.0606172
-0.000918828
-0.000311017
0.0620668
-0.00206477
-0.000947363
0.0620439
-0.000947365
-0.00160443
0.0616797
0.000364973
-0.000923424
0.0606075
0.00191395
0.000923236
0.0587224
0.00357976
0.00160426
0.0606075
0.00191396
0.000947243
0.0616797
0.000364991
0.000310957
0.0620439
-0.000947343
0.0620668
-0.00206475
-0.000447554
0.0642008
-0.00400155
-0.00161256
0.0641991
-0.00161255
-0.0033293
0.0641965
0.00066504
-0.00211523
0.0641942
0.00387336
0.00211505
0.0641933
0.0108594
0.00332916
0.0641942
0.00387338
0.00161245
0.0641965
0.000665055
0.000447498
0.0641991
-0.00161253
0.0642009
-0.00400152
-0.000448892
0.0663375
-0.00400356
-0.00161461
0.0663561
-0.00161459
-0.00333111
0.0667139
0.000662961
-0.00211593
0.0677805
0.00387125
0.00211577
0.0696634
0.0108572
0.00333097
0.0677806
0.00387126
0.00161451
0.066714
0.000662976
0.000448843
0.0663562
-0.00161457
0.0663375
-0.00400354
-0.000315649
0.0677961
-0.00207173
-0.000954448
0.0678349
-0.000954423
-0.00161065
0.0682312
0.000357761
-0.000925866
0.0692701
0.0019066
0.000925729
0.0707797
0.00357236
0.00161053
0.0692702
0.00190661
0.000954364
0.0682312
0.000357774
0.000315604
0.0678349
-0.000954407
0.0677961
-0.00207172
-0.000185611
0.0685591
-0.000933943
-0.000471762
0.0685988
-0.000471728
-0.000675836
0.0688457
0.000146189
-0.000355798
0.0693826
0.000794049
0.000355677
0.0699275
0.00124399
0.000675731
0.0693826
0.000794055
0.000471687
0.0688457
0.0001462
0.000185573
0.0685989
-0.000471713
0.0685591
-0.000933923
-0.000104843
0.0689288
-0.000411473
-0.000226851
0.0689487
-0.000226807
-0.00028217
0.0690586
3.81863e-05
-0.00013747
0.0692734
0.000296614
0.00013737
0.0694443
0.000434592
0.000282083
0.0692734
0.000296619
0.000226788
0.0690586
3.81957e-05
0.000104811
0.0689488
-0.000226794
0.0689288
-0.000411456
-6.98754e-05
0.0691279
-0.000200511
-0.00012895
0.069119
-0.000128895
-0.000138807
0.0691348
-2.23815e-05
-6.23667e-05
0.0691883
7.7237e-05
6.22888e-05
0.069231
0.000123294
0.00013874
0.0691883
7.7241e-05
0.000128902
0.0691349
-2.23743e-05
6.98508e-05
0.069119
-0.000128886
0.0691279
-0.000200499
-7.06539e-05
0.0692862
-0.00013901
-0.000115161
0.0692397
-0.000115095
-0.000108905
0.0691788
-7.89543e-05
-4.51893e-05
0.0691381
-4.57658e-05
4.51339e-05
0.0691277
-3.13743e-05
0.000108858
0.0691382
-4.57629e-05
0.000115126
0.0691788
-7.89487e-05
7.06354e-05
0.0692397
-0.000115087
0.0692862
-0.000138998
-0.000105977
0.0694923
-0.00016243
-0.000164356
0.0693895
-0.00016428
-0.000146606
0.0692352
-0.000167175
-5.84684e-05
0.0691051
-0.00016925
5.84361e-05
0.0690558
-0.000169769
0.000146579
0.0691052
-0.000169248
0.000164338
0.0692352
-0.000167171
0.000105967
0.0693896
-0.000164275
0.0694924
-0.000162422
-0.000188277
0.069839
-0.000259038
-0.00028863
0.0696425
-0.000288544
-0.000253696
0.06934
-0.000333904
-0.000100103
0.0690818
-0.000373041
0.000100095
0.0689825
-0.000388204
0.000253691
0.0690818
-0.00037304
0.000288626
0.0693401
-0.000333902
0.000188273
0.0696426
-0.000288541
0.0698391
-0.00025903
-0.000348124
0.0704598
-0.000447409
-0.000532331
0.0701079
-0.000532234
-0.000465608
0.0695521
-0.000663652
-0.000182922
0.0690885
-0.000776128
0.000182939
0.0689138
-0.000819455
0.000465624
0.0690885
-0.000776128
0.000532344
0.0695521
-0.000663653
0.000348129
0.070108
-0.000532235
0.0704599
-0.000447406
-0.00064142
0.0715629
-0.000761429
-0.000980363
0.0709814
-0.000980262
-0.000853049
0.0700024
-0.00132601
-0.000333184
0.0692355
-0.0016156
0.000333225
0.0689598
-0.0017252
0.000853089
0.0692355
-0.00161561
0.000980393
0.0700024
-0.00132601
0.000641432
0.0709815
-0.000980266
0.071563
-0.000761425
-0.00115454
0.0734396
-0.00121698
-0.00176774
0.0726502
-0.00176762
-0.00152401
0.0710529
-0.00267883
-0.000588153
0.0699862
-0.00340931
0.000588222
0.0696438
-0.00367713
0.00152407
0.0699863
-0.00340931
0.00176778
0.0710529
-0.00267883
0.00115456
0.0726503
-0.00176763
0.0734396
-0.00121698
-0.00197699
0.0763259
-0.00170498
-0.00305146
0.0759349
-0.00305134
-0.00258322
0.0740245
-0.00552833
-0.000970541
0.0733433
-0.00734432
0.000970634
0.0732376
-0.00797518
0.0025833
0.0733434
-0.00734431
0.00305151
0.0740245
-0.00552833
0.00197702
0.075935
-0.00305134
0.0763259
-0.00170497
-0.002995
0.079627
-0.00168691
-0.00474727
0.0822589
-0.00474715
-0.00386692
0.0852638
-0.0119182
-0.00135991
0.0884779
-0.0162912
0.00136002
0.089751
-0.0176852
0.00386702
0.0884779
-0.0162912
0.00474733
0.0852638
-0.0119182
0.00299502
0.0822589
-0.00474714
0.079627
-0.00168691
-0.00282879
0.0792196
0.000488328
-0.00496487
0.0878369
-0.00496475
-0.00361881
0.103741
-0.0281044
-0.000985665
0.114748
-0.0377025
0.0009858
0.118477
-0.0404386
0.00361893
0.114748
-0.0377025
0.00496495
0.103741
-0.0281044
0.00282881
0.0878369
-0.00496474
0.0792196
0.000488341
0.00612554
0.0670257
0.00814029
0.0090219
0.078842
0.00902204
0.00787487
0.10223
0.00314251
0.116252
-0.00314236
0.120722
-0.00787474
0.116252
-0.00902182
0.10223
-0.00612552
0.078842
0.00902204
0.0670257
0.00814029
0.0211892
0.0388183
0.0187819
0.032698
0.0467044
0.0326981
0.0262866
0.0618738
0.076935
0.00924818
0.0698761
0.0970745
-0.00924802
0.0722847
0.102774
-0.0262864
0.0698761
0.0970745
-0.0326979
0.0618738
0.076935
-0.0211891
0.0467044
0.0326981
0.0388183
0.0187819
0.0291282
0.0249769
0.0439737
0.0439738
0.0338721
0.0991933
0.0114008
0.115364
-0.0114006
0.119167
-0.0338719
0.115364
-0.0439735
0.0991932
-0.0291281
0.0439737
0.0249768
0.0598205
0.0398187
0.0526003
0.0354652
0.0287112
0.0319131
0.0211362
0.0228938
0.0211361
0.00729194
0.0195122
0.013417
-0.00729221
0.0184039
0.0108954
-0.0211365
0.0195122
0.013417
-0.0354654
0.0228938
0.0211362
-0.0598206
0.0287112
0.0319131
0.0398186
0.0526003
0.0543762
0.0686455
0.0439257
0.0296761
0.0500902
0.0263288
0.0175939
0.0409158
0.0175938
0.00609359
0.0356108
0.0113385
-0.00609381
0.0338692
0.00930135
-0.0175941
0.0356108
0.0113385
-0.0296763
0.0409158
0.0175938
-0.0543763
0.0500901
0.0263288
0.0686454
0.0439257
0.0122325
0.0716302
0.0202204
0.0151305
0.0589155
0.0152049
0.0109898
0.0511988
0.0109897
0.00400053
0.0463718
0.00779479
-0.00400077
0.0447327
0.00666982
-0.0109901
0.0463717
0.0077948
-0.0151307
0.0511988
0.0109898
-0.0122326
0.0589155
0.0152049
0.0716302
0.0202204
0.00567925
0.0648168
0.0096208
0.00780181
0.0602007
0.00800921
0.00621437
0.0557028
0.00621426
0.00233845
0.0524912
0.00478727
-0.00233869
0.0513425
0.00426022
-0.00621458
0.0524912
0.00478729
-0.00780196
0.0557028
0.0062143
-0.00567933
0.0602007
0.00800926
0.0648168
0.00962088
0.0027833
0.0620194
0.00465425
0.00402968
0.0600511
0.0040899
0.00335946
0.057634
0.00335935
0.00128948
0.0557548
0.00275822
-0.00128972
0.0550573
0.00253011
-0.00335967
0.0557548
0.00275824
-0.00402983
0.057634
0.00335939
-0.00278338
0.0600511
0.00408995
0.0620194
0.00465431
0.00139839
0.060676
0.00227483
0.00207896
0.0597543
0.00206654
0.00177488
0.058489
0.00177479
0.000689247
0.0574539
0.00152904
-0.000689493
0.0570604
0.00143434
-0.0017751
0.0574539
0.00152906
-0.00207912
0.058489
0.00177483
-0.00139847
0.0597543
0.00206659
0.060676
0.00227489
0.000710405
0.0599917
0.00112013
0.0010707
0.0595392
0.00104113
0.000925913
0.0588835
0.000925823
0.000362004
0.0583308
0.000827205
-0.00036225
0.0581175
0.000788856
-0.000926127
0.0583308
0.000827222
-0.00107086
0.0588835
0.00092586
-0.00071049
0.0595392
0.00104118
0.0599917
0.00112019
0.000362638
0.0596372
0.000554027
0.000550486
0.0594102
0.000524029
0.000479394
0.0590723
0.000479316
0.000188139
0.0587819
0.000440702
-0.000188383
0.0586689
0.000425613
-0.000479609
0.0587819
0.000440723
-0.000550643
0.0590723
0.000479353
-0.000362719
0.0594102
0.000524081
0.0596372
0.000554081
0.000185579
0.0594529
0.0002728
0.000282653
0.0593387
0.000262459
0.000246962
0.0591656
0.000246892
9.70715e-05
0.0590143
0.000233387
-9.7312e-05
0.0589549
0.000228105
-0.000247174
0.0590144
0.000233407
-0.000282808
0.0591656
0.000246929
-0.000185659
0.0593387
0.00026251
0.0594529
0.000272854
9.55474e-05
0.0593563
0.000128137
0.000145301
0.0593014
0.000127533
0.000126685
0.0592147
0.000126624
4.96862e-05
0.0591358
0.000125885
-4.99225e-05
0.0591038
0.000125635
-0.000126893
0.0591358
0.000125905
-0.000145453
0.0592148
0.000126661
-9.56246e-05
0.0593014
0.000127583
0.0593563
0.00012819
5.11055e-05
0.0593038
4.30622e-05
7.60763e-05
0.059286
5.16863e-05
6.46406e-05
0.0592483
6.45892e-05
2.48728e-05
0.0592051
7.5969e-05
-2.51031e-05
0.0591847
8.05916e-05
-6.48432e-05
0.0592051
7.59883e-05
-7.62244e-05
0.0592484
6.46254e-05
-5.1181e-05
0.059286
5.17345e-05
0.0593038
4.31143e-05
3.35319e-05
0.0592725
-3.27886e-05
4.46758e-05
0.0592935
-6.28756e-06
3.24708e-05
0.0592932
3.24296e-05
1.09638e-05
0.0592624
6.6406e-05
-1.11867e-05
0.0592392
8.04111e-05
-3.26669e-05
0.0592625
6.64246e-05
-4.4819e-05
0.0592932
3.24644e-05
-3.36048e-05
0.0592935
-6.24132e-06
0.0592725
-3.27392e-05
3.99645e-05
0.0592581
-0.00015826
4.04342e-05
0.0593512
-8.59572e-05
1.43626e-05
0.0593989
1.43317e-05
-2.10763e-08
0.0593573
0.000101522
-1.93074e-07
0.0593058
0.000138784
-1.45506e-05
0.0593573
0.000101539
-4.05714e-05
0.0593989
1.43648e-05
-4.00345e-05
0.0593512
-8.59129e-05
0.0592581
-0.000158212
8.64751e-05
0.0593079
-0.000457365
6.99629e-05
0.0595547
-0.00025516
-2.31745e-06
0.059683
-2.33775e-06
-1.8111e-05
0.0595962
0.000212888
1.7907e-05
0.0594604
0.00031144
2.13845e-06
0.0595962
0.000212905
-7.00932e-05
0.059683
-2.30635e-06
-8.65412e-05
0.0595548
-0.000255118
0.0593079
-0.00045732
0.000220879
0.059668
-0.0012696
0.000161959
0.0601646
-0.000662325
-3.7871e-05
0.0603972
-3.78804e-05
-6.40222e-05
0.0602335
0.000470807
6.38298e-05
0.0599332
0.000734255
3.77024e-05
0.0602335
0.000470822
-0.000162082
0.0603973
-3.78511e-05
-0.000220942
0.0601646
-0.000662286
0.0596681
-0.00126955
0.000527611
0.0611614
-0.00363282
0.000364976
0.0616797
-0.00160443
-0.00013133
0.0619044
-0.000131329
-0.000176742
0.0617378
0.000970172
0.000176563
0.0614055
0.00166985
0.000131173
0.0617378
0.00097019
-0.00036509
0.0619044
-0.000131302
-0.000527669
0.0616797
-0.00160439
0.0611615
-0.00363279
0.00100556
0.0641983
-0.0110084
0.000665035
0.0641965
-0.00332929
-0.00030407
0.0641939
-0.000304058
-0.000369448
0.0641915
0.00164656
0.000369283
0.0641907
0.0033149
0.000303926
0.0641915
0.00164657
-0.00066514
0.0641939
-0.000304033
-0.00100561
0.0641965
-0.00332926
0.0641983
-0.0110084
0.00100419
0.0672365
-0.0110102
0.000662947
0.0667139
-0.00333108
-0.000305901
0.0664828
-0.000305878
-0.000370166
0.0666436
0.00164471
0.000370017
0.0669737
0.00331304
0.000305771
0.0666436
0.00164472
-0.000663044
0.0664829
-0.000305855
-0.00100424
0.066714
-0.00333105
0.0672366
-0.0110102
0.000522881
0.0687349
-0.00363893
0.000357737
0.0682312
-0.00161061
-0.000137686
0.0679878
-0.000137651
-0.000179237
0.068142
0.000963731
0.000179105
0.0684386
0.00166336
0.000137571
0.0681421
0.000963742
-0.00035782
0.0679878
-0.000137631
-0.000522924
0.0682312
-0.00161059
0.068735
-0.0036389
0.000210555
0.0691059
-0.00128283
0.000146155
0.0688457
-0.000675788
-5.17501e-05
0.0686973
-5.17025e-05
-6.9477e-05
0.0687663
0.000456668
6.93625e-05
0.068895
0.000719989
5.16506e-05
0.0687663
0.000456677
-0.000146226
0.0686973
-5.16861e-05
-0.00021059
0.0688457
-0.000675766
0.069106
-0.0012828
6.56886e-05
0.0691775
-0.000483718
3.81422e-05
0.0690586
-0.00028211
-3.02675e-05
0.0689717
-3.02075e-05
-2.91103e-05
0.0689787
0.000184209
2.90158e-05
0.0690166
0.000282439
3.01858e-05
0.0689787
0.000184215
-3.8201e-05
0.0689717
-3.01941e-05
-6.57187e-05
0.0690586
-0.000282092
0.0691775
-0.000483697
-1.10614e-06
0.0692064
-0.000209512
-2.24359e-05
0.0691348
-0.000138734
-4.0859e-05
0.069058
-4.07858e-05
-2.17729e-05
0.0690212
4.43502e-05
2.16991e-05
0.0690179
8.08002e-05
4.07955e-05
0.0690212
4.43558e-05
2.23909e-05
0.0690581
-4.07755e-05
1.08347e-06
0.0691349
-0.00013872
0.0692064
-0.000209497
-4.72909e-05
0.0692604
-0.000131438
-7.90194e-05
0.0691788
-0.000108819
-7.61419e-05
0.0690645
-7.60549e-05
-3.18366e-05
0.068975
-4.72884e-05
3.17843e-05
0.0689433
-3.53356e-05
7.60974e-05
0.068975
-4.72846e-05
7.89882e-05
0.0690646
-7.6048e-05
4.7275e-05
0.0691789
-0.00010881
0.0692605
-0.000131426
-0.000107956
0.0693767
-0.000145258
-0.000167251
0.0692352
-0.000146506
-0.000148851
0.0690212
-0.00014875
-5.92379e-05
0.0688393
-0.000150574
5.92076e-05
0.0687694
-0.000151126
0.000148826
0.0688393
-0.000150572
0.000167234
0.0690213
-0.000148746
0.000107948
0.0692353
-0.000146501
0.0693768
-0.000145252
-0.000217988
0.0696147
-0.000227926
-0.000333991
0.0693401
-0.000253583
-0.000293191
0.068914
-0.000293077
-0.00011555
0.0685521
-0.000327226
0.000115542
0.0684135
-0.00034048
0.000293186
0.0685522
-0.000327225
0.000333988
0.0689141
-0.000293076
0.000217987
0.0693401
-0.000253583
0.0696148
-0.000227925
-0.000434107
0.0700952
-0.000391809
-0.000663748
0.0695521
-0.000465482
-0.000579714
0.0686785
-0.000579588
-0.000227378
0.0679614
-0.000677393
0.000227394
0.0676941
-0.000715113
0.000579729
0.0679616
-0.000677395
0.000663761
0.0686786
-0.000579591
0.000434115
0.0695521
-0.000465487
0.0700953
-0.000391813
-0.000867093
0.0710626
-0.000664175
-0.00132611
0.0700024
-0.000852917
-0.00115083
0.0681298
-0.0011507
-0.000447929
0.0667177
-0.00140092
0.000447969
0.0662198
-0.00149583
0.00115087
0.0667178
-0.00140092
0.00132615
0.0681299
-0.00115071
0.000867106
0.0700024
-0.000852927
0.0710627
-0.000664182
-0.00174478
0.0729942
-0.00105461
-0.00267894
0.0710529
-0.00152387
-0.00229715
0.0666599
-0.00229701
-0.000879428
0.0639455
-0.00292145
0.000879492
0.063087
-0.00315144
0.0022972
0.0639455
-0.00292146
0.00267898
0.06666
-0.00229701
0.00174479
0.071053
-0.00152388
0.0729942
-0.00105462
-0.00354947
0.0767191
-0.00145823
-0.00552844
0.0740245
-0.00258307
-0.00462805
0.061833
-0.0046279
-0.00170582
0.0570953
-0.00615322
0.00170591
0.0558628
-0.00668791
0.00462813
0.0570953
-0.00615322
0.0055285
0.0618331
-0.00462791
0.0035495
0.0740246
-0.00258309
0.0767192
-0.00145824
-0.00733793
0.0830122
-0.00139187
-0.0119183
0.0852638
-0.00386677
-0.00950029
0.0420984
-0.00950016
-0.00319446
0.03734
-0.0130696
0.00319458
0.0362767
-0.0142266
0.0095004
0.0373401
-0.0130696
0.0119184
0.0420984
-0.00950017
0.00733793
0.0852638
-0.00386678
0.0830123
-0.00139189
-0.0155371
0.0874977
0.000554231
-0.0281045
0.103741
-0.00361866
-0.0203243
-0.0203242
-0.00536096
-0.0278121
0.00536114
-0.0300008
0.0203245
-0.0278121
0.0281045
-0.0203242
0.0155371
0.103741
-0.00361867
0.0874977
0.000554215
0.00395771
0.0775626
0.00699581
0.10223
0.00787502
-0.00395772
0.10223
0.00787499
0.0775626
0.00699578
0.0467811
0.0457809
0.0156918
0.0769349
0.0618738
0.0262867
0.0583344
0.119815
0.0583345
0.0180378
0.110431
0.0738594
-0.0180377
0.107719
0.0783744
-0.0583343
0.110431
0.0738593
-0.0769349
0.119815
0.0583344
-0.0467811
0.0618738
0.0262866
0.0457808
0.0156918
0.0638513
0.020525
0.0991932
0.0338722
0.0671743
0.223688
0.0671744
0.0177251
0.201904
0.0785872
-0.017725
0.196319
0.081486
-0.0671742
0.201904
0.0785872
-0.0991931
0.223688
0.0671744
-0.0638513
0.0338721
0.0205249
0.0106602
0.246864
0.0106603
0.00625419
0.230533
0.0119456
-0.00625421
0.225744
0.012445
-0.0106602
0.230533
0.0119456
0.246864
0.0106603
0.00356363
0.231429
0.00356366
0.00213964
0.226214
0.00383525
-0.00213968
0.223994
0.00396027
-0.00356364
0.226214
0.00383524
0.231429
0.00356364
0.00118303
0.226423
0.00118305
0.000719405
0.224737
0.00124118
-0.00071944
0.223883
0.00127089
-0.00118305
0.224737
0.00124118
0.226423
0.00118305
0.000390956
0.224791
0.000390966
0.000239432
0.224242
0.000403523
-0.000239453
0.223937
0.000410378
-0.000390971
0.224241
0.000403523
0.224791
0.000390965
0.000128805
0.224257
0.00012881
7.9196e-05
0.224077
0.000131541
-7.9211e-05
0.223973
0.000133097
-0.000128817
0.224077
0.000131544
0.224257
0.000128815
4.23473e-05
0.224082
4.23501e-05
2.60971e-05
0.224023
4.29471e-05
-2.61e-05
0.223988
4.32963e-05
-4.23519e-05
0.224023
4.2948e-05
0.224082
4.23529e-05
1.39002e-05
0.224025
1.39015e-05
8.57698e-06
0.224005
1.40339e-05
-8.57987e-06
0.223994
1.41133e-05
-1.39046e-05
0.224005
1.40368e-05
0.224025
1.39082e-05
4.55684e-06
0.224006
4.5574e-06
2.81604e-06
0.224
4.58746e-06
-2.81166e-06
0.223996
4.60489e-06
-4.5561e-06
0.223999
4.58814e-06
0.224006
4.56037e-06
1.48976e-06
0.224
1.48998e-06
9.21135e-07
0.223997
1.49801e-06
-9.2093e-07
0.223996
1.50322e-06
-1.49158e-06
0.223997
1.50036e-06
0.224
1.49568e-06
4.83846e-07
0.223998
4.83913e-07
3.00585e-07
0.223997
4.85707e-07
-2.97447e-07
0.223997
4.86572e-07
-4.83159e-07
0.223997
4.8591e-07
0.223998
4.84876e-07
1.50732e-07
0.223997
1.50743e-07
9.23104e-08
0.223997
1.51078e-07
-9.58326e-08
0.223997
1.51797e-07
-1.53469e-07
0.223997
1.5224e-07
0.223997
1.53832e-07
3.54806e-08
3.54771e-08
2.20062e-08
3.48168e-08
-2.05661e-08
3.46374e-08
-3.3354e-08
3.46371e-08
3.53874e-08
0.0155117
0.0263334
0.0214664
0.0189202
0.0226172
0.0117274
0.0134171
0.0195122
0.00729184
0.00479471
0.0175475
0.00479461
-0.00479492
0.0168813
0.00398385
-0.0134172
0.0175475
0.00479463
-0.0189203
0.0195122
0.00729191
-0.0155118
0.0226172
0.0117274
0.0263334
0.0214665
0.0129109
0.0463967
0.0180047
0.0158489
0.0404976
0.00969329
0.0113386
0.0356108
0.00609349
0.00407552
0.0324982
0.00407542
-0.00407573
0.0314368
0.0034189
-0.0113388
0.0324982
0.00407544
-0.015849
0.0356108
0.00609351
-0.012911
0.0404976
0.00969332
0.0463968
0.0180048
0.00757521
0.0556519
0.00794354
0.0101006
0.0508507
0.00569904
0.0077949
0.0463717
0.00400043
0.00288297
0.0433464
0.00288287
-0.00288319
0.0422883
0.00249669
-0.00779508
0.0433464
0.00288289
-0.0101008
0.0463717
0.00400047
-0.00757527
0.0508507
0.00569907
0.0556519
0.00794357
0.00416238
0.0581527
0.00373749
0.00588308
0.0555149
0.00305161
0.00478738
0.0524911
0.00233835
0.0018133
0.0502602
0.0018132
-0.00181352
0.0494512
0.00162274
-0.00478757
0.0502602
0.00181322
-0.00588323
0.0524911
0.00233839
-0.00416246
0.0555149
0.00305167
0.0581527
0.00373755
0.00224252
0.0589468
0.00180946
0.00328207
0.0575624
0.0015777
0.00275832
0.0557548
0.00128938
0.00106168
0.05433
0.00106158
-0.0010619
0.053798
0.000976273
-0.00275852
0.05433
0.00106161
-0.00328222
0.0557548
0.00128943
-0.00224259
0.0575624
0.00157776
0.0589468
0.00180953
0.00119585
0.0592004
0.000887759
0.00178536
0.0584741
0.000803999
0.00152914
0.0574539
0.000689161
0.000594547
0.0566143
0.000594455
-0.000594768
0.0562944
0.000558266
-0.00152933
0.0566143
0.000594477
-0.00178551
0.0574539
0.000689204
-0.00119593
0.0584741
0.000804059
0.0592004
0.000887828
0.000632801
0.0592698
0.000438714
0.000955357
0.0588883
0.000407284
0.00082729
0.0583308
0.000361923
0.000323632
0.0578595
0.000323549
-0.000323856
0.0576774
0.000308706
-0.000827489
0.0578595
0.000323573
-0.000955504
0.0583308
0.000361967
-0.000632876
0.0588883
0.000407344
0.0592698
0.00043878
0.000332986
0.0592785
0.000217533
0.000505839
0.0590794
0.00020566
0.000440782
0.058782
0.000188066
0.000173036
0.0585262
0.000172961
-0.000173258
0.0584265
0.000167079
-0.000440978
0.0585262
0.000172984
-0.000505984
0.058782
0.00018811
-0.00033306
0.0590794
0.000205721
0.0592785
0.000217599
0.000175327
0.0592676
0.000107209
0.00026712
0.0591671
0.000103129
0.000233458
0.0590143
9.70071e-05
9.17798e-05
0.0588809
9.17139e-05
-9.20002e-05
0.0588284
8.96515e-05
-0.000233652
0.0588809
9.17373e-05
-0.000267263
0.0590143
9.70505e-05
-0.0001754
0.0591671
0.000103188
0.0592676
0.000107274
9.49652e-05
0.059245
5.01779e-05
0.000144424
0.0592032
4.99628e-05
0.000125946
0.0591358
4.96312e-05
4.94122e-05
0.0590736
4.93559e-05
-4.96282e-05
0.0590484
4.9265e-05
-0.000126137
0.0590736
4.93788e-05
-0.000144564
0.0591358
4.9674e-05
-9.50376e-05
0.0592032
5.00202e-05
0.059245
5.02411e-05
5.96979e-05
0.0591985
1.61239e-05
8.90804e-05
0.0592067
1.96408e-05
7.60206e-05
0.0592051
2.48278e-05
2.93826e-05
0.0591927
2.93364e-05
-2.95931e-05
0.0591852
3.11501e-05
-7.6206e-05
0.0591927
2.93585e-05
-8.92166e-05
0.0592051
2.48693e-05
-5.97679e-05
0.0592067
1.96965e-05
0.0591985
1.61856e-05
5.97008e-05
0.0590884
-1.57981e-05
8.3803e-05
0.0591775
-4.77083e-06
6.64474e-05
0.0592624
1.09291e-05
2.44013e-05
0.0593022
2.43655e-05
-2.46053e-05
0.0593097
2.97893e-05
-6.66269e-05
0.0593022
2.43869e-05
-8.39349e-05
0.0592624
1.0969e-05
-5.97687e-05
0.0591775
-4.71727e-06
0.0590884
-1.57392e-05
0.000109879
0.0588166
-7.3042e-05
0.00014239
0.0591039
-4.15641e-05
0.000101553
0.0593573
-4.52893e-08
3.44089e-05
0.0594766
3.43837e-05
-3.4605e-05
0.0595004
4.84744e-05
-0.000101725
0.0594766
3.4404e-05
-0.000142516
0.0593573
-7.24915e-09
-0.000109944
0.0591039
-4.15131e-05
0.0588167
-7.29854e-05
0.000272774
0.0581848
-0.000222349
0.00032931
0.0590009
-0.000126848
0.000212908
0.0595961
-1.81246e-05
6.66393e-05
0.059842
6.66252e-05
-6.68267e-05
0.0598816
0.000102193
-0.000213072
0.059842
6.66445e-05
-0.00032943
0.0595961
-1.80886e-05
-0.000272835
0.0590009
-0.0001268
0.0581849
-0.000222296
0.000724774
0.0570891
-0.000676587
0.000810177
0.0591164
-0.000350489
0.000470816
0.0602334
-6.4025e-05
0.000135263
0.0606199
0.00013526
-0.00013544
0.060663
0.000222374
-0.000470971
0.0606199
0.000135278
-0.00081029
0.0602334
-6.39913e-05
-0.000724831
0.0591164
-0.000350444
0.0570891
-0.000676536
0.00188527
0.0581943
-0.00221688
0.00191395
0.0606075
-0.000923418
0.00097017
0.0617378
-0.000176735
0.000251223
0.0620844
0.00025123
-0.000251388
0.0621111
0.000449804
-0.000970315
0.0620844
0.000251247
-0.00191406
0.0617378
-0.000176704
-0.00188532
0.0606075
-0.000923377
0.0581944
-0.00221683
0.00428405
0.064196
-0.00806828
0.00387336
0.0641943
-0.00211521
0.00164655
0.0641915
-0.00036943
0.000380246
0.0641892
0.000380265
-0.000380398
0.0641883
0.00075407
-0.00164668
0.0641892
0.00038028
-0.00387345
0.0641916
-0.000369401
-0.0042841
0.0641943
-0.00211517
0.0641961
-0.00806821
0.00428267
0.0701982
-0.00806897
0.00387124
0.0677806
-0.0021159
0.00164468
0.0666436
-0.000370136
0.000379516
0.0662911
0.000379546
-0.000379654
0.0662623
0.000753344
-0.0016448
0.0662911
0.000379559
-0.00387133
0.0666437
-0.000370111
-0.00428271
0.0677806
-0.00211587
0.0701982
-0.00806891
0.00188045
0.0713049
-0.00221926
0.00190657
0.0692702
-0.000925824
0.000963696
0.068142
-0.000179196
0.00024868
0.0677457
0.000248722
-0.000248802
0.0676989
0.000447275
-0.000963805
0.0677458
0.000248734
-0.00190665
0.068142
-0.000179173
-0.00188049
0.0692702
-0.000925794
0.0713049
-0.00221922
0.000714216
0.0702125
-0.000681755
0.000794015
0.0693826
-0.000355744
0.000456621
0.0687662
-6.94231e-05
0.000129682
0.0685019
0.000129735
-0.000129787
0.0684551
0.000216797
-0.000456712
0.0685019
0.000129745
-0.000794081
0.0687662
-6.94045e-05
-0.000714249
0.0693826
-0.00035572
0.0702125
-0.000681726
0.000251389
0.0695877
-0.000232669
0.00029657
0.0692734
-0.000137404
0.000184149
0.0689787
-2.90441e-05
5.53179e-05
0.0688231
5.53839e-05
-5.54051e-05
0.0687851
9.08221e-05
-0.000184224
0.0688231
5.53921e-05
-0.000296625
0.0689787
-2.9029e-05
-0.000251416
0.0692734
-0.000137384
0.0695878
-0.000232647
6.72833e-05
0.0693312
-9.31655e-05
7.71834e-05
0.0691883
-6.2288e-05
4.4277e-05
0.0690212
-2.16936e-05
1.18429e-05
0.0689094
1.19226e-05
-1.19111e-05
0.0688736
2.56886e-05
-4.43357e-05
0.0689094
1.19288e-05
-7.72252e-05
0.0690212
-2.16822e-05
-6.73043e-05
0.0691883
-6.22729e-05
0.0693313
-9.31491e-05
-2.50012e-05
0.0692542
-5.45966e-05
-4.58299e-05
0.0691382
-4.50972e-05
-4.73753e-05
0.068975
-3.17436e-05
-2.04564e-05
0.0688435
-2.03629e-05
2.04078e-05
0.0687947
-1.57527e-05
4.7334e-05
0.0688435
-2.03587e-05
4.58012e-05
0.068975
-3.1736e-05
2.4987e-05
0.0691382
-4.50874e-05
0.0692542
-5.45855e-05
-0.000109222
0.0692807
-5.80008e-05
-0.000169325
0.0691052
-5.83624e-05
-0.000150674
0.0688392
-5.91313e-05
-5.99264e-05
0.0686125
-5.98187e-05
5.98981e-05
0.0685251
-6.00463e-05
0.000150651
0.0686125
-5.98165e-05
0.00016931
0.0688392
-5.91273e-05
0.000109214
0.0691052
-5.83581e-05
0.0692808
-5.79952e-05
-0.000243585
0.0694225
-8.99597e-05
-0.000373126
0.0690818
-9.99846e-05
-0.00032734
0.0685521
-0.00011543
-0.000128929
0.0681027
-0.000128807
0.000128921
0.0679307
-0.000134006
0.000327335
0.0681027
-0.000128807
0.000373124
0.0685521
-0.00011543
0.000243585
0.0690819
-9.99853e-05
0.0694225
-8.99598e-05
-0.000507676
0.0697868
-0.00015407
-0.000776222
0.0690885
-0.000182792
-0.00067752
0.0679615
-0.000227246
-0.000265545
0.067038
-0.000265411
0.000265559
0.0666943
-0.000280148
0.000677534
0.067038
-0.000265413
0.000776234
0.0679615
-0.000227249
0.000507683
0.0690886
-0.000182797
0.0697868
-0.000154076
-0.00105612
0.0706584
-0.000260135
-0.00161571
0.0692355
-0.000333044
-0.00140106
0.0667177
-0.000447788
-0.000544721
0.0648142
-0.000544575
0.000544754
0.0641426
-0.000581381
0.00140109
0.0648142
-0.000544577
0.00161573
0.0667177
-0.000447794
0.00105614
0.0692356
-0.000333054
0.0706585
-0.000260145
-0.00221857
0.0726967
-0.000409838
-0.00340942
0.0699862
-0.000588007
-0.0029216
0.0639455
-0.000879281
-0.001117
0.0601268
-0.00111686
0.00111707
0.0589045
-0.00120486
0.00292165
0.0601268
-0.00111686
0.00340946
0.0639455
-0.000879286
0.00221859
0.0699863
-0.000588018
0.0726968
-0.000409852
-0.00470872
0.0772388
-0.000556631
-0.00734443
0.0733433
-0.000970389
-0.00615337
0.0570953
-0.00170567
-0.00226835
0.0502469
-0.0022682
0.00226844
0.0483847
-0.00246786
0.00615344
0.0502469
-0.00226821
0.00734448
0.0570952
-0.00170568
0.00470874
0.0733434
-0.000970407
0.0772389
-0.00055665
-0.0100275
0.0859536
-0.000501721
-0.0162913
0.0884779
-0.00135975
-0.0130697
0.03734
-0.00319431
-0.00443434
0.0303944
-0.00443419
0.00443445
0.0287197
-0.00484628
0.0130698
0.0303944
-0.00443419
0.0162914
0.03734
-0.00319432
0.0100276
0.0884779
-0.00135977
0.0859536
-0.000501742
-0.0209388
0.0939534
0.000297515
-0.0377026
0.114748
-0.000985519
-0.0278123
-0.00536084
-0.00766152
-0.00766139
0.00766168
-0.00836159
0.0278124
-0.0076614
0.0377027
-0.00536085
0.0209388
0.114748
-0.000985545
0.0939534
0.000297483
0.0045805
0.0852789
0.00271767
0.116252
0.00314266
-0.00458051
0.116252
0.00314261
0.0852788
0.00271761
0.0588796
0.0506496
0.00586956
0.0970744
0.0698761
0.0092483
0.0738593
0.110431
0.0180379
0.0229188
0.0967956
0.0229189
-0.0229187
0.0928027
0.0244069
-0.0738593
0.0967956
0.0229189
-0.0970744
0.110431
0.0180378
-0.0588796
0.0698761
0.00924822
0.0506495
0.00586952
0.0751168
0.0075592
0.115364
0.0114009
0.0785871
0.201904
0.0177252
0.0212087
0.174307
0.0212088
-0.0212086
0.167078
0.0222291
-0.0785871
0.174307
0.0212088
-0.115364
0.201904
0.0177252
-0.0751168
0.0114008
0.00755911
0.0119456
0.230533
0.00625429
0.00700029
0.211085
0.00700033
-0.00700031
0.205379
0.00729288
-0.0119456
0.211084
0.00700033
0.230533
0.00625427
0.00383522
0.226214
0.0021397
0.00230067
0.220377
0.00230072
-0.00230071
0.217914
0.00237528
-0.00383524
0.220377
0.00230071
0.226214
0.00213968
0.00124117
0.224737
0.000719437
0.000754365
0.222922
0.000754392
-0.0007544
0.22201
0.000772316
-0.00124119
0.222922
0.000754391
0.224737
0.00071943
0.000403513
0.224241
0.000239448
0.000247053
0.223665
0.00024707
-0.000247075
0.223348
0.000251239
-0.000403529
0.223665
0.000247069
0.224241
0.000239446
0.000131535
0.224077
7.92048e-05
8.08644e-05
0.223892
8.08733e-05
-8.08761e-05
0.223785
8.18255e-05
-0.000131545
0.223892
8.08763e-05
0.224077
7.92096e-05
4.29443e-05
0.224023
2.61014e-05
2.64633e-05
0.223963
2.64676e-05
-2.64644e-05
0.223927
2.66825e-05
-4.29468e-05
0.223963
2.64689e-05
0.224023
2.61035e-05
1.40325e-05
0.224005
8.57908e-06
8.65954e-06
0.223985
8.66163e-06
-8.65781e-06
0.223974
8.71121e-06
-1.4033e-05
0.223985
8.66486e-06
0.224005
8.58604e-06
4.5869e-06
0.223999
2.81695e-06
2.83456e-06
0.223993
2.83545e-06
-2.82848e-06
0.223989
2.84659e-06
-4.58376e-06
0.223993
2.83643e-06
0.223999
2.81923e-06
1.49779e-06
0.223997
9.21496e-07
9.27079e-07
0.223995
9.27427e-07
-9.22886e-07
0.223994
9.31138e-07
-1.4961e-06
0.223995
9.2997e-07
0.223997
9.27438e-07
4.85642e-07
0.223997
3.00697e-07
3.01695e-07
0.223996
3.018e-07
-2.97899e-07
0.223996
3.02444e-07
-4.84051e-07
0.223996
3.01964e-07
0.223997
3.01114e-07
1.51069e-07
0.223997
9.23295e-08
9.30634e-08
0.223997
9.30797e-08
-9.45936e-08
0.223997
9.37902e-08
-1.51953e-07
0.223997
9.4392e-08
0.223997
9.57489e-08
3.48206e-08
2.20026e-08
2.14612e-08
2.14572e-08
-2.04216e-08
2.15277e-08
-3.2769e-08
2.15822e-08
2.22449e-08
0.010907
0.0228341
-0.0214668
0.014358
0.0206487
-0.0117278
0.0108955
0.0184039
-0.00729226
0.00398396
0.0168813
-0.00479501
-0.00398414
0.0163518
-0.00398423
-0.0108956
0.0168813
-0.00479499
-0.014358
0.0184039
-0.00729224
-0.010907
0.0206487
-0.0117277
0.0228341
-0.0214667
0.00915346
0.0408554
-0.0180052
0.012147
0.0374201
-0.00969371
0.00930146
0.0338692
-0.00609391
0.00341901
0.0314368
-0.00407582
-0.00341919
0.0305859
-0.00341928
-0.0093016
0.0314368
-0.0040758
-0.0121471
0.0338692
-0.00609384
-0.00915352
0.0374201
-0.00969363
0.0408554
-0.0180051
0.0060449
0.0512289
-0.00794396
0.00837122
0.0481525
-0.00569946
0.00666993
0.0447327
-0.00400085
0.00249679
0.0422883
-0.00288327
-0.00249698
0.0414161
-0.00249707
-0.0066701
0.0422883
-0.00288325
-0.00837135
0.0447327
-0.00400081
-0.00604496
0.0481524
-0.00569938
0.0512289
-0.00794388
0.00359423
0.055833
-0.00373791
0.00516424
0.0538318
-0.00305205
0.00426033
0.0513425
-0.00233877
0.00162284
0.0494511
-0.0018136
-0.00162304
0.0487576
-0.00162312
-0.0042605
0.0494511
-0.00181358
-0.00516437
0.0513425
-0.00233873
-0.0035943
0.0538318
-0.00305199
0.055833
-0.00373785
0.00203147
0.057799
-0.00180988
0.00299348
0.0566331
-0.00157812
0.00253021
0.0550573
-0.0012898
0.000976369
0.053798
-0.00106198
-0.000976566
0.0533252
-0.000976647
-0.00253038
0.053798
-0.00106196
-0.00299361
0.0550573
-0.00128975
-0.00203153
0.0566331
-0.00157806
0.057799
-0.00180981
0.00111603
0.058635
-0.000888171
0.0016708
0.0579856
-0.000804411
0.00143443
0.0570604
-0.000689564
0.000558354
0.0562943
-0.00059484
-0.000558556
0.0560017
-0.000558629
-0.00143461
0.0562943
-0.000594818
-0.00167093
0.0570604
-0.000689521
-0.00111609
0.0579856
-0.000804356
0.058635
-0.000888107
0.000602184
0.0589899
-0.000439111
0.00091016
0.0586366
-0.000407682
0.000788943
0.0581175
-0.000362312
0.00030879
0.0576775
-0.000323922
-0.000308989
0.0575072
-0.000309057
-0.000789119
0.0576775
-0.000323899
-0.000910291
0.0581175
-0.000362269
-0.000602252
0.0586366
-0.000407624
0.0589899
-0.000439046
0.000321296
0.0591383
-0.000217914
0.000488309
0.0589503
-0.000206043
0.000425691
0.0586689
-0.000188439
0.000167154
0.0584266
-0.000173317
-0.000167353
0.058332
-0.000167414
-0.000425867
0.0584266
-0.000173294
-0.000488439
0.0586689
-0.000188395
-0.000321363
0.0589503
-0.000205984
0.0591384
-0.000217849
0.000171296
0.0591945
-0.00010757
0.000261027
0.0590995
-0.000103491
0.000228175
0.0589549
-9.73599e-05
8.97179e-05
0.0588284
-9.20501e-05
-8.99141e-05
0.0587785
-8.99665e-05
-0.000228348
0.0588284
-9.20277e-05
-0.000261155
0.0589549
-9.7317e-05
-0.000171362
0.0590995
-0.000103434
0.0591945
-0.000107506
9.4783e-05
0.0591992
-5.05171e-05
0.000144137
0.0591631
-5.03032e-05
0.000125695
0.0591038
-4.99616e-05
4.93214e-05
0.0590484
-4.96701e-05
-4.95144e-05
0.0590258
-4.95579e-05
-0.000125865
0.0590484
-4.96479e-05
-0.000144263
0.0591038
-4.99201e-05
-9.48487e-05
0.0591632
-5.02473e-05
0.0591993
-5.04554e-05
6.33236e-05
0.0591486
-1.64395e-05
9.44664e-05
0.05917
-1.99563e-05
8.06422e-05
0.0591848
-2.51337e-05
3.11964e-05
0.0591852
-2.96263e-05
-3.13847e-05
0.0591826
-3.14193e-05
-8.08081e-05
0.0591852
-2.96048e-05
-9.45886e-05
0.0591848
-2.50934e-05
-6.33867e-05
0.05917
-1.99023e-05
0.0591486
-1.6379e-05
7.12836e-05
0.0589767
1.55089e-05
0.00010053
0.0591102
4.48176e-06
8.04518e-05
0.0592393
-1.12085e-05
2.98252e-05
0.0593097
-2.46294e-05
-3.00077e-05
0.0593289
-3.00332e-05
-8.06122e-05
0.0593097
-2.46087e-05
-0.000100648
0.0592393
-1.11697e-05
-7.13451e-05
0.0591102
4.53386e-06
0.0589767
1.55668e-05
0.000144437
0.058448
7.27805e-05
0.00018937
0.0589201
4.13034e-05
0.000138815
0.0593058
-2.05992e-07
4.84997e-05
0.0595004
-3.46199e-05
-4.86753e-05
0.0595521
-4.86915e-05
-0.000138969
0.0595004
-3.46001e-05
-0.000189483
0.0593058
-1.68984e-07
-0.000144495
0.0589202
4.1353e-05
0.058448
7.28361e-05
0.000386197
0.0567098
0.000222117
0.000467652
0.0584492
0.000126618
0.000311459
0.0594604
1.7903e-05
0.000102208
0.0598816
-6.68323e-05
-0.000102376
0.0599819
-0.000102382
-0.000311607
0.0598816
-6.68135e-05
-0.00046776
0.0594604
1.79381e-05
-0.000386253
0.0584492
0.000126665
0.0567098
0.00022217
0.00115954
0.0502818
0.000676388
0.00126026
0.0576032
0.00035029
0.000734263
0.0599332
6.3835e-05
0.000222378
0.060663
-0.000135436
-0.000222536
0.0608125
-0.000222533
-0.0007344
0.060663
-0.000135419
-0.00126036
0.0599332
6.38677e-05
-0.00115959
0.0576032
0.000350334
0.0502818
0.000676439
0.00386122
0.0479176
0.00221671
0.00357976
0.0587224
0.000923252
0.00166984
0.0614055
0.000176577
0.000449797
0.0621111
-0.000251375
-0.000449945
0.0622407
-0.000449933
-0.00166997
0.0621111
-0.000251359
-0.00357986
0.0614056
0.000176607
-0.00386127
0.0587224
0.000923293
0.0479177
0.00221676
0.0396574
0.0641952
0.00806812
0.0108594
0.0641934
0.00211508
0.00331489
0.0641907
0.000369306
0.00075405
0.0641883
-0.000380376
-0.00075419
0.0641874
-0.000754165
-0.00331501
0.0641883
-0.000380361
-0.0108594
0.0641907
0.000369334
-0.0396575
0.0641934
0.00211512
0.0641952
0.00806819
0.0396561
0.0804727
0.00806888
0.0108572
0.0696635
0.00211581
0.00331302
0.0669737
0.000370049
0.000753318
0.0662622
-0.000379621
-0.000753442
0.0661303
-0.000753411
-0.00331313
0.0662622
-0.000379609
-0.0108573
0.0669737
0.000370074
-0.0396561
0.0696635
0.00211584
0.0804728
0.00806889
0.00385637
0.0781087
0.00221919
0.00357234
0.0707798
0.000925771
0.00166332
0.0684386
0.000179146
0.000447234
0.0676989
-0.00024876
-0.000447343
0.0675455
-0.000447302
-0.00166342
0.0676989
-0.000248749
-0.0035724
0.0684386
0.000179168
-0.0038564
0.0707798
0.000925796
0.0781087
0.00221923
0.00114889
0.0716811
0.000681735
0.00124396
0.0699276
0.000355729
0.000719942
0.0688951
6.94149e-05
0.000216743
0.0684551
-0.000129735
-0.000216838
0.0683475
-0.000216786
-0.000720023
0.0684551
-0.000129725
-0.00124402
0.0688951
6.9433e-05
-0.00114892
0.0699276
0.000355754
0.0716811
0.000681759
0.000364576
0.0699441
0.000232694
0.000434549
0.0694443
0.000137432
0.000282379
0.0690167
2.90782e-05
9.07555e-05
0.0687851
-5.53421e-05
-9.0835e-05
0.0687189
-9.07714e-05
-0.000282448
0.0687851
-5.53339e-05
-0.000434599
0.0690167
2.90932e-05
-0.000364601
0.0694444
0.000137451
0.0699441
0.000232716
0.00010124
0.0694196
9.3235e-05
0.000123241
0.069231
6.23615e-05
8.07269e-05
0.0690179
2.17725e-05
2.56088e-05
0.0688737
-1.18369e-05
-2.56709e-05
0.0688255
-2.55962e-05
-8.07808e-05
0.0688737
-1.18307e-05
-0.00012328
0.0690179
2.1784e-05
-0.000101259
0.0692311
6.23766e-05
0.0694196
9.32514e-05
-1.49422e-05
0.0692602
5.47119e-05
-3.14373e-05
0.0691278
4.52176e-05
-3.5422e-05
0.0689433
3.18691e-05
-1.58463e-05
0.0687948
2.04939e-05
1.58018e-05
0.0687393
1.58887e-05
3.5384e-05
0.0687948
2.04982e-05
3.14108e-05
0.0689433
3.18769e-05
1.49292e-05
0.0691278
4.52276e-05
0.0692603
5.4723e-05
-0.000109453
0.0692452
5.81637e-05
-0.000169842
0.0690559
5.85311e-05
-0.000151227
0.0687694
5.93042e-05
-6.01544e-05
0.0685251
5.99963e-05
6.01281e-05
0.068431
6.02272e-05
0.000151205
0.0685251
5.99985e-05
0.000169828
0.0687694
5.93087e-05
0.000109446
0.0690559
5.85359e-05
0.0692453
5.81693e-05
-0.000253487
0.0693484
9.01698e-05
-0.000388288
0.0689825
0.000100201
-0.000340594
0.0684135
0.00011565
-0.000134128
0.0679307
0.000129031
0.00013412
0.067746
0.000134232
0.000340588
0.0679307
0.000129031
0.000388285
0.0684135
0.000115651
0.000253487
0.0689825
0.000100201
0.0693485
9.01702e-05
-0.000536009
0.0696692
0.000154326
-0.000819548
0.0689138
0.000183054
-0.000715238
0.0676941
0.000227512
-0.000280282
0.0666942
0.00026568
0.000280293
0.0663219
0.000280416
0.000715249
0.0666942
0.000265678
0.000819558
0.0676941
0.00022751
0.000536014
0.0689138
0.00018305
0.0696693
0.000154322
-0.00112766
0.0705103
0.000260432
-0.0017253
0.0689598
0.000333348
-0.00149596
0.0662198
0.000448095
-0.000581522
0.0641426
0.000544885
0.000581553
0.0634086
0.000581689
0.00149598
0.0641426
0.000544883
0.00172532
0.0662199
0.00044809
0.00112767
0.0689598
0.000333341
0.0705104
0.000260424
-0.00239239
0.0726058
0.000410172
-0.00367724
0.0696438
0.000588348
-0.00315158
0.063087
0.000879624
-0.00120501
0.0589045
0.0011172
0.00120507
0.057559
0.0012052
0.00315163
0.0589045
0.0011172
0.00367727
0.0630871
0.000879614
0.00239241
0.0696438
0.000588337
0.0726058
0.00041016
-0.00511228
0.0774814
0.000556994
-0.00797529
0.0732376
0.000970761
-0.00668805
0.0558628
0.00170604
-0.00246802
0.0483847
0.00226858
0.0024681
0.0463276
0.00246824
0.00668813
0.0483847
0.00226857
0.00797534
0.0558628
0.00170603
0.00511231
0.0732376
0.000970748
0.0774814
0.00055698
-0.0108885
0.0870858
0.000502109
-0.0176853
0.089751
0.00136015
-0.0142267
0.0362767
0.00319471
-0.00484643
0.0287197
0.00443459
0.00484654
0.0268677
0.00484668
0.0142268
0.0287197
0.00443458
0.0176854
0.0362767
0.0031947
0.0108886
0.0897511
0.00136013
0.0870858
0.000502083
-0.0224785
0.0962892
-0.000297113
-0.0404387
0.118477
0.000985931
-0.030001
0.00536126
-0.00836172
0.00766181
0.00836183
0.00836201
0.0300011
0.0076618
0.0404388
0.00536125
0.0224785
0.118477
0.000985895
0.0962891
-0.000297151
0.00480769
0.0879762
-0.00271725
0.120722
-0.00314224
-0.0048077
0.120722
-0.00314229
0.0879761
-0.00271731
0.0623282
0.052312
-0.00586914
0.102774
0.0722847
-0.0092479
0.0783738
0.107719
-0.0180375
0.0244068
0.0928027
-0.0229186
-0.0244067
0.088427
-0.0244066
-0.0783738
0.0928027
-0.0229186
-0.102774
0.107719
-0.0180376
-0.0623282
0.0722847
-0.00924798
0.0523119
-0.00586923
0.077859
-0.0075588
0.119167
-0.0114005
0.081486
0.196319
-0.0177249
0.022229
0.167078
-0.0212085
-0.022229
0.159351
-0.0222289
-0.081486
0.167078
-0.0212085
-0.119167
0.196319
-0.017725
-0.077859
-0.0114006
-0.00755884
0.0124449
0.225744
-0.00625416
0.00729278
0.205379
-0.00700022
-0.00729287
0.19937
-0.00729277
-0.012445
0.205379
-0.00700022
0.225744
-0.00625418
0.00396023
0.223994
-0.00213963
0.00237522
0.217914
-0.00230067
-0.00237528
0.215349
-0.00237523
-0.00396027
0.217914
-0.00230067
0.223994
-0.00213965
0.00127087
0.223883
-0.000719413
0.000772285
0.222009
-0.000754373
-0.000772325
0.221068
-0.000772299
-0.0012709
0.222009
-0.000754374
0.223883
-0.000719415
0.000410368
0.223937
-0.000239436
0.000251223
0.223348
-0.000247059
-0.000251244
0.223022
-0.000251228
-0.000410385
0.223348
-0.000247061
0.223937
-0.000239441
0.000133092
0.223973
-7.92022e-05
8.18166e-05
0.223784
-8.08672e-05
-8.18254e-05
0.223675
-8.18165e-05
-0.0001331
0.223785
-8.08662e-05
0.223973
-7.92004e-05
4.32936e-05
0.223988
-2.60956e-05
2.66781e-05
0.223927
-2.64601e-05
-2.6678e-05
0.223891
-2.66736e-05
-4.32955e-05
0.223927
-2.64598e-05
0.223988
-2.60956e-05
1.41119e-05
0.223994
-8.57777e-06
8.70912e-06
0.223973
-8.65567e-06
-8.70418e-06
0.223962
-8.70209e-06
-1.41099e-05
0.223973
-8.65334e-06
0.223994
-8.57281e-06
4.60431e-06
0.223996
-2.8107e-06
2.84568e-06
0.223989
-2.82753e-06
-2.83868e-06
0.223985
-2.83774e-06
-4.60074e-06
0.223989
-2.82692e-06
0.223996
-2.80932e-06
1.503e-06
0.223996
-9.20534e-07
9.30787e-07
0.223994
-9.22498e-07
-9.24153e-07
0.223993
-9.23777e-07
-1.49926e-06
0.223994
-9.20445e-07
0.223996
-9.15677e-07
4.86501e-07
0.223997
-2.97308e-07
3.02337e-07
0.223995
-2.97765e-07
-2.98487e-07
0.223996
-2.9836e-07
-4.84998e-07
0.223996
-2.97902e-07
0.223997
-2.97028e-07
1.51785e-07
0.223997
-9.5797e-08
9.37733e-08
0.223997
-9.45583e-08
-9.38747e-08
0.223996
-9.38433e-08
-1.51357e-07
0.223997
-9.3252e-08
0.223997
-9.23576e-08
3.46406e-08
-2.05622e-08
2.15317e-08
-2.04173e-08
-2.01403e-08
-2.01376e-08
-3.24387e-08
-2.00036e-08
-1.90848e-08
0.0155117
0.0263334
-0.0526006
0.0189202
0.0226172
-0.0319135
0.0134171
0.0195122
-0.0211365
0.00479473
0.0175475
-0.0134173
-0.0047949
0.0168813
-0.0108957
-0.0134172
0.0175475
-0.0134173
-0.0189203
0.0195122
-0.0211365
-0.0155118
0.0226172
-0.0319134
0.0263334
-0.0526006
0.0129109
0.0463967
-0.0439261
0.0158489
0.0404976
-0.0263292
0.0113386
0.0356108
-0.0175942
0.00407554
0.0324982
-0.0113389
-0.00407571
0.0314368
-0.00930169
-0.0113388
0.0324982
-0.0113389
-0.015849
0.0356108
-0.0175941
-0.012911
0.0404976
-0.0263291
0.0463968
-0.043926
0.00757521
0.0556519
-0.0202208
0.0101006
0.0508506
-0.0152052
0.00779491
0.0463717
-0.0109901
0.00288299
0.0433464
-0.00779515
-0.00288316
0.0422883
-0.00667016
-0.00779506
0.0433464
-0.00779513
-0.0101007
0.0463717
-0.0109901
-0.00757527
0.0508507
-0.0152052
0.0556519
-0.0202207
0.00416239
0.0581527
-0.00962115
0.00588309
0.0555149
-0.00800959
0.00478739
0.0524911
-0.00621463
0.00181332
0.0502602
-0.00478763
-0.00181349
0.0494512
-0.00426056
-0.00478755
0.0502602
-0.00478761
-0.00588321
0.0524911
-0.0062146
-0.00416245
0.0555149
-0.00800954
0.0581527
-0.00962112
0.00224252
0.0589468
-0.00465462
0.00328208
0.0575624
-0.00409027
0.00275834
0.0557548
-0.00335971
0.0010617
0.05433
-0.00275857
-0.00106188
0.053798
-0.00253044
-0.00275849
0.05433
-0.00275855
-0.0032822
0.0557548
-0.00335968
-0.00224258
0.0575624
-0.00409022
0.0589468
-0.00465456
0.00119585
0.0592004
-0.00227519
0.00178537
0.0584741
-0.0020669
0.00152915
0.0574539
-0.00177515
0.000594565
0.0566143
-0.00152938
-0.000594745
0.0562944
-0.00143466
-0.00152931
0.0566143
-0.00152936
-0.00178548
0.0574539
-0.00177511
-0.00119591
0.0584741
-0.00206686
0.0592004
-0.00227514
0.000632803
0.0592698
-0.00112048
0.000955364
0.0588883
-0.00104147
0.000827305
0.0583308
-0.000926167
0.000323655
0.0578595
-0.000827531
-0.000323831
0.0576775
-0.000789167
-0.000827466
0.0578595
-0.00082751
-0.000955484
0.0583308
-0.000926131
-0.000632863
0.0588883
-0.00104143
0.0592698
-0.00112042
0.000332988
0.0592785
-0.000554359
0.000505848
0.0590794
-0.000524364
0.000440798
0.058782
-0.000479643
0.000173058
0.0585262
-0.000441016
-0.000173233
0.0584266
-0.000425908
-0.000440954
0.0585262
-0.000440997
-0.000505963
0.058782
-0.000479606
-0.000333048
0.0590794
-0.000524315
0.0592785
-0.000554305
0.000175329
0.0592676
-0.000273115
0.000267129
0.0591671
-0.000262777
0.000233474
0.0590143
-0.000247202
9.18017e-05
0.0588809
-0.000233683
-9.19758e-05
0.0588284
-0.000228384
-0.000233628
0.0588809
-0.000233665
-0.000267243
0.0590143
-0.000247165
-0.000175388
0.0591671
-0.000262729
0.0592676
-0.000273062
9.49677e-05
0.059245
-0.000128433
0.000144434
0.0592032
-0.000127832
0.000125963
0.0591358
-0.000126915
4.94336e-05
0.0590737
-0.000126162
-4.96044e-05
0.0590484
-0.000125894
-0.000126114
0.0590737
-0.000126143
-0.000144545
0.0591358
-0.000126879
-9.50257e-05
0.0592032
-0.000127785
0.059245
-0.000128382
5.97007e-05
0.0591985
-4.3338e-05
8.90898e-05
0.0592067
-5.19634e-05
7.60368e-05
0.0592051
-6.48586e-05
2.94034e-05
0.0591928
-7.62249e-05
-2.95702e-05
0.0591852
-8.08298e-05
-7.61839e-05
0.0591928
-7.62067e-05
-8.91982e-05
0.0592051
-6.48244e-05
-5.97567e-05
0.0592067
-5.19177e-05
0.0591985
-4.32872e-05
5.97036e-05
0.0590884
3.25362e-05
8.38123e-05
0.0591775
6.03373e-06
6.64632e-05
0.0592624
-3.26759e-05
2.44214e-05
0.0593023
-6.66391e-05
-2.45833e-05
0.0593097
-8.06269e-05
-6.66059e-05
0.0593023
-6.66215e-05
-8.39177e-05
0.0592624
-3.26429e-05
-5.97585e-05
0.0591776
6.07772e-06
0.0590884
3.25847e-05
0.000109882
0.0588167
0.000158032
0.000142399
0.059104
8.5728e-05
0.000101568
0.0593573
-1.45532e-05
3.44281e-05
0.0594766
-0.000101731
-3.45841e-05
0.0595004
-0.000138977
-0.000101705
0.0594766
-0.000101714
-0.0001425
0.0593573
-1.45216e-05
-0.000109934
0.059104
8.57702e-05
0.0588167
0.000158079
0.000272776
0.0581849
0.000457163
0.000329318
0.0590009
0.000254957
0.000212922
0.0595962
2.1422e-06
6.66576e-05
0.059842
-0.000213071
-6.68069e-05
0.0598816
-0.000311607
-0.000213053
0.059842
-0.000213054
-0.000329415
0.0595962
2.17225e-06
-0.000272827
0.0590009
0.000254997
0.0581849
0.000457207
0.000724777
0.0570891
0.00126942
0.000810186
0.0591164
0.00066215
0.00047083
0.0602335
3.77128e-05
0.000135281
0.0606199
-0.000470963
-0.000135422
0.0606631
-0.000734398
-0.000470954
0.0606199
-0.000470948
-0.000810277
0.0602335
3.77408e-05
-0.000724824
0.0591165
0.000662188
0.0570892
0.00126947
0.00188527
0.0581943
0.00363268
0.00191396
0.0606075
0.00160428
0.000970188
0.0617378
0.000131189
0.000251239
0.0620845
-0.000970302
-0.000251371
0.0621111
-0.00166996
-0.000970301
0.0620845
-0.00097029
-0.00191404
0.0617378
0.000131216
-0.00188532
0.0606075
0.00160432
0.0581944
0.00363272
0.00428405
0.0641961
0.0110083
0.00387336
0.0641943
0.00332918
0.00164656
0.0641916
0.000303949
0.000380261
0.0641892
-0.00164666
-0.000380383
0.0641883
-0.00331499
-0.00164667
0.0641893
-0.00164664
-0.00387344
0.0641916
0.000303973
-0.00428409
0.0641943
0.00332921
0.0641961
0.0110084
0.00428267
0.0701982
0.0110101
0.00387125
0.0677806
0.003331
0.00164469
0.0666437
0.0003058
0.000379529
0.0662911
-0.00164478
-0.00037964
0.0662623
-0.0033131
-0.00164479
0.0662912
-0.00164477
-0.00387132
0.0666437
0.000305822
-0.00428271
0.0677806
0.00333103
0.0701982
0.0110101
0.00188045
0.0713049
0.00363888
0.00190658
0.0692702
0.00161057
0.000963707
0.068142
0.000137607
0.000248692
0.0677458
-0.00096377
-0.00024879
0.0676989
-0.00166338
-0.000963795
0.0677458
-0.00096376
-0.00190665
0.0681421
0.000137626
-0.00188049
0.0692702
0.00161059
0.0713049
0.0036389
0.000714219
0.0702125
0.00128281
0.000794022
0.0693826
0.000675774
0.00045663
0.0687662
5.16942e-05
0.000129692
0.0685019
-0.000456669
-0.000129777
0.0684551
-0.000719979
-0.000456704
0.0685019
-0.00045666
-0.000794076
0.0687663
5.17101e-05
-0.000714247
0.0693827
0.000675796
0.0702125
0.00128283
0.000251392
0.0695878
0.000483738
0.000296577
0.0692734
0.000282133
0.000184156
0.0689787
3.02363e-05
5.53261e-05
0.0688231
-0.000184173
-5.53974e-05
0.0687851
-0.000282395
-0.000184218
0.0688232
-0.000184165
-0.000296621
0.0689788
3.02498e-05
-0.000251415
0.0692735
0.000282151
0.0695878
0.000483758
6.72867e-05
0.0693313
0.000209572
7.7189e-05
0.0691883
0.000138797
4.42836e-05
0.0690213
4.08538e-05
1.18495e-05
0.0689094
-4.42761e-05
-1.19056e-05
0.0688737
-8.07201e-05
-4.4332e-05
0.0689095
-4.42705e-05
-7.72237e-05
0.0690213
4.08643e-05
-6.73045e-05
0.0691884
0.000138811
0.0693313
0.000209587
-2.49975e-05
0.0692542
0.000131537
-4.58247e-05
0.0691382
0.000108923
-4.73699e-05
0.068975
7.61638e-05
-2.04516e-05
0.0688435
4.74023e-05
2.04112e-05
0.0687948
3.5454e-05
4.73354e-05
0.0688436
4.74064e-05
4.58005e-05
0.0689751
7.61712e-05
2.49856e-05
0.0691383
0.000108933
0.0692543
0.000131548
-0.000109218
0.0692808
0.000145399
-0.00016932
0.0691052
0.000146652
-0.00015067
0.0688392
0.0001489
-5.99233e-05
0.0686125
0.000150728
5.98992e-05
0.0685252
0.000151284
0.00015065
0.0686125
0.000150731
0.000169307
0.0688393
0.000148905
0.000109211
0.0691053
0.000146657
0.0692808
0.000145405
-0.000243581
0.0694225
0.000228108
-0.000373122
0.0690818
0.000253771
-0.000327336
0.0685521
0.000293269
-0.000128927
0.0681027
0.000327421
0.00012892
0.0679308
0.000340677
0.000327331
0.0681027
0.000327422
0.000373119
0.0685522
0.000293271
0.000243581
0.0690819
0.000253773
0.0694226
0.00022811
-0.000507672
0.0697868
0.000392031
-0.000776218
0.0690886
0.000465711
-0.000677518
0.0679615
0.000579819
-0.000265545
0.0670381
0.000677628
0.000265556
0.0666943
0.000715347
0.000677528
0.0670381
0.000677628
0.000776227
0.0679615
0.000579819
0.000507677
0.0690886
0.00046571
0.0697869
0.000392029
-0.00105612
0.0706584
0.000664433
-0.0016157
0.0692355
0.000853179
-0.00140106
0.0667177
0.00115097
-0.000544722
0.0648142
0.00140119
0.000544748
0.0641426
0.0014961
0.00140108
0.0648143
0.00140119
0.00161572
0.0667178
0.00115097
0.00105613
0.0692356
0.000853177
0.0706585
0.000664429
-0.00221857
0.0726967
0.0010549
-0.00340942
0.0699863
0.00152417
-0.0029216
0.0639455
0.00229731
-0.00111701
0.0601268
0.00292176
0.00111706
0.0589045
0.00315174
0.00292165
0.0601268
0.00292175
0.00340945
0.0639456
0.0022973
0.00221859
0.0699863
0.00152416
0.0726968
0.0010549
-0.00470872
0.0772388
0.00145854
-0.00734443
0.0733434
0.0025834
-0.00615337
0.0570953
0.00462823
-0.00226835
0.0502468
0.00615355
0.00226843
0.0483847
0.00668823
0.00615343
0.0502468
0.00615354
0.00734447
0.0570953
0.00462822
0.00470874
0.0733434
0.00258339
0.0772388
0.00145853
-0.0100275
0.0859536
0.00139221
-0.0162913
0.0884779
0.00386712
-0.0130697
0.03734
0.00950051
-0.00443434
0.0303944
0.0130699
0.00443444
0.0287197
0.0142269
0.0130698
0.0303944
0.0130699
0.0162914
0.03734
0.0095005
0.0100276
0.0884779
0.0038671
0.0859536
0.00139219
-0.0209388
0.0939534
-0.000553883
-0.0377026
0.114748
0.00361902
-0.0278123
0.0203246
-0.00766152
0.0278125
0.00766163
0.0300012
0.0278124
0.0278125
0.0377027
0.0203246
0.0209388
0.114748
0.00361898
0.0939534
-0.000553919
0.00458051
0.0852789
-0.00699545
0.116252
-0.00787465
-0.00458051
0.116252
-0.0078747
0.0852788
-0.0069955
0.0588796
0.0506496
-0.0156915
0.0970744
0.0698761
-0.0262863
0.0738593
0.110431
-0.0583341
0.0229187
0.0967956
-0.0738592
-0.0229188
0.0928022
-0.0783737
-0.0738593
0.0967956
-0.0738592
-0.0970744
0.110431
-0.0583342
-0.0588796
0.0698761
-0.0262864
0.0506495
-0.0156915
0.0751168
-0.0205247
0.115364
-0.0338718
0.0785871
0.201904
-0.0671741
0.0212086
0.174307
-0.078587
-0.0212087
0.167077
-0.0814859
-0.0785871
0.174307
-0.078587
-0.115364
0.201904
-0.0671742
-0.0751167
-0.0338719
-0.0205247
0.0119456
0.230533
-0.0106602
0.00700023
0.211084
-0.0119455
-0.00700032
0.205379
-0.0124449
-0.0119456
0.211084
-0.0119455
0.230533
-0.0106602
0.00383521
0.226214
-0.00356362
0.00230066
0.220377
-0.00383521
-0.00230072
0.217914
-0.00396024
-0.00383525
0.220377
-0.00383521
0.226214
-0.00356362
0.00124116
0.224737
-0.00118304
0.000754359
0.222922
-0.00124118
-0.000754401
0.22201
-0.00127088
-0.00124119
0.222922
-0.00124118
0.224737
-0.00118304
0.000403513
0.224241
-0.000390961
0.000247053
0.223665
-0.00040352
-0.000247077
0.223348
-0.000410376
-0.000403532
0.223665
-0.000403522
0.224241
-0.000390967
0.000131538
0.224077
-0.000128812
8.08675e-05
0.223892
-0.00013154
-8.08745e-05
0.223785
-0.000133094
-0.000131545
0.223892
-0.00013154
0.224077
-0.000128812
4.29453e-05
0.224023
-4.23491e-05
2.64645e-05
0.223963
-4.2944e-05
-2.64641e-05
0.223927
-4.32928e-05
-4.29474e-05
0.223963
-4.29447e-05
0.224023
-4.235e-05
1.40354e-05
0.224005
-1.39032e-05
8.66277e-06
0.223985
-1.40316e-05
-8.65543e-06
0.223974
-1.41086e-05
-1.40316e-05
0.223985
-1.40303e-05
0.224005
-1.39002e-05
4.58755e-06
0.223999
-4.55546e-06
2.83552e-06
0.223993
-4.58311e-06
-2.82785e-06
0.223989
-4.60011e-06
-4.58368e-06
0.223993
-4.58307e-06
0.223999
-4.55418e-06
1.50013e-06
0.223997
-1.49129e-06
9.29617e-07
0.223995
-1.49581e-06
-9.20813e-07
0.223994
-1.499e-06
-1.49463e-06
0.223995
-1.49438e-06
0.223997
-1.4876e-06
4.85835e-07
0.223997
-4.83046e-07
3.01853e-07
0.223996
-4.83935e-07
-2.98024e-07
0.223996
-4.84893e-07
-4.84391e-07
0.223996
-4.84297e-07
0.223997
-4.82352e-07
1.52227e-07
0.223997
-1.5343e-07
9.43736e-08
0.223997
-1.51911e-07
-9.32804e-08
0.223997
-1.51321e-07
-1.50749e-07
0.223997
-1.5072e-07
0.223997
-1.50149e-07
3.46403e-08
-3.33442e-08
2.15859e-08
-3.27582e-08
-2.00052e-08
-3.24305e-08
-3.23043e-08
-3.22989e-08
-3.09248e-08
0.0598205
0.0398186
-0.0630963
0.0354652
0.0287112
-0.0477733
0.0211363
0.0228938
-0.0354654
0.00729201
0.0195122
-0.0189203
-0.00729214
0.0184039
-0.0143581
-0.0211364
0.0195122
-0.0189203
-0.0354653
0.0228938
-0.0354654
-0.0598206
0.0287112
-0.0477733
0.0398187
-0.0630962
0.0543762
0.0686454
-0.0524745
0.0296761
0.0500901
-0.0396421
0.0175939
0.0409158
-0.0296763
0.00609361
0.0356108
-0.0158491
-0.00609374
0.0338692
-0.0121472
-0.017594
0.0356108
-0.0158491
-0.0296762
0.0409158
-0.0296763
-0.0543763
0.0500901
-0.0396421
0.0686454
-0.0524745
0.0122325
0.0716302
-0.0244073
0.0151305
0.0589155
-0.0199822
0.0109899
0.0511988
-0.0151307
0.00400057
0.0463717
-0.0101008
-0.00400072
0.0447327
-0.00837139
-0.01099
0.0463717
-0.0101008
-0.0151306
0.0511988
-0.0151307
-0.0122325
0.0589155
-0.0199822
0.0716302
-0.0244072
0.00567925
0.0648168
-0.011483
0.00780182
0.0602008
-0.00987418
0.00621439
0.0557027
-0.00780199
0.00233849
0.0524911
-0.00588326
-0.00233864
0.0513425
-0.0051644
-0.00621453
0.0524911
-0.00588324
-0.00780192
0.0557028
-0.00780196
-0.0056793
0.0602007
-0.00987415
0.0648168
-0.011483
0.0027833
0.0620194
-0.00547653
0.00402969
0.0600512
-0.00487264
0.00335948
0.057634
-0.00402985
0.00128952
0.0557548
-0.00328225
-0.00128968
0.0550573
-0.00299364
-0.00335962
0.0557548
-0.00328223
-0.00402979
0.057634
-0.00402983
-0.00278336
0.0600511
-0.0048726
0.0620194
-0.0054765
0.00139839
0.060676
-0.00264578
0.00207897
0.0597544
-0.00241493
0.00177492
0.0584891
-0.00207914
0.00068929
0.0574539
-0.00178553
-0.000689445
0.0570604
-0.00167097
-0.00177505
0.0574539
-0.00178552
-0.00207908
0.0584891
-0.00207911
-0.00139845
0.0597544
-0.0024149
0.060676
-0.00264574
0.000710409
0.0599917
-0.00129224
0.00107071
0.0595392
-0.00120323
0.000925941
0.0588836
-0.00107088
0.000362045
0.0583308
-0.000955526
-0.000362203
0.0581175
-0.000910318
-0.000926082
0.0583308
-0.00095551
-0.00107082
0.0588836
-0.00107085
-0.000710462
0.0595392
-0.0012032
0.0599917
-0.0012922
0.000362641
0.0596373
-0.00063591
0.000550501
0.0594102
-0.000601876
0.000479425
0.0590723
-0.000550658
0.00018818
0.058782
-0.000506004
-0.000188337
0.0586689
-0.000488463
-0.000479564
0.058782
-0.00050599
-0.000550605
0.0590723
-0.000550632
-0.000362695
0.0594103
-0.000601842
0.0596373
-0.000635874
0.000185583
0.059453
-0.000312422
0.000282669
0.0593387
-0.000300645
0.000246992
0.0591656
-0.00028282
9.71116e-05
0.0590144
-0.000267279
-9.72669e-05
0.0589549
-0.000261175
-0.00024713
0.0590144
-0.000267265
-0.00028277
0.0591656
-0.000282793
-0.000185635
0.0593388
-0.00030061
0.059453
-0.000312386
9.55508e-05
0.0593564
-0.000147351
0.000145317
0.0593014
-0.000146586
0.000126715
0.0592148
-0.000145461
4.97259e-05
0.0591358
-0.000144577
-4.98782e-05
0.0591038
-0.000144279
-0.00012685
0.0591358
-0.000144562
-0.000145417
0.0592148
-0.000145435
-9.5603e-05
0.0593014
-0.000146553
0.0593564
-0.000147317
5.11099e-05
0.0593038
-5.23773e-05
7.60929e-05
0.059286
-6.1817e-05
6.46705e-05
0.0592484
-7.62287e-05
2.49114e-05
0.0592051
-8.92247e-05
-2.50602e-05
0.0591848
-9.45998e-05
-6.48018e-05
0.0592051
-8.92112e-05
-7.619e-05
0.0592484
-7.62034e-05
-5.11602e-05
0.059286
-6.17837e-05
0.0593038
-5.23426e-05
3.35362e-05
0.0592725
2.64544e-05
4.46922e-05
0.0592936
-1.89271e-06
3.25e-05
0.0592932
-4.48197e-05
1.10011e-05
0.0592624
-8.3939e-05
-1.11456e-05
0.0592393
-0.000100655
-3.26274e-05
0.0592624
-8.39259e-05
-4.47868e-05
0.0592933
-4.47954e-05
-3.35859e-05
0.0592936
-1.86117e-06
0.0592725
2.64872e-05
3.99696e-05
0.0592582
0.000141962
4.04506e-05
0.0593513
6.86069e-05
1.43907e-05
0.0593989
-4.05683e-05
1.47226e-08
0.0593573
-0.000142516
-1.53997e-07
0.0593058
-0.000189485
-1.45134e-05
0.0593573
-0.000142504
-4.05411e-05
0.059399
-4.05447e-05
-4.00165e-05
0.0593513
6.8638e-05
0.0592582
0.000141995
8.64798e-05
0.0593079
0.000381296
6.99787e-05
0.0595548
0.000195948
-2.2904e-06
0.0596831
-7.00869e-05
-1.80769e-05
0.0595962
-0.000329426
1.79438e-05
0.0594604
-0.000467758
2.17325e-06
0.0595962
-0.000329414
-7.00654e-05
0.0596831
-7.00645e-05
-8.65254e-05
0.0595548
0.000195977
0.0593079
0.000381326
0.000220885
0.0596681
0.000918728
0.000161974
0.0601646
0.000456249
-3.78451e-05
0.0603973
-0.000162071
-6.399e-05
0.0602335
-0.000810282
6.3864e-05
0.0599332
-0.00126036
3.77343e-05
0.0602335
-0.000810271
-0.000162056
0.0603973
-0.00016205
-0.000220927
0.0601646
0.000456277
0.0596681
0.00091876
0.000527617
0.0611615
0.00206467
0.000364991
0.0616798
0.000947259
-0.000131306
0.0619045
-0.000365076
-0.000176713
0.0617378
-0.00191404
0.000176595
0.0614056
-0.00357985
0.000131202
0.0617378
-0.00191403
-0.000365068
0.0619045
-0.000365056
-0.000527657
0.0616798
0.000947284
0.0611615
0.0020647
0.00100556
0.0641983
0.00400146
0.00066505
0.0641966
0.00161247
-0.000304048
0.064194
-0.000665119
-0.000369421
0.0641916
-0.00387344
0.000369312
0.0641908
-0.0108594
0.000303952
0.0641916
-0.00387343
-0.000665118
0.064194
-0.000665103
-0.0010056
0.0641966
0.00161249
0.0641984
0.00400148
0.0010042
0.0672366
0.0040035
0.000662961
0.066714
0.00161453
-0.000305881
0.0664829
-0.000663022
-0.000370142
0.0666437
-0.00387131
0.000370042
0.0669738
-0.0108573
0.000305794
0.0666437
-0.0038713
-0.000663024
0.0664829
-0.000663007
-0.00100423
0.066714
0.00161455
0.0672367
0.00400353
0.000522887
0.068735
0.0020717
0.000357749
0.0682313
0.000954388
-0.000137667
0.0679879
-0.000357795
-0.000179215
0.0681421
-0.00190663
0.000179127
0.0684387
-0.00357238
0.00013759
0.0681421
-0.00190662
-0.000357806
0.0679879
-0.00035778
-0.000522916
0.0682313
0.000954406
0.0687351
0.00207172
0.00021056
0.069106
0.000933928
0.000146167
0.0688459
0.000471716
-5.17331e-05
0.0686973
-0.000146197
-6.94578e-05
0.0687663
-0.000794051
6.93812e-05
0.0688951
-0.00124398
5.16663e-05
0.0687663
-0.000794045
-0.000146216
0.0686974
-0.000146184
-0.000210586
0.0688459
0.000471733
0.0691061
0.000933945
6.56954e-05
0.0691776
0.000411484
3.81538e-05
0.0690587
0.000226821
-3.02529e-05
0.0689717
-3.81678e-05
-2.90945e-05
0.0689788
-0.00029659
2.90304e-05
0.0690167
-0.000434563
3.01972e-05
0.0689788
-0.000296585
-3.8194e-05
0.0689718
-3.8157e-05
-6.57158e-05
0.0690587
0.000226836
0.0691776
0.0004115
-1.09973e-06
0.0692065
0.000200552
-2.24253e-05
0.0691349
0.000128939
-4.08465e-05
0.0690581
2.24284e-05
-2.17603e-05
0.0690213
-7.71859e-05
2.17098e-05
0.0690179
-0.000123238
4.08028e-05
0.0690213
-7.71813e-05
2.23938e-05
0.0690582
2.24368e-05
1.08324e-06
0.069135
0.00012895
0.0692065
0.000200563
-4.72833e-05
0.0692605
0.000139077
-7.90092e-05
0.0691789
0.000115167
-7.61315e-05
0.0690646
7.90303e-05
-3.18273e-05
0.068975
4.58457e-05
3.17909e-05
0.0689434
3.14578e-05
7.61002e-05
0.0689751
4.58492e-05
7.89873e-05
0.0690646
7.90368e-05
4.72726e-05
0.0691789
0.000115176
0.0692606
0.000139088
-0.000107949
0.0693768
0.000162528
-0.000167241
0.0692353
0.000164382
-0.000148843
0.0690213
0.000167281
-5.92321e-05
0.0688393
0.000169359
5.92104e-05
0.0687695
0.00016988
0.000148824
0.0688393
0.000169362
0.000167229
0.0690214
0.000167285
0.000107943
0.0692353
0.000164387
0.0693768
0.000162534
-0.00021798
0.0696148
0.000259162
-0.000333981
0.0693401
0.000288675
-0.000293185
0.0689141
0.00033404
-0.000115547
0.0685522
0.00037318
0.000115541
0.0684136
0.000388344
0.00029318
0.0685522
0.000373181
0.000333979
0.0689142
0.000334042
0.000217979
0.0693402
0.000288679
0.0696148
0.000259167
-0.0004341
0.0700953
0.000447563
-0.00066374
0.0695521
0.000532396
-0.00057971
0.0686786
0.000663817
-0.000227378
0.0679615
0.000776294
0.000227389
0.0676942
0.000819623
0.00057972
0.0679615
0.000776295
0.000663749
0.0686786
0.000663818
0.000434104
0.0695522
0.000532397
0.0700953
0.000447564
-0.000867084
0.0710627
0.000761606
-0.00132611
0.0700024
0.000980446
-0.00115083
0.0681298
0.0013262
-0.000447932
0.0667177
0.0016158
0.00044796
0.0662199
0.00172539
0.00115086
0.0667178
0.00161579
0.00132612
0.0681299
0.0013262
0.000867092
0.0700025
0.000980446
0.0710628
0.000761606
-0.00174477
0.0729942
0.00121718
-0.00267894
0.0710529
0.00176784
-0.00229715
0.06666
0.00267905
-0.000879432
0.0639455
0.00340952
0.000879483
0.0630871
0.00367735
0.00229719
0.0639456
0.00340952
0.00267896
0.06666
0.00267904
0.00174478
0.071053
0.00176784
0.0729943
0.00121718
-0.00354947
0.0767191
0.00170519
-0.00552843
0.0740245
0.00305157
-0.00462805
0.0618331
0.00552856
-0.00170583
0.0570952
0.00734455
0.0017059
0.0558628
0.00797541
0.00462811
0.0570953
0.00734454
0.00552847
0.0618331
0.00552855
0.00354948
0.0740246
0.00305156
0.0767192
0.00170518
-0.00733787
0.0830122
0.00168714
-0.0119183
0.0852638
0.00474739
-0.00950029
0.0420984
0.0119184
-0.00319447
0.03734
0.0162915
0.00319456
0.0362768
0.0176855
0.00950039
0.03734
0.0162915
0.0119184
0.0420985
0.0119184
0.00733793
0.0852639
0.00474737
0.0830123
0.00168712
-0.0155371
0.0874977
-0.000488095
-0.0281045
0.103741
0.004965
-0.0203243
0.0281046
-0.00536097
0.0377028
0.00536108
0.0404388
0.0203244
0.0377027
0.0281045
0.0281046
0.0155371
0.103741
0.00496497
0.0874977
-0.000488123
0.00395772
0.0775625
-0.00814004
0.10223
-0.00902178
-0.00395773
0.10223
-0.00902182
0.0775625
-0.00814007
0.0467811
0.0457808
-0.0187817
0.0769349
0.0618738
-0.0326979
0.0583343
0.119815
-0.0769348
0.0180377
0.110431
-0.0970744
-0.0180377
0.107719
-0.102774
-0.0583343
0.110431
-0.0970744
-0.0769349
0.119814
-0.0769348
-0.0467811
0.0618737
-0.0326979
0.0457808
-0.0187817
0.0638512
-0.0249766
0.0991931
-0.0439735
0.0671742
0.223688
-0.099193
0.017725
0.201904
-0.115364
-0.0177251
0.196319
-0.119167
-0.0671743
0.201904
-0.115364
-0.0991931
0.223688
-0.099193
-0.0638512
-0.0439735
-0.0249766
0.0106602
0.246864
0.00625418
0.230533
-0.00625427
0.225744
-0.0106603
0.230533
0.246864
0.00356361
0.231429
0.00213963
0.226214
-0.00213969
0.223994
-0.00356365
0.226214
0.231429
0.00118303
0.226423
0.000719398
0.224737
-0.000719447
0.223883
-0.00118306
0.224737
0.226423
0.000390954
0.224791
0.000239429
0.224241
-0.000239458
0.223937
-0.000390977
0.224241
0.224791
0.00012881
0.224257
7.92008e-05
0.224077
-7.92092e-05
0.223973
-0.000128818
0.224077
0.224257
4.23501e-05
0.224082
2.60991e-05
0.224023
-2.61e-05
0.223988
-4.23527e-05
0.224023
0.224082
1.39068e-05
0.224025
8.58392e-06
0.224005
-8.57493e-06
0.223994
-1.39015e-05
0.224005
0.224025
4.55978e-06
0.224005
2.81829e-06
0.223999
-2.81028e-06
0.223996
-4.55479e-06
0.223999
0.224006
1.49545e-06
0.223999
9.27064e-07
0.223997
-9.16071e-07
0.223996
-1.48786e-06
0.223997
0.224
4.848e-07
0.223997
3.0099e-07
0.223997
-2.97166e-07
0.223997
-4.82451e-07
0.223997
0.223998
1.5382e-07
0.223997
9.57232e-08
0.223997
-9.23958e-08
0.223997
-1.50181e-07
0.223997
0.223997
3.53903e-08
2.22453e-08
-1.90902e-08
-3.09317e-08
0.0687494
0.0504034
-0.0745366
0.0477732
0.0368474
-0.0687495
0.0319132
0.0287112
-0.0598206
0.0117275
0.0226172
-0.0155118
-0.0117276
0.0206487
-0.0109071
-0.0319133
0.0226172
-0.0155118
-0.0477733
0.0287112
-0.0598206
-0.0687495
0.0368474
-0.0687495
0.0504034
-0.0745366
0.061617
0.0852914
-0.0663008
0.0396419
0.0628554
-0.0616171
0.0263289
0.0500901
-0.0543763
0.00969341
0.0404976
-0.012911
-0.00969354
0.0374201
-0.00915352
-0.026329
0.0404976
-0.012911
-0.0396421
0.0500901
-0.0543763
-0.0616171
0.0628554
-0.0616171
0.0852914
-0.0663008
0.0156338
0.0851215
-0.0178756
0.0199821
0.0695221
-0.0156339
0.015205
0.0589155
-0.0122326
0.00569916
0.0508507
-0.00757533
-0.00569934
0.0481525
-0.00604498
-0.0152051
0.0508507
-0.00757532
-0.0199821
0.0589155
-0.0122326
-0.0156338
0.0695221
-0.0156339
0.0851215
-0.0178756
0.0070955
0.072081
-0.00803618
0.00987401
0.0662035
-0.00709559
0.00800935
0.0602008
-0.00567934
0.00305176
0.0555149
-0.00416247
-0.00305191
0.0538318
-0.00359431
-0.00800947
0.0555149
-0.00416246
-0.0098741
0.0602008
-0.00567932
-0.00709556
0.0662035
-0.00709558
0.072081
-0.00803613
0.00334993
0.0656063
-0.00372655
0.00487247
0.0631359
-0.00335002
0.00409003
0.0600512
-0.00278339
0.00157784
0.0575624
-0.00224261
-0.00157799
0.0566331
-0.00203155
-0.00409016
0.0575624
-0.00224259
-0.00487257
0.0600512
-0.00278337
-0.00334998
0.0631359
-0.00335
0.0656063
-0.00372653
0.00162182
0.0624143
-0.00177
0.00241477
0.0612967
-0.00162191
0.00206667
0.0597544
-0.00139848
0.000804138
0.0584741
-0.00119594
-0.000804282
0.0579856
-0.00111611
-0.0020668
0.0584741
-0.00119593
-0.00241487
0.0597544
-0.00139847
-0.00162187
0.0612967
-0.00162189
0.0624143
-0.00176998
0.000797894
0.0608362
-0.000855777
0.00120307
0.060307
-0.000797975
0.00104125
0.0595392
-0.000710495
0.000407418
0.0588883
-0.000632885
-0.000407561
0.0586367
-0.000602263
-0.00104138
0.0588883
-0.000632877
-0.00120317
0.0595392
-0.000710476
-0.000797942
0.060307
-0.00079796
0.0608362
-0.000855759
0.000396353
0.0600528
-0.000418642
0.000601719
0.0597947
-0.000396434
0.000524147
0.0594103
-0.000362722
0.000205786
0.0590794
-0.000333068
-0.000205929
0.0589504
-0.000321374
-0.000524274
0.0590794
-0.00033306
-0.000601815
0.0594103
-0.000362708
-0.000396404
0.0597947
-0.000396417
0.0600529
-0.000418626
0.000197293
0.0596648
-0.000205077
0.000300494
0.0595352
-0.000197372
0.000262569
0.0593388
-0.000185661
0.000103245
0.0591671
-0.000175406
-0.000103386
0.0590995
-0.00017137
-0.000262694
0.0591671
-0.000175398
-0.000300588
0.0593388
-0.000185646
-0.000197343
0.0595352
-0.000197353
0.0596648
-0.00020506
9.63196e-05
0.0594786
-9.69305e-05
0.000146442
0.0594096
-9.63954e-05
0.000127633
0.0593014
-9.56258e-05
5.00688e-05
0.0592032
-9.50417e-05
-5.02077e-05
0.0591632
-9.48551e-05
-0.000127757
0.0592032
-9.50336e-05
-0.000146535
0.0593014
-9.56116e-05
-9.63693e-05
0.0594096
-9.63779e-05
0.0594786
-9.69152e-05
4.17682e-05
0.0594056
-3.5822e-05
6.16811e-05
0.0593622
-4.18395e-05
5.17759e-05
0.059286
-5.11805e-05
1.97354e-05
0.0592068
-5.97701e-05
-1.98711e-05
0.05917
-6.33911e-05
-5.18959e-05
0.0592068
-5.97625e-05
-6.17705e-05
0.059286
-5.11663e-05
-4.18153e-05
0.0593623
-4.18215e-05
0.0594056
-3.58056e-05
5.73628e-06
0.0594186
1.20509e-05
1.76512e-06
0.0593808
-5.80354e-06
-6.20906e-06
0.0592936
-3.36029e-05
-4.68792e-06
0.0591776
-5.97692e-05
4.5563e-06
0.0591102
-7.13475e-05
6.09247e-06
0.0591776
-5.9762e-05
-1.85276e-06
0.0592936
-3.35897e-05
-5.78319e-06
0.0593808
-5.78696e-06
0.0594186
1.20661e-05
-3.05394e-05
0.0595425
7.54325e-05
-6.87247e-05
0.0594982
3.04774e-05
-8.58899e-05
0.0593513
-4.00311e-05
-4.14936e-05
0.059104
-0.000109942
4.13665e-05
0.0589202
-0.000144495
8.57778e-05
0.059104
-0.000109935
6.86416e-05
0.0593513
-4.00178e-05
3.04958e-05
0.0594982
3.04944e-05
0.0595426
7.54482e-05
-8.47329e-05
0.0598736
0.000192684
-0.000196056
0.059821
8.46757e-05
-0.000255104
0.0595548
-8.65368e-05
-0.00012679
0.0590009
-0.000272832
0.000126669
0.0584492
-0.000386252
0.000254997
0.0590009
-0.000272826
0.000195975
0.0595548
-8.65246e-05
8.46899e-05
0.0598211
8.46912e-05
0.0598736
0.000192698
-0.000175545
0.0606172
0.00042202
-0.000456346
0.0605714
0.000175493
-0.000662282
0.0601646
-0.000220935
-0.000350444
0.0591165
-0.000724826
0.000350329
0.0576033
-0.00115959
0.000662181
0.0591165
-0.00072482
0.000456271
0.0601646
-0.000220923
0.000175506
0.0605715
0.000175509
0.0606172
0.000422035
-0.000311011
0.0620669
0.000823206
-0.000947343
0.062044
0.000310966
-0.0016044
0.0616798
-0.000527662
-0.000923388
0.0606076
-0.00188531
0.000923277
0.0587225
-0.00386126
0.0016043
0.0606076
-0.00188531
0.000947275
0.0616798
-0.000527651
0.000310974
0.062044
0.00031098
0.0620669
0.000823219
-0.000447547
0.0642009
0.00131837
-0.00161254
0.0641992
0.000447508
-0.00332928
0.0641966
-0.0010056
-0.00211519
0.0641943
-0.00428409
0.00211509
0.0641934
-0.0396575
0.00332919
0.0641943
-0.00428409
0.00161248
0.0641966
-0.00100559
0.000447514
0.0641992
0.000447522
0.0642009
0.00131839
-0.000448886
0.0663376
0.0013197
-0.00161459
0.0663562
0.000448854
-0.00333108
0.066714
-0.00100423
-0.0021159
0.0677806
-0.0042827
0.00211581
0.0696635
-0.0396561
0.00333099
0.0677807
-0.0042827
0.00161453
0.0667141
-0.00100422
0.000448855
0.0663562
0.000448865
0.0663376
0.00131972
-0.000315641
0.0677962
0.000827788
-0.000954431
0.067835
0.000315616
-0.00161062
0.0682313
-0.000522912
-0.000925836
0.0692702
-0.00188047
0.000925754
0.0707798
-0.00385639
0.00161055
0.0692703
-0.00188047
0.000954381
0.0682313
-0.000522903
0.000315614
0.067835
0.000315628
0.0677962
0.000827801
-0.000185603
0.0685592
0.000431938
-0.000471746
0.0685989
0.000185586
-0.000675813
0.0688458
-0.000210577
-0.000355773
0.0693827
-0.000714236
0.000355702
0.0699276
-0.0011489
0.000675752
0.0693827
-0.000714232
0.000471701
0.0688459
-0.00021057
0.000185579
0.068599
0.000185596
0.0685592
0.000431948
-0.000104834
0.0689289
0.000212385
-0.000226835
0.0689488
0.000104825
-0.000282149
0.0690587
-6.57036e-05
-0.000137448
0.0692735
-0.0002514
0.00013739
0.0694444
-0.000364584
0.000282099
0.0692735
-0.000251397
0.000226798
0.0690587
-6.5697e-05
0.000104815
0.0689489
0.000104834
0.0689289
0.000212395
-6.98668e-05
0.069128
0.000113682
-0.000128936
0.0691191
6.98671e-05
-0.00013879
0.0691349
1.10017e-06
-6.23494e-05
0.0691884
-6.72862e-05
6.23036e-05
0.0692311
-0.00010124
0.00013875
0.0691884
-6.72835e-05
0.000128907
0.069135
1.10499e-06
6.98514e-05
0.0691191
6.98734e-05
0.069128
0.000113689
-7.06431e-05
0.0692863
8.56042e-05
-0.000115146
0.0692398
7.06529e-05
-0.000108891
0.0691789
4.72933e-05
-4.51764e-05
0.0691383
2.50074e-05
4.51433e-05
0.0691279
1.49516e-05
0.000108863
0.0691383
2.50096e-05
0.000115127
0.0691789
4.72976e-05
7.06334e-05
0.0692398
7.06587e-05
0.0692863
8.56114e-05
-0.000105966
0.0694924
0.000104612
-0.000164343
0.0693897
0.000105986
-0.000146594
0.0692353
0.000107969
-5.84595e-05
0.0691053
0.000109237
5.844e-05
0.069056
0.000109471
0.000146578
0.0691053
0.000109238
0.000164331
0.0692353
0.000107971
0.00010596
0.0693897
0.000105989
0.0694925
0.000104616
-0.000188264
0.0698391
0.000168936
-0.000288617
0.0696427
0.000188293
-0.000253687
0.0693402
0.000218009
-0.000100099
0.0690819
0.00024361
0.000100094
0.0689826
0.000253515
0.000253684
0.0690819
0.000243611
0.000288616
0.0693402
0.000218011
0.000188264
0.0696427
0.000188297
0.0698391
0.00016894
-0.000348111
0.07046
0.000292612
-0.000532319
0.0701081
0.00034815
-0.000465601
0.0695522
0.000434138
-0.000182922
0.0690886
0.00050771
0.000182933
0.0689139
0.000536046
0.000465612
0.0690887
0.00050771
0.000532327
0.0695522
0.000434139
0.000348116
0.0701081
0.000348151
0.07046
0.000292614
-0.000641406
0.0715631
0.000498402
-0.000980355
0.0709815
0.000641454
-0.000853048
0.0700025
0.000867131
-0.000333186
0.0692356
0.00105616
0.000333215
0.0689598
0.0011277
0.000853072
0.0692356
0.00105616
0.000980372
0.0700025
0.000867131
0.000641416
0.0709816
0.000641455
0.0715631
0.000498404
-0.00115453
0.0734397
0.000796337
-0.00176773
0.0726503
0.00115458
-0.00152401
0.071053
0.00174482
-0.000588157
0.0699863
0.00221863
0.000588208
0.0696438
0.00239245
0.00152405
0.0699863
0.00221862
0.00176776
0.071053
0.00174482
0.00115454
0.0726503
0.00115458
0.0734397
0.000796336
-0.00197698
0.0763259
0.00111152
-0.00305144
0.075935
0.00197704
-0.00258322
0.0740246
0.00354952
-0.000970548
0.0733434
0.00470877
0.000970612
0.0732376
0.00511233
0.00258327
0.0733434
0.00470877
0.00305148
0.0740246
0.00354952
0.001977
0.075935
0.00197704
0.076326
0.00111151
-0.00299497
0.079627
0.001079
-0.00474725
0.0822589
0.00299504
-0.00386692
0.0852639
0.00733794
-0.00135991
0.0884779
0.0100276
0.00136
0.089751
0.0108886
0.00386699
0.0884779
0.0100276
0.00474729
0.0852639
0.00733793
0.00299499
0.0822589
0.00299503
0.079627
0.00107899
-0.00282876
0.0792196
-0.000398706
-0.00496484
0.0878369
0.00282883
-0.0036188
0.103741
0.0155372
-0.000985685
0.114748
0.0209388
0.000985765
0.118477
0.0224785
0.00361887
0.114748
0.0209388
0.00496489
0.103741
0.0155371
0.00282877
0.0878369
0.00282881
0.0792196
-0.00039872
0.00612558
0.0670256
-0.00541328
0.00902195
0.078842
-0.0061255
0.00787487
0.10223
-0.00395771
0.00314247
0.116252
-0.0045805
-0.00314242
0.120722
-0.00480769
-0.00787482
0.116252
-0.0045805
-0.00902191
0.10223
-0.00395772
-0.00612557
0.0788419
-0.00612552
0.0670256
-0.00541329
0.0211892
0.0388183
-0.0124022
0.032698
0.0467044
-0.0211891
0.0262865
0.0618738
-0.0467811
0.0092481
0.0698761
-0.0588796
-0.0092481
0.0722847
-0.0623282
-0.0262865
0.0698761
-0.0588795
-0.032698
0.0618737
-0.0467811
-0.0211892
0.0467043
-0.0211891
0.0388182
-0.0124021
0.0291282
-0.0166267
0.0439736
-0.0291281
0.033872
-0.0638512
0.0114007
-0.0751167
-0.0114007
-0.077859
-0.033872
-0.0751167
-0.0439736
-0.0638512
-0.0291281
-0.029128
-0.0166267
0.0745366
0.0650593
0.0630961
0.0504034
0.0526004
0.0398186
0.0214665
0.0263334
-0.0214667
0.0228341
-0.0526005
0.0263334
-0.0630962
0.0398186
-0.0745366
0.0504034
0.0650593
0.0663007
0.109431
0.0524744
0.0852914
0.0439258
0.0686454
0.0180049
0.0463967
-0.018005
0.0408553
-0.043926
0.0463967
-0.0524744
0.0686454
-0.0663007
0.0852914
0.109431
0.0178755
0.102083
0.0244071
0.0851215
0.0202205
0.0716302
0.00794367
0.0556518
-0.00794378
0.0512289
-0.0202206
0.0556518
-0.0244072
0.0716302
-0.0178756
0.0851215
0.102083
0.00803606
0.0786565
0.0114828
0.072081
0.00962092
0.0648168
0.00373764
0.0581527
-0.00373777
0.055833
-0.00962109
0.0581527
-0.011483
0.0648168
-0.00803612
0.072081
0.0786565
0.00372646
0.0683814
0.00547636
0.0656063
0.00465438
0.0620194
0.00180961
0.0589468
-0.00180974
0.057799
-0.0046545
0.0589468
-0.00547646
0.0620194
-0.00372651
0.0656063
0.0683814
0.00176992
0.0636562
0.00264562
0.0624143
0.00227497
0.060676
0.000887905
0.0592004
-0.00088804
0.0586351
-0.00227509
0.0592004
-0.00264571
0.060676
-0.00176997
0.0624143
0.0636562
0.000855691
0.061415
0.00129208
0.0608362
0.00112026
0.0599917
0.00043885
0.0592698
-0.000438985
0.05899
-0.00112038
0.0592698
-0.00129217
0.0599917
-0.000855745
0.0608362
0.061415
0.00041856
0.0603313
0.000635754
0.0600529
0.000554144
0.0596373
0.000217661
0.0592785
-0.000217796
0.0591384
-0.000554265
0.0592785
-0.000635848
0.0596373
-0.000418613
0.0600529
0.0603313
0.000204998
0.0598044
0.000312273
0.0596648
0.000272909
0.059453
0.000107328
0.0592677
-0.00010746
0.0591945
-0.000273027
0.0592677
-0.000312364
0.059453
-0.000205049
0.0596648
0.0598044
9.68552e-05
0.0595566
0.000147209
0.0594786
0.000128237
0.0593564
5.02864e-05
0.059245
-5.04171e-05
0.0591993
-0.000128353
0.059245
-0.000147299
0.0593564
-9.69066e-05
0.0594786
0.0595566
3.57511e-05
0.0594649
5.22425e-05
0.0594056
4.31526e-05
0.0593038
1.62219e-05
0.0591985
-1.63495e-05
0.0591486
-4.3266e-05
0.0591985
-5.23295e-05
0.0593038
-3.57995e-05
0.0594056
0.0594649
-1.21179e-05
0.0594915
-2.6581e-05
0.0594186
-3.27097e-05
0.0592725
-1.57121e-05
0.0590884
1.55879e-05
0.0589767
3.25989e-05
0.0590884
2.64955e-05
0.0592725
1.20698e-05
0.0594186
0.0594915
-7.54943e-05
0.059664
-0.000142079
0.0595425
-0.000158192
0.0592582
-7.29677e-05
0.0588167
7.28488e-05
0.058448
0.000158086
0.0588167
0.000141998
0.0592582
7.54495e-05
0.0595426
0.059664
-0.000192741
0.0600793
-0.000381403
0.0598736
-0.000457309
0.0593079
-0.000222287
0.0581849
0.000222173
0.0567098
0.000457207
0.0581849
0.000381325
0.059308
0.000192697
0.0598736
0.0600793
-0.000422071
0.0609061
-0.000918826
0.0606172
-0.00126955
0.0596681
-0.000676538
0.0570892
0.000676432
0.0502818
0.00126946
0.0570892
0.000918752
0.0596681
0.000422032
0.0606172
0.0609061
-0.000823248
0.0623106
-0.00206475
0.0620669
-0.00363279
0.0611615
-0.00221685
0.0581944
0.00221674
0.0479177
0.0036327
0.0581944
0.00206468
0.0611615
0.000823212
0.0620669
0.0623106
-0.00131841
0.0642026
-0.00400153
0.0642009
-0.0110084
0.0641984
-0.00806822
0.0641961
0.00806818
0.0641952
0.0110083
0.0641961
0.00400147
0.0641984
0.00131838
0.064201
0.0642026
-0.00131973
0.0660979
-0.00400356
0.0663376
-0.0110102
0.0672366
-0.00806897
0.0701982
0.00806888
0.0804728
0.0110101
0.0701983
0.0040035
0.0672367
0.0013197
0.0663376
0.066098
-0.000827814
0.067514
-0.00207174
0.0677962
-0.00363893
0.068735
-0.00221926
0.0713049
0.00221919
0.0781088
0.00363887
0.071305
0.00207169
0.0687351
0.000827788
0.0677962
0.067514
-0.000431955
0.0683658
-0.00093396
0.0685592
-0.00128285
0.069106
-0.000681777
0.0702125
0.000681713
0.0716811
0.00128279
0.0702126
0.000933913
0.0691061
0.000431932
0.0685592
0.0683658
-0.000212393
0.0688307
-0.000411497
0.0689289
-0.000483754
0.0691776
-0.00023271
0.0695878
0.000232655
0.0699442
0.000483707
0.0695878
0.000411464
0.0691776
0.000212376
0.0689289
0.0688307
-0.000113682
0.0690993
-0.000200548
0.069128
-0.000209565
0.0692065
-9.32236e-05
0.0693313
9.31804e-05
0.0694197
0.000209527
0.0693313
0.000200521
0.0692065
0.000113668
0.069128
0.0690994
-8.55943e-05
0.0693105
-0.000139056
0.0692863
-0.000131505
0.0692605
-5.46714e-05
0.0692543
5.46411e-05
0.0692603
0.000131479
0.0692543
0.000139039
0.0692606
8.5586e-05
0.0692863
0.0693106
-0.000104592
0.0695703
-0.000162488
0.0694924
-0.000145341
0.0693768
-5.80935e-05
0.0692808
5.8076e-05
0.0692453
0.000145327
0.0692809
0.000162478
0.0693769
0.000104588
0.0694925
0.0695703
-0.000168906
0.0699857
-0.000259104
0.0698391
-0.000228025
0.0696148
-9.00693e-05
0.0694226
9.00662e-05
0.0693485
0.000228023
0.0694226
0.000259105
0.0696149
0.000168908
0.0698391
0.0699857
-0.000292574
0.0706942
-0.000447488
0.07046
-0.000391923
0.0700953
-0.000154196
0.0697869
0.000154208
0.0696693
0.000391933
0.0697869
0.000447496
0.0700954
0.000292579
0.07046
0.0706943
-0.000498355
0.0718713
-0.000761512
0.0715631
-0.000664299
0.0710627
-0.000260273
0.0706585
0.000260302
0.0705104
0.000664325
0.0706585
0.000761532
0.0710628
0.000498366
0.0715631
0.0718713
-0.000796283
0.0736648
-0.00121707
0.0734397
-0.00105474
0.0729942
-0.000409985
0.0726968
0.000410032
0.0726058
0.00105479
0.0726968
0.0012171
0.0729943
0.000796296
0.0734397
0.0736649
-0.00111146
0.0759088
-0.00170507
0.0763259
-0.00145836
0.0767192
-0.000556784
0.0772388
0.000556846
0.0774814
0.00145842
0.0772388
0.0017051
0.0767192
0.00111147
0.076326
0.0759088
-0.00107893
0.0773184
-0.00168701
0.079627
-0.00139202
0.0830123
-0.000501881
0.0859536
0.000501954
0.0870858
0.00139208
0.0859536
0.00168705
0.0830123
0.00107895
0.079627
0.0773184
0.000398777
0.0741108
0.000488242
0.0792196
0.000554088
0.0874978
0.000297347
0.0939534
-0.000297278
0.0962891
-0.000554025
0.0939534
-0.0004882
0.0874977
-0.000398761
0.0792196
0.0741108
0.00541335
0.0606857
0.0081402
0.0670256
0.00699566
0.0775625
0.00271748
0.0852788
-0.00271744
0.0879761
-0.00699561
0.0852788
-0.00814016
0.0775625
-0.00541333
0.0670255
0.0606856
0.0124022
0.0345806
0.0187818
0.0388183
0.0156916
0.0457808
0.00586935
0.0506495
-0.00586935
0.052312
-0.0156916
0.0506495
-0.0187818
0.0457808
-0.0124022
0.0388182
0.0345805
0.0166268
0.0249767
0.0205248
0.00755899
-0.00755901
-0.0205248
-0.0249767
-0.0166267
)
;

boundaryField
{
    injectionXMinus
    {
        type            calculated;
        value           nonuniform List<scalar> 2(-0.1 -0.1);
    }
    injectionXPlus
    {
        type            calculated;
        value           nonuniform List<scalar> 2(-0.1 -0.1);
    }
    injectionYMinus
    {
        type            calculated;
        value           nonuniform List<scalar> 2(-0.1 -0.1);
    }
    injectionYPlus
    {
        type            calculated;
        value           nonuniform List<scalar> 2(-0.1 -0.1);
    }
    inletXMinus
    {
        type            calculated;
        value           nonuniform List<scalar> 
12
(
-0.1
-0.1
-0.1
-0.1
-0.1
-0.1
-0.1
-0.1
-0.1
-0.1
-0.1
-0.1
)
;
    }
    inletXPlus
    {
        type            calculated;
        value           nonuniform List<scalar> 
12
(
-0.1
-0.1
-0.1
-0.1
-0.1
-0.1
-0.1
-0.1
-0.1
-0.1
-0.1
-0.1
)
;
    }
    inletYMinus
    {
        type            calculated;
        value           nonuniform List<scalar> 
12
(
-0.1
-0.1
-0.1
-0.1
-0.1
-0.1
-0.1
-0.1
-0.1
-0.1
-0.1
-0.1
)
;
    }
    inletYPlus
    {
        type            calculated;
        value           nonuniform List<scalar> 
12
(
-0.1
-0.1
-0.1
-0.1
-0.1
-0.1
-0.1
-0.1
-0.1
-0.1
-0.1
-0.1
)
;
    }
    outlet
    {
        type            calculated;
        value           nonuniform List<scalar> 
25
(
0.223997
0.223997
0.223997
0.223997
0.223997
0.223997
0.223997
0.223997
0.223997
0.223997
0.223997
0.223997
0.223996
0.223997
0.223997
0.223997
0.223997
0.223997
0.223997
0.223997
0.223997
0.223997
0.223997
0.223997
0.223997
)
;
    }
    valve
    {
        type            calculated;
        value           uniform 0;
    }
    walls
    {
        type            calculated;
        value           uniform 0;
    }
}


// ************************************************************************* //
