/*--------------------------------*- C++ -*----------------------------------*\
  =========                 |
  \\      /  F ield         | OpenFOAM: The Open Source CFD Toolbox
   \\    /   O peration     | Website:  https://openfoam.org
    \\  /    A nd           | Version:  6
     \\/     M anipulation  |
\*---------------------------------------------------------------------------*/
FoamFile
{
    version     2.0;
    format      ascii;
    class       volScalarField;
    location    "0.0009";
    object      T;
}
// * * * * * * * * * * * * * * * * * * * * * * * * * * * * * * * * * * * * * //

dimensions      [0 0 0 1 0 0 0];

internalField   nonuniform List<scalar> 
1024
(
273
273
273
273
273
273
273
273
272.998
272.998
272.998
272.998
272.997
272.997
272.997
272.997
272.994
272.994
272.993
272.993
272.993
272.993
272.992
272.992
273.012
273.012
273.012
273.012
273.011
273.011
273.011
273.011
273.096
273.096
273.096
273.096
273.095
273.094
273.094
273.094
273.226
273.226
273.225
273.225
273.224
273.223
273.222
273.222
273.188
273.188
273.188
273.187
273.186
273.185
273.185
273.184
272.493
272.493
272.492
272.491
272.491
272.49
272.49
272.489
270.407
270.407
270.406
270.406
270.405
270.404
270.404
270.404
266.122
266.121
266.121
266.12
266.12
266.119
266.119
266.118
258.959
258.959
258.958
258.958
258.957
258.957
258.956
258.956
248.542
248.542
248.541
248.541
248.54
248.54
248.539
248.539
234.87
234.87
234.869
234.869
234.868
234.868
234.867
234.867
218.292
218.292
218.292
218.291
218.291
218.29
218.29
218.29
199.24
199.24
199.24
199.239
199.239
199.238
199.238
199.238
175.437
175.437
175.436
175.436
175.435
175.435
175.435
175.435
273
273
273
273
273
273
273
273
272.998
272.998
272.998
272.998
272.997
272.997
272.997
272.997
272.994
272.994
272.993
272.993
272.993
272.993
272.992
272.992
273.012
273.012
273.012
273.012
273.011
273.011
273.011
273.011
273.096
273.096
273.096
273.096
273.095
273.094
273.094
273.094
273.226
273.226
273.225
273.225
273.224
273.223
273.222
273.222
273.188
273.188
273.188
273.187
273.186
273.185
273.185
273.184
272.493
272.493
272.492
272.491
272.491
272.49
272.49
272.489
270.407
270.407
270.406
270.406
270.405
270.404
270.404
270.404
266.122
266.121
266.121
266.12
266.12
266.119
266.119
266.118
258.959
258.959
258.958
258.958
258.957
258.957
258.956
258.956
248.542
248.542
248.541
248.541
248.54
248.54
248.539
248.539
234.87
234.87
234.869
234.869
234.868
234.868
234.867
234.867
218.292
218.292
218.292
218.291
218.291
218.29
218.29
218.29
199.24
199.24
199.24
199.239
199.239
199.238
199.238
199.238
175.437
175.437
175.436
175.436
175.435
175.435
175.435
175.435
273
273
273
273
273
273
273
273
272.998
272.998
272.998
272.998
272.997
272.997
272.997
272.997
272.994
272.994
272.993
272.993
272.993
272.993
272.992
272.992
273.013
273.012
273.012
273.012
273.011
273.011
273.011
273.011
273.097
273.096
273.096
273.096
273.095
273.094
273.094
273.094
273.226
273.226
273.225
273.225
273.224
273.223
273.222
273.222
273.188
273.188
273.188
273.187
273.186
273.185
273.185
273.184
272.493
272.493
272.492
272.492
272.491
272.49
272.49
272.489
270.407
270.407
270.407
270.406
270.405
270.405
270.404
270.404
266.122
266.122
266.121
266.12
266.12
266.119
266.119
266.118
258.959
258.959
258.958
258.958
258.957
258.957
258.956
258.956
248.542
248.542
248.541
248.541
248.54
248.54
248.539
248.539
234.87
234.87
234.869
234.869
234.868
234.868
234.867
234.867
218.292
218.292
218.292
218.291
218.291
218.29
218.29
218.29
199.24
199.24
199.24
199.239
199.239
199.238
199.238
199.238
175.437
175.437
175.436
175.436
175.436
175.435
175.435
175.435
273
273
273
273
273
273
273
273
272.998
272.998
272.998
272.998
272.997
272.997
272.997
272.997
272.994
272.994
272.994
272.993
272.993
272.993
272.992
272.992
273.013
273.013
273.012
273.012
273.011
273.011
273.011
273.011
273.097
273.096
273.096
273.096
273.095
273.094
273.094
273.094
273.226
273.226
273.225
273.225
273.224
273.223
273.222
273.222
273.188
273.188
273.188
273.187
273.186
273.185
273.185
273.184
272.493
272.493
272.492
272.492
272.491
272.49
272.49
272.489
270.407
270.407
270.407
270.406
270.405
270.405
270.404
270.404
266.122
266.122
266.121
266.12
266.12
266.119
266.119
266.118
258.959
258.959
258.958
258.958
258.957
258.957
258.956
258.956
248.542
248.542
248.541
248.541
248.54
248.54
248.539
248.539
234.87
234.87
234.869
234.869
234.868
234.868
234.867
234.867
218.292
218.292
218.292
218.291
218.291
218.29
218.29
218.29
199.24
199.24
199.24
199.239
199.239
199.238
199.238
199.238
175.437
175.437
175.436
175.436
175.436
175.435
175.435
175.435
273
273
273
273
273
273
273
273
272.998
272.998
272.998
272.998
272.997
272.997
272.997
272.997
272.994
272.994
272.994
272.993
272.993
272.993
272.992
272.992
273.013
273.013
273.012
273.012
273.011
273.011
273.011
273.011
273.097
273.096
273.096
273.096
273.095
273.094
273.094
273.094
273.226
273.226
273.225
273.225
273.224
273.223
273.222
273.222
273.188
273.188
273.188
273.187
273.186
273.185
273.185
273.184
272.493
272.493
272.492
272.492
272.491
272.49
272.49
272.489
270.407
270.407
270.407
270.406
270.405
270.405
270.404
270.404
266.122
266.122
266.121
266.12
266.12
266.119
266.119
266.118
258.959
258.959
258.958
258.958
258.957
258.957
258.956
258.956
248.542
248.542
248.541
248.541
248.54
248.539
248.539
248.539
234.87
234.87
234.869
234.869
234.868
234.868
234.867
234.867
218.292
218.292
218.292
218.291
218.291
218.29
218.29
218.29
199.24
199.24
199.24
199.239
199.239
199.238
199.238
199.238
175.437
175.437
175.436
175.436
175.435
175.435
175.435
175.434
273
273
273
273
273
273
273
273
272.998
272.998
272.998
272.998
272.997
272.997
272.997
272.997
272.994
272.994
272.993
272.993
272.993
272.993
272.992
272.992
273.013
273.012
273.012
273.012
273.011
273.011
273.011
273.011
273.097
273.096
273.096
273.096
273.095
273.094
273.094
273.094
273.226
273.226
273.225
273.225
273.224
273.223
273.222
273.222
273.188
273.188
273.188
273.187
273.186
273.185
273.185
273.184
272.493
272.493
272.492
272.491
272.491
272.49
272.49
272.489
270.407
270.407
270.406
270.406
270.405
270.404
270.404
270.404
266.122
266.122
266.121
266.12
266.12
266.119
266.119
266.118
258.959
258.959
258.958
258.958
258.957
258.956
258.956
258.956
248.542
248.542
248.541
248.541
248.54
248.539
248.539
248.539
234.87
234.87
234.869
234.869
234.868
234.868
234.867
234.867
218.292
218.292
218.292
218.291
218.291
218.29
218.29
218.29
199.24
199.24
199.24
199.239
199.239
199.238
199.238
199.238
175.437
175.436
175.436
175.436
175.435
175.435
175.435
175.435
273
273
273
273
273
273
273
273
272.998
272.998
272.998
272.998
272.997
272.997
272.997
272.997
272.994
272.994
272.993
272.993
272.993
272.992
272.992
272.992
273.012
273.012
273.012
273.012
273.011
273.011
273.011
273.011
273.096
273.096
273.096
273.096
273.095
273.094
273.094
273.094
273.226
273.226
273.225
273.225
273.224
273.223
273.222
273.222
273.188
273.188
273.188
273.187
273.186
273.185
273.185
273.184
272.493
272.493
272.492
272.491
272.491
272.49
272.49
272.489
270.407
270.407
270.406
270.406
270.405
270.404
270.404
270.404
266.122
266.121
266.121
266.12
266.12
266.119
266.118
266.118
258.959
258.959
258.958
258.958
258.957
258.956
258.956
258.956
248.542
248.542
248.541
248.541
248.54
248.539
248.539
248.539
234.87
234.87
234.869
234.869
234.868
234.868
234.867
234.867
218.292
218.292
218.292
218.291
218.291
218.29
218.29
218.29
199.24
199.24
199.24
199.239
199.239
199.238
199.238
199.238
175.436
175.436
175.436
175.436
175.435
175.435
175.435
175.434
273
273
273
273
273
273
273
273
272.998
272.998
272.998
272.997
272.997
272.997
272.997
272.997
272.994
272.994
272.993
272.993
272.993
272.992
272.992
272.992
273.012
273.012
273.012
273.012
273.011
273.011
273.011
273.011
273.096
273.096
273.096
273.095
273.095
273.094
273.094
273.094
273.226
273.225
273.225
273.224
273.224
273.223
273.222
273.222
273.188
273.188
273.187
273.187
273.186
273.185
273.185
273.184
272.493
272.492
272.492
272.491
272.491
272.49
272.49
272.489
270.407
270.407
270.406
270.406
270.405
270.404
270.404
270.404
266.122
266.121
266.121
266.12
266.12
266.119
266.118
266.118
258.959
258.959
258.958
258.958
258.957
258.956
258.956
258.956
248.542
248.542
248.541
248.541
248.54
248.539
248.539
248.539
234.87
234.87
234.869
234.869
234.868
234.868
234.867
234.867
218.292
218.292
218.292
218.291
218.291
218.29
218.29
218.29
199.24
199.24
199.24
199.239
199.239
199.238
199.238
199.238
175.436
175.436
175.436
175.436
175.435
175.435
175.435
175.435
)
;

boundaryField
{
    inlet
    {
        type            fixedValue;
        value           uniform 273;
    }
    outlet
    {
        type            zeroGradient;
    }
    walls
    {
        type            zeroGradient;
    }
}


// ************************************************************************* //
