/*--------------------------------*- C++ -*----------------------------------*\
  =========                 |
  \\      /  F ield         | OpenFOAM: The Open Source CFD Toolbox
   \\    /   O peration     | Website:  https://openfoam.org
    \\  /    A nd           | Version:  6
     \\/     M anipulation  |
\*---------------------------------------------------------------------------*/
FoamFile
{
    version     2.0;
    format      ascii;
    class       volScalarField;
    location    "0.0007";
    object      T;
}
// * * * * * * * * * * * * * * * * * * * * * * * * * * * * * * * * * * * * * //

dimensions      [0 0 0 1 0 0 0];

internalField   nonuniform List<scalar> 
1024
(
272.996
272.996
272.996
272.996
272.996
272.996
272.996
272.996
272.995
272.995
272.995
272.995
272.995
272.995
272.995
272.995
273.105
273.105
273.105
273.104
273.104
273.104
273.104
273.104
273.36
273.36
273.36
273.36
273.359
273.359
273.358
273.358
273.343
273.343
273.343
273.343
273.342
273.341
273.341
273.341
271.974
271.974
271.973
271.973
271.972
271.971
271.97
271.97
267.792
267.792
267.792
267.791
267.79
267.79
267.789
267.788
259.551
259.551
259.55
259.55
259.549
259.549
259.548
259.548
246.679
246.679
246.679
246.678
246.677
246.677
246.676
246.676
229.408
229.407
229.407
229.406
229.406
229.406
229.405
229.405
208.614
208.614
208.614
208.613
208.613
208.613
208.612
208.612
185.549
185.549
185.548
185.548
185.547
185.547
185.547
185.547
161.553
161.553
161.553
161.553
161.552
161.552
161.552
161.551
137.844
137.844
137.844
137.843
137.843
137.843
137.842
137.842
115.26
115.26
115.259
115.259
115.259
115.258
115.258
115.258
92.8021
92.8021
92.802
92.8018
92.8015
92.8011
92.8009
92.8008
272.996
272.996
272.996
272.996
272.996
272.996
272.996
272.996
272.995
272.995
272.995
272.995
272.995
272.995
272.995
272.995
273.105
273.105
273.105
273.104
273.104
273.104
273.104
273.104
273.36
273.36
273.36
273.36
273.359
273.359
273.358
273.358
273.344
273.344
273.343
273.343
273.342
273.341
273.341
273.341
271.974
271.974
271.973
271.973
271.972
271.971
271.97
271.97
267.792
267.792
267.792
267.791
267.79
267.79
267.789
267.788
259.551
259.551
259.551
259.55
259.549
259.549
259.548
259.548
246.679
246.679
246.679
246.678
246.677
246.677
246.677
246.676
229.408
229.407
229.407
229.406
229.406
229.406
229.405
229.405
208.614
208.614
208.614
208.613
208.613
208.613
208.612
208.612
185.549
185.549
185.548
185.548
185.547
185.547
185.547
185.547
161.553
161.553
161.553
161.553
161.552
161.552
161.552
161.551
137.844
137.844
137.844
137.844
137.843
137.843
137.842
137.842
115.26
115.26
115.259
115.259
115.259
115.258
115.258
115.258
92.8022
92.8021
92.802
92.8019
92.8015
92.8012
92.801
92.8008
272.996
272.996
272.996
272.996
272.996
272.996
272.996
272.996
272.995
272.995
272.995
272.995
272.995
272.995
272.995
272.995
273.105
273.105
273.105
273.104
273.104
273.104
273.104
273.104
273.36
273.36
273.36
273.36
273.359
273.359
273.358
273.358
273.344
273.344
273.343
273.343
273.342
273.341
273.341
273.341
271.974
271.974
271.974
271.973
271.972
271.971
271.97
271.97
267.792
267.792
267.792
267.791
267.79
267.79
267.789
267.788
259.551
259.551
259.551
259.55
259.549
259.549
259.548
259.548
246.679
246.679
246.679
246.678
246.677
246.677
246.677
246.676
229.408
229.407
229.407
229.406
229.406
229.406
229.405
229.405
208.615
208.614
208.614
208.614
208.613
208.613
208.612
208.612
185.549
185.549
185.548
185.548
185.547
185.547
185.547
185.547
161.553
161.553
161.553
161.553
161.552
161.552
161.552
161.551
137.844
137.844
137.844
137.844
137.843
137.843
137.843
137.842
115.26
115.26
115.26
115.259
115.259
115.258
115.258
115.258
92.8022
92.8022
92.8022
92.8021
92.8016
92.8013
92.8011
92.8009
272.996
272.996
272.996
272.996
272.996
272.996
272.996
272.996
272.995
272.995
272.995
272.995
272.995
272.995
272.995
272.995
273.105
273.105
273.105
273.104
273.104
273.104
273.104
273.104
273.36
273.36
273.36
273.36
273.359
273.359
273.358
273.358
273.344
273.344
273.343
273.343
273.342
273.341
273.341
273.341
271.974
271.974
271.974
271.973
271.972
271.971
271.971
271.97
267.792
267.792
267.792
267.791
267.79
267.79
267.789
267.788
259.551
259.551
259.551
259.55
259.549
259.549
259.548
259.548
246.679
246.679
246.679
246.678
246.677
246.677
246.677
246.676
229.408
229.407
229.407
229.406
229.406
229.406
229.405
229.405
208.615
208.614
208.614
208.614
208.613
208.613
208.612
208.612
185.549
185.549
185.548
185.548
185.547
185.547
185.547
185.547
161.553
161.553
161.553
161.553
161.552
161.552
161.552
161.551
137.844
137.844
137.844
137.844
137.843
137.843
137.842
137.842
115.26
115.26
115.26
115.259
115.259
115.258
115.258
115.258
92.8023
92.8023
92.8023
92.8022
92.8018
92.8014
92.8011
92.8008
272.996
272.996
272.996
272.996
272.996
272.996
272.996
272.996
272.995
272.995
272.995
272.995
272.995
272.995
272.995
272.995
273.105
273.105
273.105
273.104
273.104
273.104
273.104
273.104
273.36
273.36
273.36
273.36
273.359
273.359
273.358
273.358
273.344
273.344
273.343
273.343
273.342
273.341
273.341
273.341
271.974
271.974
271.974
271.973
271.972
271.971
271.97
271.97
267.792
267.792
267.792
267.791
267.79
267.79
267.789
267.788
259.551
259.551
259.551
259.55
259.549
259.549
259.548
259.548
246.679
246.679
246.679
246.678
246.677
246.677
246.677
246.676
229.408
229.407
229.407
229.406
229.406
229.405
229.405
229.405
208.615
208.614
208.614
208.613
208.613
208.612
208.612
208.612
185.549
185.549
185.548
185.548
185.547
185.547
185.547
185.547
161.553
161.553
161.553
161.552
161.552
161.551
161.551
161.551
137.844
137.844
137.844
137.843
137.843
137.842
137.842
137.842
115.259
115.259
115.259
115.259
115.259
115.258
115.258
115.258
92.802
92.802
92.802
92.802
92.8015
92.801
92.8006
92.8003
272.996
272.996
272.996
272.996
272.996
272.996
272.996
272.996
272.995
272.995
272.995
272.995
272.995
272.995
272.995
272.995
273.105
273.105
273.105
273.104
273.104
273.104
273.104
273.103
273.36
273.36
273.36
273.36
273.359
273.359
273.358
273.358
273.344
273.344
273.343
273.343
273.342
273.341
273.341
273.341
271.974
271.974
271.973
271.973
271.972
271.971
271.97
271.97
267.792
267.792
267.792
267.791
267.79
267.79
267.789
267.788
259.551
259.551
259.551
259.55
259.549
259.549
259.548
259.548
246.679
246.679
246.679
246.678
246.677
246.677
246.677
246.676
229.408
229.408
229.407
229.407
229.406
229.406
229.405
229.405
208.615
208.614
208.614
208.614
208.613
208.613
208.612
208.612
185.549
185.549
185.548
185.548
185.547
185.547
185.547
185.547
161.553
161.553
161.553
161.552
161.552
161.551
161.551
161.552
137.844
137.844
137.844
137.843
137.843
137.842
137.842
137.843
115.259
115.259
115.259
115.259
115.258
115.258
115.258
115.258
92.8019
92.8019
92.8018
92.8017
92.8012
92.8007
92.8004
92.8009
272.996
272.996
272.996
272.996
272.996
272.996
272.996
272.996
272.995
272.995
272.995
272.995
272.995
272.995
272.995
272.995
273.105
273.105
273.105
273.104
273.104
273.104
273.104
273.104
273.36
273.36
273.36
273.36
273.359
273.359
273.358
273.358
273.344
273.344
273.343
273.343
273.342
273.341
273.341
273.341
271.974
271.974
271.973
271.973
271.972
271.971
271.97
271.97
267.792
267.792
267.792
267.791
267.79
267.789
267.789
267.788
259.551
259.551
259.55
259.55
259.549
259.549
259.548
259.548
246.679
246.679
246.679
246.678
246.677
246.677
246.677
246.676
229.408
229.407
229.407
229.406
229.406
229.406
229.405
229.405
208.615
208.614
208.614
208.614
208.613
208.613
208.613
208.612
185.549
185.549
185.548
185.548
185.547
185.547
185.547
185.547
161.553
161.553
161.553
161.552
161.552
161.552
161.552
161.551
137.844
137.844
137.844
137.843
137.843
137.842
137.843
137.842
115.259
115.259
115.259
115.259
115.258
115.258
115.258
115.258
92.8017
92.8017
92.8017
92.8016
92.8009
92.8005
92.8011
92.8004
272.996
272.996
272.996
272.996
272.996
272.996
272.996
272.996
272.995
272.995
272.995
272.995
272.995
272.995
272.995
272.995
273.105
273.105
273.105
273.104
273.104
273.104
273.104
273.104
273.36
273.36
273.36
273.359
273.359
273.359
273.358
273.358
273.344
273.343
273.343
273.343
273.342
273.341
273.341
273.341
271.974
271.974
271.973
271.973
271.972
271.971
271.97
271.97
267.792
267.792
267.792
267.791
267.79
267.789
267.789
267.788
259.551
259.551
259.55
259.55
259.549
259.549
259.548
259.548
246.679
246.679
246.678
246.678
246.677
246.677
246.676
246.676
229.408
229.407
229.407
229.406
229.406
229.406
229.405
229.405
208.615
208.614
208.614
208.613
208.613
208.613
208.612
208.612
185.549
185.549
185.548
185.548
185.547
185.547
185.547
185.547
161.553
161.553
161.553
161.552
161.552
161.552
161.551
161.552
137.844
137.844
137.843
137.843
137.842
137.843
137.842
137.842
115.259
115.259
115.259
115.259
115.258
115.258
115.258
115.258
92.8017
92.8016
92.8016
92.8013
92.8006
92.801
92.8005
92.8006
)
;

boundaryField
{
    inlet
    {
        type            fixedValue;
        value           uniform 273;
    }
    outlet
    {
        type            zeroGradient;
    }
    walls
    {
        type            zeroGradient;
    }
}


// ************************************************************************* //
