/*--------------------------------*- C++ -*----------------------------------*\
  =========                 |
  \\      /  F ield         | OpenFOAM: The Open Source CFD Toolbox
   \\    /   O peration     | Website:  https://openfoam.org
    \\  /    A nd           | Version:  6
     \\/     M anipulation  |
\*---------------------------------------------------------------------------*/
FoamFile
{
    version     2.0;
    format      ascii;
    class       labelList;
    note        "nPoints:3932  nCells:3029  nFaces:9935  nInternalFaces:8239";
    location    "constant/polyMesh";
    object      neighbour;
}
// * * * * * * * * * * * * * * * * * * * * * * * * * * * * * * * * * * * * * //


8239
(
1
9
306
2
10
307
3
11
308
4
12
309
5
13
310
6
14
311
7
15
312
8
16
313
17
314
10
18
315
11
19
316
12
20
317
13
21
318
14
22
319
15
23
320
16
24
321
17
25
322
26
323
19
27
324
20
28
325
21
29
326
22
30
327
23
31
328
24
32
329
25
33
330
26
34
331
35
332
28
36
333
29
37
334
30
38
335
31
39
336
32
40
337
33
41
338
34
42
339
35
43
340
44
341
37
45
342
38
46
343
39
47
344
40
48
345
41
49
346
42
50
347
43
51
348
44
52
349
53
350
46
54
351
47
55
352
48
56
353
49
57
354
50
58
355
51
59
356
52
60
357
53
61
358
62
359
55
63
360
56
64
361
57
65
362
58
66
363
59
67
364
60
68
365
61
69
366
62
70
367
71
368
64
72
369
65
73
370
66
74
371
67
75
372
68
76
373
69
77
374
70
78
375
71
79
376
80
377
73
81
378
74
82
379
75
83
380
76
84
381
77
85
382
78
86
383
79
87
384
80
88
385
89
386
82
90
387
83
91
388
84
92
389
85
93
390
86
94
391
87
95
392
88
96
393
89
97
394
98
395
91
99
396
92
100
397
93
101
398
94
102
399
95
103
400
96
104
401
97
105
402
98
106
403
107
404
100
108
405
101
109
406
102
110
407
103
111
408
104
112
409
105
113
410
106
114
411
107
115
412
116
413
109
117
414
110
118
415
111
119
416
112
120
417
113
121
418
114
122
419
115
123
420
116
124
421
125
422
118
126
423
119
127
424
120
128
425
121
129
426
122
130
427
123
131
428
124
132
429
125
133
430
134
431
127
135
432
128
136
433
129
137
434
130
138
435
131
139
436
132
140
437
133
141
438
134
142
439
143
440
136
144
441
137
145
442
138
146
443
139
147
444
140
148
445
141
149
446
142
150
447
143
151
448
152
449
145
153
450
146
154
451
147
155
452
148
156
453
149
157
454
150
158
455
151
159
456
152
160
457
161
458
154
162
459
155
163
460
156
164
461
157
165
462
158
166
463
159
167
464
160
168
465
161
169
466
170
467
163
171
468
164
172
469
165
173
470
166
174
471
167
175
472
168
176
473
169
177
474
170
178
475
179
476
172
180
477
173
181
478
174
182
479
175
183
480
176
184
481
177
185
482
178
186
483
179
187
484
188
485
181
189
486
182
190
487
183
191
488
184
192
489
185
193
490
186
194
491
187
195
492
188
196
493
197
494
190
198
495
191
199
496
192
200
497
193
201
498
194
202
499
195
203
500
196
204
501
197
205
502
206
503
199
207
504
200
208
505
201
209
506
202
210
507
203
211
508
204
212
509
205
213
510
206
214
511
215
512
208
216
513
209
217
514
210
218
515
211
219
516
212
220
517
213
221
518
214
222
519
215
223
520
224
521
217
225
522
218
226
523
219
227
524
220
228
525
221
229
526
222
230
527
223
231
528
224
232
529
233
530
226
234
531
227
235
532
228
236
533
229
237
534
230
238
535
231
239
536
232
240
537
233
241
538
242
539
235
243
540
236
244
541
237
245
542
238
246
543
239
247
544
240
248
545
241
249
546
242
250
547
251
548
244
252
549
245
253
550
246
254
551
247
255
552
248
256
553
249
257
554
250
258
555
251
259
556
260
557
253
261
558
254
262
559
255
263
560
256
264
561
257
265
562
258
266
563
259
267
564
260
268
565
269
566
262
270
567
263
271
568
264
272
569
265
273
570
266
274
571
267
275
572
268
276
573
269
277
574
278
575
271
279
576
272
280
577
273
281
578
274
282
579
275
283
580
276
284
581
277
285
582
278
286
583
287
584
280
288
585
281
289
586
282
290
587
283
291
588
284
292
589
285
293
590
286
294
591
287
295
592
296
593
289
297
594
290
298
595
291
299
596
292
300
597
293
301
598
294
302
599
295
303
600
296
304
601
305
602
298
603
299
604
300
605
301
606
302
607
303
608
304
609
305
610
611
307
315
612
308
316
613
309
317
614
310
318
615
311
319
616
312
320
617
313
321
618
314
322
619
323
620
316
324
621
317
325
622
318
326
623
319
327
624
320
328
625
321
329
626
322
330
627
323
331
628
332
629
325
333
630
326
334
631
327
335
632
328
336
633
329
337
634
330
338
635
331
339
636
332
340
637
341
638
334
342
639
335
343
640
336
344
641
337
345
642
338
346
643
339
347
644
340
348
645
341
349
646
350
647
343
351
648
344
352
649
345
353
650
346
354
651
347
355
652
348
356
653
349
357
654
350
358
655
359
656
352
360
657
353
361
658
354
362
659
355
363
660
356
364
661
357
365
662
358
366
663
359
367
664
368
665
361
369
666
362
370
667
363
371
668
364
372
669
365
373
670
366
374
671
367
375
672
368
376
673
377
674
370
378
675
371
379
676
372
380
677
373
381
678
374
382
679
375
383
680
376
384
681
377
385
682
386
683
379
387
684
380
388
685
381
389
686
382
390
687
383
391
688
384
392
689
385
393
690
386
394
691
395
692
388
396
693
389
397
694
390
398
695
391
399
696
392
400
697
393
401
698
394
402
699
395
403
700
404
701
397
405
702
398
406
703
399
407
704
400
408
705
401
409
706
402
410
707
403
411
708
404
412
709
413
710
406
414
711
407
415
712
408
416
713
409
417
714
410
418
715
411
419
716
412
420
717
413
421
718
422
719
415
423
720
416
424
721
417
425
722
418
426
723
419
427
724
420
428
725
421
429
726
422
430
727
431
728
424
432
729
425
433
730
426
434
731
427
435
732
428
436
733
429
437
734
430
438
735
431
439
736
440
737
433
441
738
434
442
739
435
443
740
436
444
741
437
445
742
438
446
743
439
447
744
440
448
745
449
746
442
450
747
443
451
748
444
452
749
445
453
750
446
454
751
447
455
752
448
456
753
449
457
754
458
755
451
459
756
452
460
757
453
461
758
454
462
759
455
463
760
456
464
761
457
465
762
458
466
763
467
764
460
468
765
461
469
766
462
470
767
463
471
768
464
472
769
465
473
770
466
474
771
467
475
772
476
773
469
477
774
470
478
775
471
479
776
472
480
777
473
481
778
474
482
779
475
483
780
476
484
781
485
782
478
486
783
479
487
784
480
488
785
481
489
786
482
490
787
483
491
788
484
492
789
485
493
790
494
791
487
495
792
488
496
793
489
497
794
490
498
795
491
499
796
492
500
797
493
501
798
494
502
799
503
800
496
504
801
497
505
802
498
506
803
499
507
804
500
508
805
501
509
806
502
510
807
503
511
808
512
809
505
513
810
506
514
811
507
515
812
508
516
813
509
517
814
510
518
815
511
519
816
512
520
817
521
818
514
522
819
515
523
820
516
524
821
517
525
822
518
526
823
519
527
824
520
528
825
521
529
826
530
827
523
531
828
524
532
829
525
533
830
526
534
831
527
535
832
528
536
833
529
537
834
530
538
835
539
836
532
540
837
533
541
838
534
542
839
535
543
840
536
544
841
537
545
842
538
546
843
539
547
844
548
845
541
549
846
542
550
847
543
551
848
544
552
849
545
553
850
546
554
851
547
555
852
548
556
853
557
854
550
558
855
551
559
856
552
560
857
553
561
858
554
562
859
555
563
860
556
564
861
557
565
862
566
863
559
567
864
560
568
865
561
569
866
562
570
867
563
571
868
564
572
869
565
573
870
566
574
871
575
872
568
576
873
569
577
874
570
578
875
571
579
876
572
580
877
573
581
878
574
582
879
575
583
880
584
881
577
585
882
578
586
883
579
587
884
580
588
885
581
589
886
582
590
887
583
591
888
584
592
889
593
890
586
594
891
587
595
892
588
596
589
597
590
598
591
599
592
600
593
601
893
602
894
595
603
895
596
604
896
597
605
897
598
606
898
599
607
899
600
608
900
601
609
901
602
610
902
611
903
604
904
605
905
606
906
607
907
608
908
609
909
610
910
611
911
912
613
621
973
614
622
974
615
623
975
616
624
976
617
625
977
618
626
978
619
627
979
620
628
980
629
981
622
630
982
623
631
983
624
632
984
625
633
985
626
634
986
627
635
987
628
636
988
629
637
989
638
990
631
639
991
632
640
992
633
641
993
634
642
994
635
643
995
636
644
996
637
645
997
638
646
998
647
999
640
648
1000
641
649
1001
642
650
1002
643
651
1003
644
652
1004
645
653
1005
646
654
1006
647
655
1007
656
1008
649
657
1009
650
658
1010
651
659
1011
652
660
1012
653
661
1013
654
662
1014
655
663
1015
656
664
1016
665
1017
658
666
1018
659
667
1019
660
668
1020
661
669
1021
662
670
1022
663
671
1023
664
672
1024
665
673
1025
674
1026
667
675
1027
668
676
1028
669
677
1029
670
678
1030
671
679
1031
672
680
1032
673
681
1033
674
682
1034
683
1035
676
684
1036
677
685
1037
678
686
1038
679
687
1039
680
688
1040
681
689
1041
682
690
1042
683
691
1043
692
1044
685
693
1045
686
694
1046
687
695
1047
688
696
1048
689
697
1049
690
698
1050
691
699
1051
692
700
1052
701
1053
694
702
1054
695
703
1055
696
704
1056
697
705
1057
698
706
1058
699
707
1059
700
708
1060
701
709
1061
710
1062
703
711
1063
704
712
1064
705
713
1065
706
714
1066
707
715
1067
708
716
1068
709
717
1069
710
718
1070
719
1071
712
720
1072
713
721
1073
714
722
1074
715
723
1075
716
724
1076
717
725
1077
718
726
1078
719
727
1079
728
1080
721
729
1081
722
730
1082
723
731
1083
724
732
1084
725
733
1085
726
734
1086
727
735
1087
728
736
1088
737
1089
730
738
1090
731
739
1091
732
740
1092
733
741
1093
734
742
1094
735
743
1095
736
744
1096
737
745
1097
746
1098
739
747
1099
740
748
1100
741
749
1101
742
750
1102
743
751
1103
744
752
1104
745
753
1105
746
754
1106
755
1107
748
756
1108
749
757
1109
750
758
1110
751
759
1111
752
760
1112
753
761
1113
754
762
1114
755
763
1115
764
1116
757
765
1117
758
766
1118
759
767
1119
760
768
1120
761
769
1121
762
770
1122
763
771
1123
764
772
1124
773
1125
766
774
1126
767
775
1127
768
776
1128
769
777
1129
770
778
1130
771
779
1131
772
780
1132
773
781
1133
782
1134
775
783
1135
776
784
1136
777
785
1137
778
786
1138
779
787
1139
780
788
1140
781
789
1141
782
790
1142
791
1143
784
792
1144
785
793
1145
786
794
1146
787
795
1147
788
796
1148
789
797
1149
790
798
1150
791
799
1151
800
1152
793
801
1153
794
802
1154
795
803
1155
796
804
1156
797
805
1157
798
806
1158
799
807
1159
800
808
1160
809
1161
802
810
1162
803
811
1163
804
812
1164
805
813
1165
806
814
1166
807
815
1167
808
816
1168
809
817
1169
818
1170
811
819
1171
812
820
1172
813
821
1173
814
822
1174
815
823
1175
816
824
1176
817
825
1177
818
826
1178
827
1179
820
828
1180
821
829
1181
822
830
1182
823
831
1183
824
832
1184
825
833
1185
826
834
1186
827
835
1187
836
1188
829
837
1189
830
838
1190
831
839
1191
832
840
1192
833
841
1193
834
842
1194
835
843
1195
836
844
1196
845
1197
838
846
1198
839
847
1199
840
848
1200
841
849
1201
842
850
1202
843
851
1203
844
852
1204
845
853
1205
854
1206
847
855
1207
848
856
1208
849
857
1209
850
858
1210
851
859
1211
852
860
1212
853
861
1213
854
862
1214
863
1215
856
864
1216
857
865
1217
858
866
1218
859
867
1219
860
868
1220
861
869
1221
862
870
1222
863
871
1223
872
1224
865
873
1225
866
874
1226
867
875
1227
868
876
1228
869
877
1229
870
878
1230
871
879
1231
872
880
1232
881
1233
874
882
1234
875
883
1235
876
884
1236
877
885
1237
878
886
1238
879
887
1239
880
888
1240
881
889
1241
890
1242
883
891
1243
884
892
1244
885
1245
886
1246
887
1247
888
1248
889
1249
890
893
1250
894
1251
892
895
1252
896
1253
894
902
1254
903
1255
896
904
1256
897
905
1257
898
906
1258
899
907
1259
900
908
1260
901
909
1261
902
910
1262
903
911
1263
912
1264
905
1265
906
1266
907
913
1267
908
914
1268
909
915
1269
910
916
1270
911
917
1271
912
1272
1273
914
918
1274
915
919
1275
916
920
1276
917
921
1277
922
1278
919
923
1279
920
924
1280
921
925
1281
922
926
1282
927
1283
924
928
1284
925
929
1285
926
930
1286
927
931
1287
932
1288
929
933
1289
930
934
1290
931
935
1291
932
936
1292
937
1293
934
938
1294
935
939
1295
936
940
1296
937
941
1297
942
1298
939
943
1299
940
944
1300
941
945
1301
942
946
1302
947
1303
944
948
1304
945
949
1305
946
950
1306
947
951
1307
952
1308
949
953
1309
950
954
1310
951
955
1311
952
956
1312
957
1313
954
958
1314
955
959
1315
956
960
1316
957
961
1317
962
1318
959
963
1319
960
964
1320
961
965
1321
962
966
1322
967
1323
964
968
1324
965
969
1325
966
970
1326
967
971
1327
972
1328
969
1329
970
1330
971
1331
972
1332
1333
974
982
1334
975
983
1335
976
984
1336
977
985
1337
978
986
1338
979
987
1339
980
988
1340
981
989
1341
990
1342
983
991
1343
984
992
1344
985
993
1345
986
994
1346
987
995
1347
988
996
1348
989
997
1349
990
998
1350
999
1351
992
1000
1352
993
1001
1353
994
1002
1354
995
1003
1355
996
1004
1356
997
1005
1357
998
1006
1358
999
1007
1359
1008
1360
1001
1009
1361
1002
1010
1362
1003
1011
1363
1004
1012
1364
1005
1013
1365
1006
1014
1366
1007
1015
1367
1008
1016
1368
1017
1369
1010
1018
1370
1011
1019
1371
1012
1020
1372
1013
1021
1373
1014
1022
1374
1015
1023
1375
1016
1024
1376
1017
1025
1377
1026
1378
1019
1027
1379
1020
1028
1380
1021
1029
1381
1022
1030
1382
1023
1031
1383
1024
1032
1384
1025
1033
1385
1026
1034
1386
1035
1387
1028
1036
1388
1029
1037
1389
1030
1038
1390
1031
1039
1391
1032
1040
1392
1033
1041
1393
1034
1042
1394
1035
1043
1395
1044
1396
1037
1045
1397
1038
1046
1398
1039
1047
1399
1040
1048
1400
1041
1049
1401
1042
1050
1402
1043
1051
1403
1044
1052
1404
1053
1405
1046
1054
1406
1047
1055
1407
1048
1056
1408
1049
1057
1409
1050
1058
1410
1051
1059
1411
1052
1060
1412
1053
1061
1413
1062
1414
1055
1063
1415
1056
1064
1416
1057
1065
1417
1058
1066
1418
1059
1067
1419
1060
1068
1420
1061
1069
1421
1062
1070
1422
1071
1423
1064
1072
1424
1065
1073
1425
1066
1074
1426
1067
1075
1427
1068
1076
1428
1069
1077
1429
1070
1078
1430
1071
1079
1431
1080
1432
1073
1081
1433
1074
1082
1434
1075
1083
1435
1076
1084
1436
1077
1085
1437
1078
1086
1438
1079
1087
1439
1080
1088
1440
1089
1441
1082
1090
1442
1083
1091
1443
1084
1092
1444
1085
1093
1445
1086
1094
1446
1087
1095
1447
1088
1096
1448
1089
1097
1449
1098
1450
1091
1099
1451
1092
1100
1452
1093
1101
1453
1094
1102
1454
1095
1103
1455
1096
1104
1456
1097
1105
1457
1098
1106
1458
1107
1459
1100
1108
1460
1101
1109
1461
1102
1110
1462
1103
1111
1463
1104
1112
1464
1105
1113
1465
1106
1114
1466
1107
1115
1467
1116
1468
1109
1117
1469
1110
1118
1470
1111
1119
1471
1112
1120
1472
1113
1121
1473
1114
1122
1474
1115
1123
1475
1116
1124
1476
1125
1477
1118
1126
1478
1119
1127
1479
1120
1128
1480
1121
1129
1481
1122
1130
1482
1123
1131
1483
1124
1132
1484
1125
1133
1485
1134
1486
1127
1135
1487
1128
1136
1488
1129
1137
1489
1130
1138
1490
1131
1139
1491
1132
1140
1492
1133
1141
1493
1134
1142
1494
1143
1495
1136
1144
1496
1137
1145
1497
1138
1146
1498
1139
1147
1499
1140
1148
1500
1141
1149
1501
1142
1150
1502
1143
1151
1503
1152
1504
1145
1153
1505
1146
1154
1506
1147
1155
1507
1148
1156
1508
1149
1157
1509
1150
1158
1510
1151
1159
1511
1152
1160
1512
1161
1513
1154
1162
1514
1155
1163
1515
1156
1164
1516
1157
1165
1517
1158
1166
1518
1159
1167
1519
1160
1168
1520
1161
1169
1521
1170
1522
1163
1171
1523
1164
1172
1524
1165
1173
1525
1166
1174
1526
1167
1175
1527
1168
1176
1528
1169
1177
1529
1170
1178
1530
1179
1531
1172
1180
1532
1173
1181
1533
1174
1182
1534
1175
1183
1535
1176
1184
1536
1177
1185
1537
1178
1186
1538
1179
1187
1539
1188
1540
1181
1189
1541
1182
1190
1542
1183
1191
1543
1184
1192
1544
1185
1193
1545
1186
1194
1546
1187
1195
1547
1188
1196
1548
1197
1549
1190
1198
1550
1191
1199
1551
1192
1200
1552
1193
1201
1553
1194
1202
1554
1195
1203
1555
1196
1204
1556
1197
1205
1557
1206
1558
1199
1207
1559
1200
1208
1560
1201
1209
1561
1202
1210
1562
1203
1211
1563
1204
1212
1564
1205
1213
1565
1206
1214
1566
1215
1567
1208
1216
1568
1209
1217
1569
1210
1218
1570
1211
1219
1571
1212
1220
1572
1213
1221
1573
1214
1222
1574
1215
1223
1575
1224
1576
1217
1225
1577
1218
1226
1578
1219
1227
1579
1220
1228
1580
1221
1229
1581
1222
1230
1582
1223
1231
1583
1224
1232
1584
1233
1585
1226
1234
1586
1227
1235
1587
1228
1236
1588
1229
1237
1589
1230
1238
1590
1231
1239
1591
1232
1240
1592
1233
1241
1593
1242
1594
1235
1243
1595
1236
1244
1596
1237
1245
1597
1238
1246
1598
1239
1247
1599
1240
1248
1600
1241
1249
1601
1242
1250
1602
1251
1603
1244
1252
1604
1245
1253
1605
1246
1606
1247
1607
1248
1608
1249
1609
1250
1610
1251
1254
1611
1255
1612
1253
1256
1613
1257
1614
1255
1263
1615
1264
1616
1257
1265
1617
1258
1266
1618
1259
1267
1619
1260
1268
1620
1261
1269
1621
1262
1270
1622
1263
1271
1623
1264
1272
1624
1273
1625
1266
1626
1267
1627
1268
1274
1628
1269
1275
1629
1270
1276
1630
1271
1277
1631
1272
1278
1632
1273
1633
1634
1275
1279
1635
1276
1280
1636
1277
1281
1637
1278
1282
1638
1283
1639
1280
1284
1640
1281
1285
1641
1282
1286
1642
1283
1287
1643
1288
1644
1285
1289
1645
1286
1290
1646
1287
1291
1647
1288
1292
1648
1293
1649
1290
1294
1650
1291
1295
1651
1292
1296
1652
1293
1297
1653
1298
1654
1295
1299
1655
1296
1300
1656
1297
1301
1657
1298
1302
1658
1303
1659
1300
1304
1660
1301
1305
1661
1302
1306
1662
1303
1307
1663
1308
1664
1305
1309
1665
1306
1310
1666
1307
1311
1667
1308
1312
1668
1313
1669
1310
1314
1670
1311
1315
1671
1312
1316
1672
1313
1317
1673
1318
1674
1315
1319
1675
1316
1320
1676
1317
1321
1677
1318
1322
1678
1323
1679
1320
1324
1680
1321
1325
1681
1322
1326
1682
1323
1327
1683
1328
1684
1325
1329
1685
1326
1330
1686
1327
1331
1687
1328
1332
1688
1333
1689
1330
1690
1331
1691
1332
1692
1333
1693
1694
1335
1343
1695
1336
1344
1696
1337
1345
1697
1338
1346
1698
1339
1347
1699
1340
1348
1700
1341
1349
1701
1342
1350
1702
1351
1703
1344
1352
1704
1345
1353
1705
1346
1354
1706
1347
1355
1707
1348
1356
1708
1349
1357
1709
1350
1358
1710
1351
1359
1711
1360
1712
1353
1361
1713
1354
1362
1714
1355
1363
1715
1356
1364
1716
1357
1365
1717
1358
1366
1718
1359
1367
1719
1360
1368
1720
1369
1721
1362
1370
1722
1363
1371
1723
1364
1372
1724
1365
1373
1725
1366
1374
1726
1367
1375
1727
1368
1376
1728
1369
1377
1729
1378
1730
1371
1379
1731
1372
1380
1732
1373
1381
1733
1374
1382
1734
1375
1383
1735
1376
1384
1736
1377
1385
1737
1378
1386
1738
1387
1739
1380
1388
1740
1381
1389
1741
1382
1390
1742
1383
1391
1743
1384
1392
1744
1385
1393
1745
1386
1394
1746
1387
1395
1747
1396
1748
1389
1397
1749
1390
1398
1750
1391
1399
1751
1392
1400
1752
1393
1401
1753
1394
1402
1754
1395
1403
1755
1396
1404
1756
1405
1757
1398
1406
1758
1399
1407
1759
1400
1408
1760
1401
1409
1761
1402
1410
1762
1403
1411
1763
1404
1412
1764
1405
1413
1765
1414
1766
1407
1415
1767
1408
1416
1768
1409
1417
1769
1410
1418
1770
1411
1419
1771
1412
1420
1772
1413
1421
1773
1414
1422
1774
1423
1775
1416
1424
1776
1417
1425
1777
1418
1426
1778
1419
1427
1779
1420
1428
1780
1421
1429
1781
1422
1430
1782
1423
1431
1783
1432
1784
1425
1433
1785
1426
1434
1786
1427
1435
1787
1428
1436
1788
1429
1437
1789
1430
1438
1790
1431
1439
1791
1432
1440
1792
1441
1793
1434
1442
1794
1435
1443
1795
1436
1444
1796
1437
1445
1797
1438
1446
1798
1439
1447
1799
1440
1448
1800
1441
1449
1801
1450
1802
1443
1451
1803
1444
1452
1804
1445
1453
1805
1446
1454
1806
1447
1455
1807
1448
1456
1808
1449
1457
1809
1450
1458
1810
1459
1811
1452
1460
1812
1453
1461
1813
1454
1462
1814
1455
1463
1815
1456
1464
1816
1457
1465
1817
1458
1466
1818
1459
1467
1819
1468
1820
1461
1469
1821
1462
1470
1822
1463
1471
1823
1464
1472
1824
1465
1473
1825
1466
1474
1826
1467
1475
1827
1468
1476
1828
1477
1829
1470
1478
1830
1471
1479
1831
1472
1480
1832
1473
1481
1833
1474
1482
1834
1475
1483
1835
1476
1484
1836
1477
1485
1837
1486
1838
1479
1487
1839
1480
1488
1840
1481
1489
1841
1482
1490
1842
1483
1491
1843
1484
1492
1844
1485
1493
1845
1486
1494
1846
1495
1847
1488
1496
1848
1489
1497
1849
1490
1498
1850
1491
1499
1851
1492
1500
1852
1493
1501
1853
1494
1502
1854
1495
1503
1855
1504
1856
1497
1505
1857
1498
1506
1858
1499
1507
1859
1500
1508
1860
1501
1509
1861
1502
1510
1862
1503
1511
1863
1504
1512
1864
1513
1865
1506
1514
1866
1507
1515
1867
1508
1516
1868
1509
1517
1869
1510
1518
1870
1511
1519
1871
1512
1520
1872
1513
1521
1873
1522
1874
1515
1523
1875
1516
1524
1876
1517
1525
1877
1518
1526
1878
1519
1527
1879
1520
1528
1880
1521
1529
1881
1522
1530
1882
1531
1883
1524
1532
1884
1525
1533
1885
1526
1534
1886
1527
1535
1887
1528
1536
1888
1529
1537
1889
1530
1538
1890
1531
1539
1891
1540
1892
1533
1541
1893
1534
1542
1894
1535
1543
1895
1536
1544
1896
1537
1545
1897
1538
1546
1898
1539
1547
1899
1540
1548
1900
1549
1901
1542
1550
1902
1543
1551
1903
1544
1552
1904
1545
1553
1905
1546
1554
1906
1547
1555
1907
1548
1556
1908
1549
1557
1909
1558
1910
1551
1559
1911
1552
1560
1912
1553
1561
1913
1554
1562
1914
1555
1563
1915
1556
1564
1916
1557
1565
1917
1558
1566
1918
1567
1919
1560
1568
1920
1561
1569
1921
1562
1570
1922
1563
1571
1923
1564
1572
1924
1565
1573
1925
1566
1574
1926
1567
1575
1927
1576
1928
1569
1577
1929
1570
1578
1930
1571
1579
1931
1572
1580
1932
1573
1581
1933
1574
1582
1934
1575
1583
1935
1576
1584
1936
1585
1937
1578
1586
1938
1579
1587
1939
1580
1588
1940
1581
1589
1941
1582
1590
1942
1583
1591
1943
1584
1592
1944
1585
1593
1945
1594
1946
1587
1595
1947
1588
1596
1948
1589
1597
1949
1590
1598
1950
1591
1599
1951
1592
1600
1952
1593
1601
1953
1594
1602
1954
1603
1955
1596
1604
1956
1597
1605
1957
1598
1606
1958
1599
1607
1959
1600
1608
1960
1601
1609
1961
1602
1610
1962
1603
1611
1963
1612
1964
1605
1613
1965
1606
1614
1966
1607
1967
1608
1968
1609
1969
1610
1970
1611
1971
1612
1615
1972
1616
1973
1614
1617
1974
1618
1975
1616
1624
1976
1625
1977
1618
1626
1978
1619
1627
1979
1620
1628
1980
1621
1629
1981
1622
1630
1982
1623
1631
1983
1624
1632
1984
1625
1633
1985
1634
1986
1627
1987
1628
1988
1629
1635
1989
1630
1636
1990
1631
1637
1991
1632
1638
1992
1633
1639
1993
1634
1994
1995
1636
1640
1996
1637
1641
1997
1638
1642
1998
1639
1643
1999
1644
2000
1641
1645
2001
1642
1646
2002
1643
1647
2003
1644
1648
2004
1649
2005
1646
1650
2006
1647
1651
2007
1648
1652
2008
1649
1653
2009
1654
2010
1651
1655
2011
1652
1656
2012
1653
1657
2013
1654
1658
2014
1659
2015
1656
1660
2016
1657
1661
2017
1658
1662
2018
1659
1663
2019
1664
2020
1661
1665
2021
1662
1666
2022
1663
1667
2023
1664
1668
2024
1669
2025
1666
1670
2026
1667
1671
2027
1668
1672
2028
1669
1673
2029
1674
2030
1671
1675
2031
1672
1676
2032
1673
1677
2033
1674
1678
2034
1679
2035
1676
1680
2036
1677
1681
2037
1678
1682
2038
1679
1683
2039
1684
2040
1681
1685
2041
1682
1686
2042
1683
1687
2043
1684
1688
2044
1689
2045
1686
1690
2046
1687
1691
2047
1688
1692
2048
1689
1693
2049
1694
2050
1691
2051
1692
2052
1693
2053
1694
2054
2055
1696
1704
2056
1697
1705
2057
1698
1706
2058
1699
1707
2059
1700
1708
2060
1701
1709
2061
1702
1710
2062
1703
1711
2063
1712
2064
1705
1713
2065
1706
1714
2066
1707
1715
2067
1708
1716
2068
1709
1717
2069
1710
1718
2070
1711
1719
2071
1712
1720
2072
1721
2073
1714
1722
2074
1715
1723
2075
1716
1724
2076
1717
1725
2077
1718
1726
2078
1719
1727
2079
1720
1728
2080
1721
1729
2081
1730
2082
1723
1731
2083
1724
1732
2084
1725
1733
2085
1726
1734
2086
1727
1735
2087
1728
1736
2088
1729
1737
2089
1730
1738
2090
1739
2091
1732
1740
2092
1733
1741
2093
1734
1742
2094
1735
1743
2095
1736
1744
2096
1737
1745
2097
1738
1746
2098
1739
1747
2099
1748
2100
1741
1749
2101
1742
1750
2102
1743
1751
2103
1744
1752
2104
1745
1753
2105
1746
1754
2106
1747
1755
2107
1748
1756
2108
1757
2109
1750
1758
2110
1751
1759
2111
1752
1760
2112
1753
1761
2113
1754
1762
2114
1755
1763
2115
1756
1764
2116
1757
1765
2117
1766
2118
1759
1767
2119
1760
1768
2120
1761
1769
2121
1762
1770
2122
1763
1771
2123
1764
1772
2124
1765
1773
2125
1766
1774
2126
1775
2127
1768
1776
2128
1769
1777
2129
1770
1778
2130
1771
1779
2131
1772
1780
2132
1773
1781
2133
1774
1782
2134
1775
1783
2135
1784
2136
1777
1785
2137
1778
1786
2138
1779
1787
2139
1780
1788
2140
1781
1789
2141
1782
1790
2142
1783
1791
2143
1784
1792
2144
1793
2145
1786
1794
2146
1787
1795
2147
1788
1796
2148
1789
1797
2149
1790
1798
2150
1791
1799
2151
1792
1800
2152
1793
1801
2153
1802
2154
1795
1803
2155
1796
1804
2156
1797
1805
2157
1798
1806
2158
1799
1807
2159
1800
1808
2160
1801
1809
2161
1802
1810
2162
1811
2163
1804
1812
2164
1805
1813
2165
1806
1814
2166
1807
1815
2167
1808
1816
2168
1809
1817
2169
1810
1818
2170
1811
1819
2171
1820
2172
1813
1821
2173
1814
1822
2174
1815
1823
2175
1816
1824
2176
1817
1825
2177
1818
1826
2178
1819
1827
2179
1820
1828
2180
1829
2181
1822
1830
2182
1823
1831
2183
1824
1832
2184
1825
1833
2185
1826
1834
2186
1827
1835
2187
1828
1836
2188
1829
1837
2189
1838
2190
1831
1839
2191
1832
1840
2192
1833
1841
2193
1834
1842
2194
1835
1843
2195
1836
1844
2196
1837
1845
2197
1838
1846
2198
1847
2199
1840
1848
2200
1841
1849
2201
1842
1850
2202
1843
1851
2203
1844
1852
2204
1845
1853
2205
1846
1854
2206
1847
1855
2207
1856
2208
1849
1857
2209
1850
1858
2210
1851
1859
2211
1852
1860
2212
1853
1861
2213
1854
1862
2214
1855
1863
2215
1856
1864
2216
1865
2217
1858
1866
2218
1859
1867
2219
1860
1868
2220
1861
1869
2221
1862
1870
2222
1863
1871
2223
1864
1872
2224
1865
1873
2225
1874
2226
1867
1875
2227
1868
1876
2228
1869
1877
2229
1870
1878
2230
1871
1879
2231
1872
1880
2232
1873
1881
2233
1874
1882
2234
1883
2235
1876
1884
2236
1877
1885
2237
1878
1886
2238
1879
1887
2239
1880
1888
2240
1881
1889
2241
1882
1890
2242
1883
1891
2243
1892
2244
1885
1893
2245
1886
1894
2246
1887
1895
2247
1888
1896
2248
1889
1897
2249
1890
1898
2250
1891
1899
2251
1892
1900
2252
1901
2253
1894
1902
2254
1895
1903
2255
1896
1904
2256
1897
1905
2257
1898
1906
2258
1899
1907
2259
1900
1908
2260
1901
1909
2261
1910
2262
1903
1911
2263
1904
1912
2264
1905
1913
2265
1906
1914
2266
1907
1915
2267
1908
1916
2268
1909
1917
2269
1910
1918
2270
1919
2271
1912
1920
2272
1913
1921
2273
1914
1922
2274
1915
1923
2275
1916
1924
2276
1917
1925
2277
1918
1926
2278
1919
1927
2279
1928
2280
1921
1929
2281
1922
1930
2282
1923
1931
2283
1924
1932
2284
1925
1933
2285
1926
1934
2286
1927
1935
2287
1928
1936
2288
1937
2289
1930
1938
2290
1931
1939
2291
1932
1940
2292
1933
1941
2293
1934
1942
2294
1935
1943
2295
1936
1944
2296
1937
1945
2297
1946
2298
1939
1947
2299
1940
1948
2300
1941
1949
2301
1942
1950
2302
1943
1951
2303
1944
1952
2304
1945
1953
2305
1946
1954
2306
1955
2307
1948
1956
2308
1949
1957
2309
1950
1958
2310
1951
1959
2311
1952
1960
2312
1953
1961
2313
1954
1962
2314
1955
1963
2315
1964
2316
1957
1965
2317
1958
1966
2318
1959
1967
2319
1960
1968
2320
1961
1969
2321
1962
1970
2322
1963
1971
2323
1964
1972
2324
1973
2325
1966
1974
2326
1967
1975
2327
1968
2328
1969
2329
1970
2330
1971
2331
1972
2332
1973
1976
2333
1977
2334
1975
1978
2335
1979
2336
1977
1985
2337
1986
2338
1979
1987
2339
1980
1988
2340
1981
1989
2341
1982
1990
2342
1983
1991
2343
1984
1992
2344
1985
1993
2345
1986
1994
2346
1995
2347
1988
2348
1989
2349
1990
1996
2350
1991
1997
2351
1992
1998
2352
1993
1999
2353
1994
2000
2354
1995
2355
2356
1997
2001
2357
1998
2002
2358
1999
2003
2359
2000
2004
2360
2005
2361
2002
2006
2362
2003
2007
2363
2004
2008
2364
2005
2009
2365
2010
2366
2007
2011
2367
2008
2012
2368
2009
2013
2369
2010
2014
2370
2015
2371
2012
2016
2372
2013
2017
2373
2014
2018
2374
2015
2019
2375
2020
2376
2017
2021
2377
2018
2022
2378
2019
2023
2379
2020
2024
2380
2025
2381
2022
2026
2382
2023
2027
2383
2024
2028
2384
2025
2029
2385
2030
2386
2027
2031
2387
2028
2032
2388
2029
2033
2389
2030
2034
2390
2035
2391
2032
2036
2392
2033
2037
2393
2034
2038
2394
2035
2039
2395
2040
2396
2037
2041
2397
2038
2042
2398
2039
2043
2399
2040
2044
2400
2045
2401
2042
2046
2402
2043
2047
2403
2044
2048
2404
2045
2049
2405
2050
2406
2047
2051
2407
2048
2052
2408
2049
2053
2409
2050
2054
2410
2055
2411
2052
2412
2053
2413
2054
2414
2055
2415
2416
2057
2065
2417
2058
2066
2418
2059
2067
2419
2060
2068
2420
2061
2069
2421
2062
2070
2422
2063
2071
2423
2064
2072
2424
2073
2425
2066
2074
2426
2067
2075
2427
2068
2076
2428
2069
2077
2429
2070
2078
2430
2071
2079
2431
2072
2080
2432
2073
2081
2433
2082
2434
2075
2083
2435
2076
2084
2436
2077
2085
2437
2078
2086
2438
2079
2087
2439
2080
2088
2440
2081
2089
2441
2082
2090
2442
2091
2443
2084
2092
2444
2085
2093
2445
2086
2094
2446
2087
2095
2447
2088
2096
2448
2089
2097
2449
2090
2098
2450
2091
2099
2451
2100
2452
2093
2101
2453
2094
2102
2454
2095
2103
2455
2096
2104
2456
2097
2105
2457
2098
2106
2458
2099
2107
2459
2100
2108
2460
2109
2461
2102
2110
2462
2103
2111
2463
2104
2112
2464
2105
2113
2465
2106
2114
2466
2107
2115
2467
2108
2116
2468
2109
2117
2469
2118
2470
2111
2119
2471
2112
2120
2472
2113
2121
2473
2114
2122
2474
2115
2123
2475
2116
2124
2476
2117
2125
2477
2118
2126
2478
2127
2479
2120
2128
2480
2121
2129
2481
2122
2130
2482
2123
2131
2483
2124
2132
2484
2125
2133
2485
2126
2134
2486
2127
2135
2487
2136
2488
2129
2137
2489
2130
2138
2490
2131
2139
2491
2132
2140
2492
2133
2141
2493
2134
2142
2494
2135
2143
2495
2136
2144
2496
2145
2497
2138
2146
2498
2139
2147
2499
2140
2148
2500
2141
2149
2501
2142
2150
2502
2143
2151
2503
2144
2152
2504
2145
2153
2505
2154
2506
2147
2155
2507
2148
2156
2508
2149
2157
2509
2150
2158
2510
2151
2159
2511
2152
2160
2512
2153
2161
2513
2154
2162
2514
2163
2515
2156
2164
2516
2157
2165
2517
2158
2166
2518
2159
2167
2519
2160
2168
2520
2161
2169
2521
2162
2170
2522
2163
2171
2523
2172
2524
2165
2173
2525
2166
2174
2526
2167
2175
2527
2168
2176
2528
2169
2177
2529
2170
2178
2530
2171
2179
2531
2172
2180
2532
2181
2533
2174
2182
2534
2175
2183
2535
2176
2184
2536
2177
2185
2537
2178
2186
2538
2179
2187
2539
2180
2188
2540
2181
2189
2541
2190
2542
2183
2191
2543
2184
2192
2544
2185
2193
2545
2186
2194
2546
2187
2195
2547
2188
2196
2548
2189
2197
2549
2190
2198
2550
2199
2551
2192
2200
2552
2193
2201
2553
2194
2202
2554
2195
2203
2555
2196
2204
2556
2197
2205
2557
2198
2206
2558
2199
2207
2559
2208
2560
2201
2209
2561
2202
2210
2562
2203
2211
2563
2204
2212
2564
2205
2213
2565
2206
2214
2566
2207
2215
2567
2208
2216
2568
2217
2569
2210
2218
2570
2211
2219
2571
2212
2220
2572
2213
2221
2573
2214
2222
2574
2215
2223
2575
2216
2224
2576
2217
2225
2577
2226
2578
2219
2227
2579
2220
2228
2580
2221
2229
2581
2222
2230
2582
2223
2231
2583
2224
2232
2584
2225
2233
2585
2226
2234
2586
2235
2587
2228
2236
2588
2229
2237
2589
2230
2238
2590
2231
2239
2591
2232
2240
2592
2233
2241
2593
2234
2242
2594
2235
2243
2595
2244
2596
2237
2245
2597
2238
2246
2598
2239
2247
2599
2240
2248
2600
2241
2249
2601
2242
2250
2602
2243
2251
2603
2244
2252
2604
2253
2605
2246
2254
2606
2247
2255
2607
2248
2256
2608
2249
2257
2609
2250
2258
2610
2251
2259
2611
2252
2260
2612
2253
2261
2613
2262
2614
2255
2263
2615
2256
2264
2616
2257
2265
2617
2258
2266
2618
2259
2267
2619
2260
2268
2620
2261
2269
2621
2262
2270
2622
2271
2623
2264
2272
2624
2265
2273
2625
2266
2274
2626
2267
2275
2627
2268
2276
2628
2269
2277
2629
2270
2278
2630
2271
2279
2631
2280
2632
2273
2281
2633
2274
2282
2634
2275
2283
2635
2276
2284
2636
2277
2285
2637
2278
2286
2638
2279
2287
2639
2280
2288
2640
2289
2641
2282
2290
2642
2283
2291
2643
2284
2292
2644
2285
2293
2645
2286
2294
2646
2287
2295
2647
2288
2296
2648
2289
2297
2649
2298
2650
2291
2299
2651
2292
2300
2652
2293
2301
2653
2294
2302
2654
2295
2303
2655
2296
2304
2656
2297
2305
2657
2298
2306
2658
2307
2659
2300
2308
2660
2301
2309
2661
2302
2310
2662
2303
2311
2663
2304
2312
2664
2305
2313
2665
2306
2314
2666
2307
2315
2667
2316
2668
2309
2317
2669
2310
2318
2670
2311
2319
2671
2312
2320
2672
2313
2321
2673
2314
2322
2674
2315
2323
2675
2316
2324
2676
2325
2677
2318
2326
2678
2319
2327
2679
2320
2328
2680
2321
2329
2681
2322
2330
2682
2323
2331
2683
2324
2332
2684
2325
2333
2685
2334
2686
2327
2335
2687
2328
2336
2688
2329
2689
2330
2690
2331
2691
2332
2692
2333
2693
2334
2337
2694
2338
2695
2336
2339
2696
2340
2697
2338
2346
2703
2347
2704
2340
2348
2705
2341
2349
2706
2342
2350
2707
2343
2351
2708
2344
2352
2709
2345
2353
2710
2346
2354
2711
2347
2355
2712
2356
2713
2349
2714
2350
2715
2351
2357
2716
2352
2358
2717
2353
2359
2718
2354
2360
2719
2355
2361
2720
2356
2721
2722
2358
2362
2359
2363
2360
2364
2361
2365
2366
2363
2367
2364
2368
2365
2369
2366
2370
2371
2368
2372
2369
2373
2370
2374
2371
2375
2376
2373
2377
2374
2378
2375
2379
2376
2380
2381
2378
2382
2379
2383
2380
2384
2381
2385
2386
2383
2387
2384
2388
2385
2389
2386
2390
2391
2388
2392
2389
2393
2390
2394
2391
2395
2396
2393
2397
2394
2398
2395
2399
2396
2400
2401
2398
2402
2399
2403
2400
2404
2401
2405
2406
2403
2407
2404
2408
2405
2409
2406
2410
2411
2408
2412
2409
2413
2410
2414
2411
2415
2416
2413
2414
2415
2416
2418
2426
2723
2419
2427
2724
2420
2428
2725
2421
2429
2726
2422
2430
2727
2423
2431
2728
2424
2432
2729
2425
2433
2730
2434
2731
2427
2435
2732
2428
2436
2733
2429
2437
2734
2430
2438
2735
2431
2439
2736
2432
2440
2737
2433
2441
2738
2434
2442
2739
2443
2740
2436
2444
2741
2437
2445
2742
2438
2446
2743
2439
2447
2744
2440
2448
2745
2441
2449
2746
2442
2450
2747
2443
2451
2748
2452
2749
2445
2453
2750
2446
2454
2751
2447
2455
2752
2448
2456
2753
2449
2457
2754
2450
2458
2755
2451
2459
2756
2452
2460
2757
2461
2758
2454
2462
2759
2455
2463
2760
2456
2464
2761
2457
2465
2762
2458
2466
2763
2459
2467
2764
2460
2468
2765
2461
2469
2766
2470
2767
2463
2471
2768
2464
2472
2769
2465
2473
2770
2466
2474
2771
2467
2475
2772
2468
2476
2773
2469
2477
2774
2470
2478
2775
2479
2776
2472
2480
2777
2473
2481
2778
2474
2482
2779
2475
2483
2780
2476
2484
2781
2477
2485
2782
2478
2486
2783
2479
2487
2784
2488
2785
2481
2489
2786
2482
2490
2787
2483
2491
2788
2484
2492
2789
2485
2493
2790
2486
2494
2791
2487
2495
2792
2488
2496
2793
2497
2794
2490
2498
2795
2491
2499
2796
2492
2500
2797
2493
2501
2798
2494
2502
2799
2495
2503
2800
2496
2504
2801
2497
2505
2802
2506
2803
2499
2507
2804
2500
2508
2805
2501
2509
2806
2502
2510
2807
2503
2511
2808
2504
2512
2809
2505
2513
2810
2506
2514
2811
2515
2812
2508
2516
2813
2509
2517
2814
2510
2518
2815
2511
2519
2816
2512
2520
2817
2513
2521
2818
2514
2522
2819
2515
2523
2820
2524
2821
2517
2525
2822
2518
2526
2823
2519
2527
2824
2520
2528
2825
2521
2529
2826
2522
2530
2827
2523
2531
2828
2524
2532
2829
2533
2830
2526
2534
2831
2527
2535
2832
2528
2536
2833
2529
2537
2834
2530
2538
2835
2531
2539
2836
2532
2540
2837
2533
2541
2838
2542
2839
2535
2543
2840
2536
2544
2841
2537
2545
2842
2538
2546
2843
2539
2547
2844
2540
2548
2845
2541
2549
2846
2542
2550
2847
2551
2848
2544
2552
2849
2545
2553
2850
2546
2554
2851
2547
2555
2852
2548
2556
2853
2549
2557
2854
2550
2558
2855
2551
2559
2856
2560
2857
2553
2561
2858
2554
2562
2859
2555
2563
2860
2556
2564
2861
2557
2565
2862
2558
2566
2863
2559
2567
2864
2560
2568
2865
2569
2866
2562
2570
2867
2563
2571
2868
2564
2572
2869
2565
2573
2870
2566
2574
2871
2567
2575
2872
2568
2576
2873
2569
2577
2874
2578
2875
2571
2579
2876
2572
2580
2877
2573
2581
2878
2574
2582
2879
2575
2583
2880
2576
2584
2881
2577
2585
2882
2578
2586
2883
2587
2884
2580
2588
2885
2581
2589
2886
2582
2590
2887
2583
2591
2888
2584
2592
2889
2585
2593
2890
2586
2594
2891
2587
2595
2892
2596
2893
2589
2597
2894
2590
2598
2895
2591
2599
2896
2592
2600
2897
2593
2601
2898
2594
2602
2899
2595
2603
2900
2596
2604
2901
2605
2902
2598
2606
2903
2599
2607
2904
2600
2608
2905
2601
2609
2906
2602
2610
2907
2603
2611
2908
2604
2612
2909
2605
2613
2910
2614
2911
2607
2615
2912
2608
2616
2913
2609
2617
2914
2610
2618
2915
2611
2619
2916
2612
2620
2917
2613
2621
2918
2614
2622
2919
2623
2920
2616
2624
2921
2617
2625
2922
2618
2626
2923
2619
2627
2924
2620
2628
2925
2621
2629
2926
2622
2630
2927
2623
2631
2928
2632
2929
2625
2633
2930
2626
2634
2931
2627
2635
2932
2628
2636
2933
2629
2637
2934
2630
2638
2935
2631
2639
2936
2632
2640
2937
2641
2938
2634
2642
2939
2635
2643
2940
2636
2644
2941
2637
2645
2942
2638
2646
2943
2639
2647
2944
2640
2648
2945
2641
2649
2946
2650
2947
2643
2651
2948
2644
2652
2949
2645
2653
2950
2646
2654
2951
2647
2655
2952
2648
2656
2953
2649
2657
2954
2650
2658
2955
2659
2956
2652
2660
2957
2653
2661
2958
2654
2662
2959
2655
2663
2960
2656
2664
2961
2657
2665
2962
2658
2666
2963
2659
2667
2964
2668
2965
2661
2669
2966
2662
2670
2967
2663
2671
2968
2664
2672
2969
2665
2673
2970
2666
2674
2971
2667
2675
2972
2668
2676
2973
2677
2974
2670
2678
2975
2671
2679
2976
2672
2680
2977
2673
2681
2978
2674
2682
2979
2675
2683
2980
2676
2684
2981
2677
2685
2982
2686
2983
2679
2687
2984
2680
2688
2985
2681
2689
2986
2682
2690
2987
2683
2691
2988
2684
2692
2989
2685
2693
2990
2686
2694
2991
2695
2992
2688
2696
2993
2689
2697
2994
2690
2698
2995
2691
2699
2996
2692
2700
2997
2693
2701
2998
2694
2702
2999
2695
2703
3000
2704
3001
2697
2705
3002
2698
2706
3003
2699
2707
3004
2700
2708
3005
2701
2709
3006
2702
2710
3007
2703
2711
3008
2704
2712
3009
2713
3010
2706
2714
3011
2707
2715
3012
2708
2716
3013
2709
2717
3014
2710
2718
3015
2711
2719
3016
2712
2720
3017
2713
2721
3018
2722
3019
2715
3020
2716
3021
2717
3022
2718
3023
2719
3024
2720
3025
2721
3026
2722
3027
3028
2724
2732
2725
2733
2726
2734
2727
2735
2728
2736
2729
2737
2730
2738
2731
2739
2740
2733
2741
2734
2742
2735
2743
2736
2744
2737
2745
2738
2746
2739
2747
2740
2748
2749
2742
2750
2743
2751
2744
2752
2745
2753
2746
2754
2747
2755
2748
2756
2749
2757
2758
2751
2759
2752
2760
2753
2761
2754
2762
2755
2763
2756
2764
2757
2765
2758
2766
2767
2760
2768
2761
2769
2762
2770
2763
2771
2764
2772
2765
2773
2766
2774
2767
2775
2776
2769
2777
2770
2778
2771
2779
2772
2780
2773
2781
2774
2782
2775
2783
2776
2784
2785
2778
2786
2779
2787
2780
2788
2781
2789
2782
2790
2783
2791
2784
2792
2785
2793
2794
2787
2795
2788
2796
2789
2797
2790
2798
2791
2799
2792
2800
2793
2801
2794
2802
2803
2796
2804
2797
2805
2798
2806
2799
2807
2800
2808
2801
2809
2802
2810
2803
2811
2812
2805
2813
2806
2814
2807
2815
2808
2816
2809
2817
2810
2818
2811
2819
2812
2820
2821
2814
2822
2815
2823
2816
2824
2817
2825
2818
2826
2819
2827
2820
2828
2821
2829
2830
2823
2831
2824
2832
2825
2833
2826
2834
2827
2835
2828
2836
2829
2837
2830
2838
2839
2832
2840
2833
2841
2834
2842
2835
2843
2836
2844
2837
2845
2838
2846
2839
2847
2848
2841
2849
2842
2850
2843
2851
2844
2852
2845
2853
2846
2854
2847
2855
2848
2856
2857
2850
2858
2851
2859
2852
2860
2853
2861
2854
2862
2855
2863
2856
2864
2857
2865
2866
2859
2867
2860
2868
2861
2869
2862
2870
2863
2871
2864
2872
2865
2873
2866
2874
2875
2868
2876
2869
2877
2870
2878
2871
2879
2872
2880
2873
2881
2874
2882
2875
2883
2884
2877
2885
2878
2886
2879
2887
2880
2888
2881
2889
2882
2890
2883
2891
2884
2892
2893
2886
2894
2887
2895
2888
2896
2889
2897
2890
2898
2891
2899
2892
2900
2893
2901
2902
2895
2903
2896
2904
2897
2905
2898
2906
2899
2907
2900
2908
2901
2909
2902
2910
2911
2904
2912
2905
2913
2906
2914
2907
2915
2908
2916
2909
2917
2910
2918
2911
2919
2920
2913
2921
2914
2922
2915
2923
2916
2924
2917
2925
2918
2926
2919
2927
2920
2928
2929
2922
2930
2923
2931
2924
2932
2925
2933
2926
2934
2927
2935
2928
2936
2929
2937
2938
2931
2939
2932
2940
2933
2941
2934
2942
2935
2943
2936
2944
2937
2945
2938
2946
2947
2940
2948
2941
2949
2942
2950
2943
2951
2944
2952
2945
2953
2946
2954
2947
2955
2956
2949
2957
2950
2958
2951
2959
2952
2960
2953
2961
2954
2962
2955
2963
2956
2964
2965
2958
2966
2959
2967
2960
2968
2961
2969
2962
2970
2963
2971
2964
2972
2965
2973
2974
2967
2975
2968
2976
2969
2977
2970
2978
2971
2979
2972
2980
2973
2981
2974
2982
2983
2976
2984
2977
2985
2978
2986
2979
2987
2980
2988
2981
2989
2982
2990
2983
2991
2992
2985
2993
2986
2994
2987
2995
2988
2996
2989
2997
2990
2998
2991
2999
2992
3000
3001
2994
3002
2995
3003
2996
3004
2997
3005
2998
3006
2999
3007
3000
3008
3001
3009
3010
3003
3011
3004
3012
3005
3013
3006
3014
3007
3015
3008
3016
3009
3017
3010
3018
3019
3012
3020
3013
3021
3014
3022
3015
3023
3016
3024
3017
3025
3018
3026
3019
3027
3028
3021
3022
3023
3024
3025
3026
3027
3028
)


// ************************************************************************* //
