/*--------------------------------*- C++ -*----------------------------------*\
  =========                 |
  \\      /  F ield         | OpenFOAM: The Open Source CFD Toolbox
   \\    /   O peration     | Website:  https://openfoam.org
    \\  /    A nd           | Version:  6
     \\/     M anipulation  |
\*---------------------------------------------------------------------------*/
FoamFile
{
    version     2.0;
    format      ascii;
    class       surfaceScalarField;
    location    "0";
    object      phi;
}
// * * * * * * * * * * * * * * * * * * * * * * * * * * * * * * * * * * * * * //

dimensions      [0 3 -1 0 0 0 0]; // [kg m s K kg-mol cd] - m^3/s

internalField   nonuniform List<scalar> 
8239
(
0.00702973
0.00594055
0.00702972
0.00575519
0.00480973
0.00646479
0.00669835
0.00377701
0.00527981
0.00188827
0.00272453
0.00208553
-0.00188829
0.00239235
0.0013842
-0.00669837
0.00272453
0.00208553
-0.0057552
0.00377701
0.00527981
-0.00702973
0.00480972
0.00646479
0.00594054
0.00702972
0.0058989
0.0141427
0.0058989
0.00472247
0.0105419
0.0054442
0.00564587
0.00837346
0.00448012
0.00155608
0.00508428
0.00173001
-0.00155611
0.00434897
0.00115554
-0.0056459
0.00508428
0.00173001
-0.00472249
0.00837346
0.00448012
-0.00589891
0.0105419
0.0054442
0.0141427
0.00589889
0.0022981
0.00954651
0.00229809
0.00255401
0.008223
0.00206299
0.00235669
0.00693424
0.0016365
0.000820777
0.00566559
0.000954577
-0.000820805
0.00525182
0.000738701
-0.00235672
0.00566558
0.000954577
-0.00255402
0.00693424
0.0016365
-0.0022981
0.00822299
0.00206299
0.00954651
0.00229809
0.000974583
0.00759733
0.000974578
0.00126525
0.00706068
0.000871611
0.00108803
0.00641012
0.000701315
0.000407016
0.00584525
0.000501326
-0.000407045
0.00563889
0.000426968
-0.00108806
0.00584525
0.000501326
-0.00126527
0.00641012
0.000701315
-0.000974588
0.00706068
0.000871611
0.00759733
0.000974574
0.000437928
0.00672146
0.000437923
0.000614694
0.00648804
0.000395834
0.000523163
0.00617221
0.000329406
0.00020066
0.00590491
0.000262806
-0.000200689
0.0058035
0.000236709
-0.000523189
0.00590491
0.000262806
-0.000614713
0.00617221
0.000329406
-0.000437934
0.00648804
0.000395833
0.00672146
0.00043792
0.00020451
0.00631243
0.000204505
0.000298864
0.00620586
0.000187799
0.000255865
0.00605319
0.000161995
9.92478e-05
0.00592349
0.000138012
-9.92778e-05
0.0058735
0.000128506
-0.000255891
0.00592349
0.000138012
-0.000298883
0.00605319
0.000161995
-0.000204516
0.00620586
0.000187799
0.00631243
0.000204502
9.79397e-05
0.00611653
9.79352e-05
0.000146194
0.00606616
9.14066e-05
0.000126171
0.00599177
8.14118e-05
4.92519e-05
0.00592795
7.24354e-05
-4.92819e-05
0.00590313
6.88791e-05
-0.000126197
0.00592795
7.24355e-05
-0.000146213
0.00599177
8.1412e-05
-9.79458e-05
0.00606616
9.14064e-05
0.00611653
9.79326e-05
4.75695e-05
0.00602138
4.75654e-05
7.18002e-05
0.00599681
4.50966e-05
6.23504e-05
0.00595986
4.13304e-05
2.44292e-05
0.00592785
3.79978e-05
-2.4459e-05
0.00591531
3.66806e-05
-6.23766e-05
0.00592785
3.79979e-05
-7.18192e-05
0.00595986
4.13305e-05
-4.75757e-05
0.00599681
4.50964e-05
0.00602138
4.75628e-05
2.29941e-05
0.00597538
2.29904e-05
3.48569e-05
0.00596267
2.22453e-05
3.03357e-05
0.00594324
2.11145e-05
1.18923e-05
0.00592614
2.01246e-05
-1.19219e-05
0.00591937
1.97362e-05
-3.03617e-05
0.00592614
2.01248e-05
-3.48758e-05
0.00594324
2.11148e-05
-2.30005e-05
0.00596267
2.22452e-05
0.00597538
2.29882e-05
1.02827e-05
0.0059548
1.02794e-05
1.54322e-05
0.00594695
1.05457e-05
1.32348e-05
0.00593445
1.09692e-05
5.11653e-06
0.00592287
1.13659e-05
-5.14552e-06
0.00591807
1.15347e-05
-1.32602e-05
0.00592287
1.1366e-05
-1.54506e-05
0.00593445
1.09694e-05
-1.0289e-05
0.00594695
1.05456e-05
0.0059548
1.02773e-05
2.42721e-06
0.00594993
2.42438e-06
2.9341e-06
0.00594249
3.92582e-06
1.65965e-06
0.00592942
6.27752e-06
3.17501e-07
0.00591574
8.45589e-06
-3.45802e-07
0.00590934
9.38041e-06
-1.68449e-06
0.00591574
8.45604e-06
-2.95224e-06
0.00592942
6.27779e-06
-2.43367e-06
0.00594249
3.92591e-06
0.00594994
2.4227e-06
-5.01991e-06
0.00595996
-5.02226e-06
-1.01308e-05
0.00594855
-9.77589e-07
-1.20246e-05
0.00592587
5.42638e-06
-6.0831e-06
0.0058982
1.15765e-05
6.05571e-06
0.00588282
1.4362e-05
1.20006e-05
0.0058982
1.15766e-05
1.01134e-05
0.00592587
5.42654e-06
5.01366e-06
0.00594856
-9.77677e-07
0.00595997
-5.02395e-06
-1.64299e-05
0.00599281
-1.64317e-05
-3.28139e-05
0.00597138
-6.46867e-06
-3.96928e-05
0.00592308
9.64998e-06
-2.14648e-05
0.0058537
2.62608e-05
2.14384e-05
0.00580502
3.48771e-05
3.96697e-05
0.0058537
2.6261e-05
3.27971e-05
0.00592308
9.65028e-06
1.64235e-05
0.00597139
-6.46848e-06
0.00599282
-1.64329e-05
-3.7857e-05
0.00606852
-3.78584e-05
-8.11178e-05
0.00602899
-1.43574e-05
-0.000109077
0.00592595
2.50771e-05
-7.01362e-05
0.00574371
7.10345e-05
7.01111e-05
0.00556327
0.000101495
0.000109055
0.00574371
7.10346e-05
8.1102e-05
0.00592595
2.50772e-05
3.7851e-05
0.00602899
-1.43574e-05
0.00606852
-3.78596e-05
-7.73885e-05
0.00622328
-7.73893e-05
-0.000184155
0.00616095
-2.5212e-05
-0.000291318
0.00596543
6.76654e-05
-0.000250573
0.00550321
0.000199736
0.000250549
0.00473358
0.000328552
0.000291297
0.00550321
0.000199736
0.00018414
0.00596543
6.76658e-05
7.73825e-05
0.00616095
-2.52117e-05
0.00622329
-7.739e-05
-0.000139725
0.00650273
-0.000139726
-0.000379672
0.00643679
-3.59134e-05
-0.000753535
0.00617302
0.000166258
-0.0010202
0.00521783
0.000552038
0.00102018
0.00149217
0.00120103
0.000753516
0.00521783
0.000552038
0.000379658
0.00617303
0.000166258
0.00013972
0.0064368
-3.59133e-05
0.00650273
-0.000139726
-0.000205657
0.00691403
-0.000205657
-0.000643442
0.00691387
-3.93013e-05
-0.00170873
0.00691362
0.000324684
-0.00474587
0.0069134
0.00134156
0.00474585
0.00691331
0.00508714
0.00170871
0.0069134
0.00134156
0.000643429
0.00691362
0.000324685
0.000205652
0.00691387
-3.93009e-05
0.00691404
-0.000205657
-0.000205822
0.00732567
-0.000205821
-0.000643693
0.0073912
-3.94671e-05
-0.00170895
0.00765435
0.000324515
-0.00474595
0.00860901
0.00134139
0.00474593
0.0123345
0.00508696
0.00170893
0.00860901
0.00134139
0.000643681
0.00765436
0.000324515
0.000205817
0.0073912
-3.94669e-05
0.00732568
-0.000205821
-0.000140293
0.00760625
-0.000140292
-0.000380539
0.00766793
-3.64877e-05
-0.000754297
0.00786243
0.00016567
-0.0010205
0.00832376
0.00055144
0.00102048
0.00909304
0.00120043
0.000754282
0.00832377
0.00055144
0.000380529
0.00786244
0.000165671
0.000140288
0.00766793
-3.64872e-05
0.00760626
-0.000140291
-7.86165e-05
0.00776348
-7.86146e-05
-0.000186032
0.0078018
-2.64593e-05
-0.000292966
0.00790298
6.63829e-05
-0.00025122
0.0080836
0.000198423
0.000251206
0.00826339
0.000327226
0.000292954
0.0080836
0.000198423
0.000186023
0.00790299
6.63831e-05
7.86123e-05
0.0078018
-2.64591e-05
0.00776348
-7.86143e-05
-4.02964e-05
0.00784406
-4.02939e-05
-8.48478e-05
0.0078632
-1.6851e-05
-0.000112353
0.00790799
2.24933e-05
-7.1425e-05
0.0079743
6.83714e-05
7.14132e-05
0.00802175
9.88007e-05
0.000112343
0.0079743
6.83715e-05
8.48404e-05
0.007908
2.24937e-05
4.02924e-05
0.0078632
-1.68504e-05
0.00784407
-4.0293e-05
-2.11632e-05
0.00788639
-2.11601e-05
-4.00535e-05
0.00789344
-1.13463e-05
-4.60502e-05
0.00790945
4.54181e-06
-2.39682e-05
0.00793127
2.09505e-05
2.3959e-05
0.00794434
2.94872e-05
4.60423e-05
0.00793127
2.09506e-05
4.0048e-05
0.00790946
4.54201e-06
2.116e-05
0.00789345
-1.13459e-05
0.0078864
-2.11592e-05
-1.41144e-05
0.00791461
-1.41106e-05
-2.40412e-05
0.00791382
-1.04484e-05
-2.42342e-05
0.00791428
-4.63199e-06
-1.08926e-05
0.00791693
1.00411e-06
1.08859e-05
0.00791898
3.58772e-06
2.42285e-05
0.00791693
1.00429e-06
2.4037e-05
0.00791428
-4.6316e-06
1.41114e-05
0.00791382
-1.04477e-05
0.00791462
-1.41091e-05
-1.49119e-05
0.00794444
-1.49074e-05
-2.3579e-05
0.00793688
-1.43822e-05
-2.15882e-05
0.00792583
-1.35291e-05
-8.83679e-06
0.00791684
-1.26558e-05
8.83288e-06
0.00791356
-1.22421e-05
2.1585e-05
0.00791684
-1.26557e-05
2.35768e-05
0.00792583
-1.35288e-05
1.49097e-05
0.00793688
-1.43817e-05
0.00794445
-1.4906e-05
-2.24744e-05
0.00798938
-2.24693e-05
-3.46284e-05
0.00797373
-2.4689e-05
-3.05757e-05
0.00794987
-2.80894e-05
-1.21124e-05
0.00792938
-3.0999e-05
1.21112e-05
0.00792146
-3.21155e-05
3.05748e-05
0.00792939
-3.09988e-05
3.46278e-05
0.00794988
-2.8089e-05
2.24725e-05
0.00797374
-2.46882e-05
0.00798939
-2.24673e-05
-3.81315e-05
0.00806565
-3.81258e-05
-5.84848e-05
0.00803927
-4.51709e-05
-5.10636e-05
0.00799853
-5.60681e-05
-2.00316e-05
0.00796376
-6.53922e-05
2.00333e-05
0.0079504
-6.89825e-05
5.10653e-05
0.00796376
-6.53921e-05
5.84862e-05
0.00799854
-5.60679e-05
3.81305e-05
0.00803927
-4.51703e-05
0.00806566
-3.81239e-05
-6.45143e-05
0.00819468
-6.45081e-05
-9.92198e-05
0.00815676
-8.27681e-05
-8.58378e-05
0.00809665
-0.000111482
-3.33933e-05
0.00804692
-0.000135591
3.33978e-05
0.00802835
-0.000144729
8.58419e-05
0.00804692
-0.000135591
9.92227e-05
0.00809665
-0.000111482
6.45135e-05
0.00815676
-8.27672e-05
0.00819469
-6.45056e-05
-0.000102437
0.00839956
-0.000102431
-0.000159329
0.00836119
-0.000147521
-0.000135566
0.00829395
-0.000221044
-5.19635e-05
0.00824387
-0.000280539
5.1971e-05
0.00822689
-0.000302461
0.000135572
0.00824388
-0.000280539
0.000159334
0.00829395
-0.000221043
0.000102437
0.0083612
-0.00014752
0.00839956
-0.000102428
-0.000140804
0.00868117
-0.000140797
-0.000226574
0.00869302
-0.000246041
-0.000185636
0.00868422
-0.000431194
-6.89442e-05
0.00869829
-0.000571091
6.89545e-05
0.00870934
-0.00062033
0.000185645
0.0086983
-0.000571091
0.00022658
0.00868423
-0.000431193
0.000140804
0.00869303
-0.000246039
0.00868117
-0.000140794
-0.00012895
0.00893908
-0.000128942
-0.000235375
0.00914449
-0.000345012
-0.000171565
0.0094092
-0.000788762
-5.78929e-05
0.00966879
-0.00108414
5.79057e-05
0.00977457
-0.001181
0.000171576
0.00966879
-0.00108414
0.000235383
0.0094092
-0.000788761
0.000128949
0.0091445
-0.00034501
0.00893908
-0.000128938
7.64657e-05
0.00878615
7.6473e-05
2.93343e-05
0.00941886
-0.000227205
8.8025e-05
0.0104458
-0.00109529
4.78912e-05
0.0112572
-0.00154828
-4.78762e-05
0.0115522
-0.00168182
-8.8012e-05
0.0112572
-0.00154828
-2.93259e-05
0.0104458
-0.00109528
-7.64675e-05
0.00941886
-0.000227203
0.00878615
7.64784e-05
0.000709175
0.00736781
0.000709183
0.0010563
0.00823245
0.000839334
0.000899435
0.0096981
0.000904623
0.00034284
0.0107669
0.00104698
-0.000342824
0.011139
0.0010989
-0.000899421
0.0107669
0.00104698
-0.00105629
0.0096981
0.000904625
-0.000709177
0.00823245
0.000839337
0.00736781
0.000709188
0.00157381
0.00422022
0.00157381
0.00252196
0.00475653
0.00252781
0.00196822
0.00561515
0.00463673
0.000714926
0.00619361
0.00582661
-0.00071491
0.00638755
0.00618129
-0.00196821
0.00619361
0.00582661
-0.00252195
0.00561515
0.00463673
-0.00157381
0.00475653
0.00252781
0.00422022
0.00157382
0.00211012
0.00211013
0.00338058
0.00348611
0.00254668
0.00644907
0.000908864
0.00783146
-0.000908849
0.00820529
-0.00254667
0.00783146
-0.00338057
0.00644907
-0.00211012
0.00348611
0.00211013
0.00646479
0.00480973
0.00575518
0.00457021
0.00378914
0.0045702
0.00350407
0.00297733
0.00336858
0.00118694
0.00236902
0.00203362
-0.00118696
0.00216369
0.00159438
-0.0035041
0.00236902
0.00203362
-0.00457022
0.00297732
0.00336858
-0.0064648
0.00378913
0.0045702
0.00480972
0.00575518
0.0054442
0.0105419
0.00472246
0.0037584
0.00716071
0.00375839
0.00289576
0.00552983
0.00279021
0.000981604
0.00430884
0.00170432
-0.000981631
0.00393214
0.00135029
-0.00289579
0.00430884
0.00170432
-0.00375841
0.00552983
0.00279021
-0.00544421
0.00716071
0.00375839
0.0105419
0.00472246
0.00206299
0.008223
0.002554
0.00212752
0.00703162
0.00212751
0.00167477
0.00599906
0.00161998
0.0006049
0.00521233
0.00112092
-0.000604929
0.00494009
0.000940538
-0.0016748
0.00521233
0.00112092
-0.00212754
0.00599906
0.00161998
-0.002063
0.00703162
0.00212751
0.00822299
0.002554
0.000871617
0.00706068
0.00126524
0.00109496
0.0065849
0.00109495
0.000888044
0.00603821
0.000869044
0.000332658
0.00560673
0.000662283
-0.000332687
0.00544863
0.00058374
-0.00088807
0.00560673
0.000662285
-0.00109498
0.00603821
0.000869047
-0.000871625
0.0065849
0.00109495
0.00706068
0.00126525
0.000395839
0.00648804
0.000614685
0.000548266
0.00628001
0.000548256
0.000456563
0.0060048
0.000454477
0.000174562
0.00578012
0.000371379
-0.000174592
0.0056953
0.00033916
-0.000456589
0.00578012
0.000371381
-0.000548286
0.0060048
0.00045448
-0.000395847
0.00628001
0.00054826
0.00648804
0.000614688
0.000187804
0.00620586
0.000298855
0.000273059
0.00610946
0.000273049
0.000231882
0.0059726
0.000235332
8.97421e-05
0.00585792
0.000202321
-8.9772e-05
0.00581387
0.000189419
-0.000231908
0.00585792
0.000202323
-0.000273078
0.0059726
0.000235335
-0.000187813
0.00610946
0.000273053
0.00620586
0.000298858
9.14111e-05
0.00606616
0.000146185
0.000136199
0.00601985
0.00013619
0.000117194
0.00595169
0.000121297
4.56956e-05
0.00589351
0.000108306
-4.57255e-05
0.00587093
0.000103211
-0.000117221
0.00589351
0.000108308
-0.000136219
0.00595169
0.0001213
-9.14197e-05
0.00601985
0.000136194
0.00606616
0.000146189
4.51007e-05
0.00599681
7.17925e-05
6.80339e-05
0.00597396
6.80259e-05
5.90178e-05
0.00593965
6.23554e-05
2.3112e-05
0.00590998
5.74101e-05
-2.31418e-05
0.00589837
5.54681e-05
-5.9044e-05
0.00590998
5.74117e-05
-6.80533e-05
0.00593965
6.23584e-05
-4.51093e-05
0.00597396
6.80297e-05
0.00599681
7.17961e-05
2.2249e-05
0.00596267
3.485e-05
3.37261e-05
0.00595097
3.37189e-05
2.93458e-05
0.0059331
3.20119e-05
1.15039e-05
0.00591738
3.0528e-05
-1.15333e-05
0.00591117
2.99478e-05
-2.93717e-05
0.00591738
3.05296e-05
-3.37454e-05
0.0059331
3.20148e-05
-2.22575e-05
0.00595097
3.37228e-05
0.00596267
3.48538e-05
1.0549e-05
0.00594695
1.54261e-05
1.58557e-05
0.00594033
1.58493e-05
1.36315e-05
0.00592976
1.65064e-05
5.28535e-06
0.00591996
1.71065e-05
-5.31423e-06
0.00591592
1.7356e-05
-1.36569e-05
0.00591996
1.7108e-05
-1.58744e-05
0.00592976
1.65094e-05
-1.05573e-05
0.00594033
1.58531e-05
0.00594695
1.54297e-05
3.92865e-06
0.00594249
2.92889e-06
5.28581e-06
0.00593758
5.28039e-06
3.83802e-06
0.00592857
8.88294e-06
1.24202e-06
0.00591886
1.21307e-05
-1.27018e-06
0.00591432
1.34701e-05
-3.86273e-06
0.00591886
1.21322e-05
-5.30412e-06
0.00592857
8.88576e-06
-3.93687e-06
0.00593759
5.28413e-06
0.00594249
2.93263e-06
-9.75241e-07
0.00594855
-1.01351e-05
-3.72681e-06
0.00594306
-3.73127e-06
-5.87453e-06
0.00593009
6.02783e-06
-3.29757e-06
0.00591289
1.49501e-05
3.2703e-06
0.00590334
1.87584e-05
5.8506e-06
0.00591289
1.49516e-05
3.7092e-06
0.0059301
6.03058e-06
9.6739e-07
0.00594307
-3.72776e-06
0.00594856
-1.01316e-05
-6.46681e-06
0.00597138
-3.28173e-05
-1.66953e-05
0.0059635
-1.66987e-05
-2.30819e-05
0.00593851
7.60052e-06
-1.28485e-05
0.00589847
3.04237e-05
1.28223e-05
0.00587164
4.08813e-05
2.3059e-05
0.00589847
3.04251e-05
1.66783e-05
0.00593851
7.60314e-06
6.4591e-06
0.0059635
-1.66953e-05
0.00597139
-3.28137e-05
-1.4356e-05
0.00602899
-8.11202e-05
-4.16834e-05
0.00601813
-4.16859e-05
-6.31197e-05
0.00596854
1.64669e-05
-3.96756e-05
0.00587241
7.36355e-05
3.96507e-05
0.00579033
0.00010347
6.30979e-05
0.00587241
7.36368e-05
4.16673e-05
0.00596854
1.64694e-05
1.43488e-05
0.00601813
-4.16827e-05
0.00602899
-8.1117e-05
-2.52111e-05
0.00616095
-0.000184157
-9.1278e-05
0.00615025
-9.12794e-05
-0.000159247
0.00606402
4.01313e-05
-0.000121757
0.00585551
0.000179124
0.000121734
0.00560606
0.000269311
0.000159227
0.00585552
0.000179125
9.12628e-05
0.00606402
4.01336e-05
2.52041e-05
0.00615025
-9.12763e-05
0.00616095
-0.000184154
-3.59131e-05
0.0064368
-0.000379673
-0.000177501
0.00643341
-0.000177501
-0.000367755
0.00633145
8.90695e-05
-0.000371209
0.00600735
0.000403642
0.000371187
0.00537827
0.000686419
0.000367735
0.00600736
0.000403644
0.000177487
0.00633145
8.90717e-05
3.59067e-05
0.00643341
-0.000177499
0.0064368
-0.00037967
-3.93015e-05
0.00691387
-0.000643441
-0.000279456
0.0069137
-0.000279456
-0.000691852
0.00691345
0.000155071
-0.00100029
0.00691322
0.000744121
0.00100027
0.00691314
0.0015517
0.000691834
0.00691323
0.000744122
0.000279443
0.00691345
0.000155073
3.92954e-05
0.00691371
-0.000279453
0.00691387
-0.000643438
-3.94678e-05
0.0073912
-0.000643691
-0.000279711
0.00739418
-0.000279709
-0.000692075
0.00749551
0.000154813
-0.00100038
0.00781906
0.000743858
0.00100036
0.00844792
0.00155143
0.000692059
0.00781906
0.000743859
0.000279699
0.00749551
0.000154815
3.94625e-05
0.00739418
-0.000279707
0.00739121
-0.000643689
-3.64891e-05
0.00766793
-0.000380537
-0.000178381
0.00767795
-0.000178379
-0.000368527
0.00776315
8.81724e-05
-0.000371512
0.00797075
0.000402727
0.000371496
0.00821984
0.000685497
0.000368513
0.00797075
0.000402728
0.000178371
0.00776315
8.8174e-05
3.64841e-05
0.00767796
-0.000178376
0.00766793
-0.000380534
-2.64613e-05
0.0078018
-0.000186028
-9.31897e-05
0.00781141
-9.31858e-05
-0.000160926
0.00785909
3.81709e-05
-0.000122417
0.00795354
0.000177116
0.000122403
0.00803497
0.000267284
0.000160914
0.00795355
0.000177117
9.31811e-05
0.0078591
3.81723e-05
2.64571e-05
0.00781141
-9.3184e-05
0.00780181
-0.000186026
-1.68535e-05
0.0078632
-8.48428e-05
-4.55036e-05
0.0078687
-4.54984e-05
-6.64748e-05
0.00789004
1.25158e-05
-4.09957e-05
0.00792687
6.95626e-05
4.09841e-05
0.00795244
9.93493e-05
6.64648e-05
0.00792688
6.95632e-05
4.54963e-05
0.00789005
1.2517e-05
1.68498e-05
0.00786871
-4.54968e-05
0.00786321
-8.48409e-05
-1.13495e-05
0.00789344
-4.00473e-05
-2.41655e-05
0.00789434
-2.4159e-05
-2.96415e-05
0.00790028
-2.12965e-07
-1.54315e-05
0.00791132
2.23004e-05
1.54224e-05
0.00791844
3.26357e-05
2.96337e-05
0.00791132
2.23009e-05
2.416e-05
0.00790028
-2.12032e-07
1.13467e-05
0.00789434
-2.41578e-05
0.00789345
-4.00459e-05
-1.04522e-05
0.00791382
-2.40337e-05
-1.82248e-05
0.00790988
-1.82171e-05
-1.85981e-05
0.00790538
-9.35808e-06
-8.30898e-06
0.00790327
-1.22316e-06
8.30251e-06
0.00790315
2.27541e-06
1.85926e-05
0.00790327
-1.2228e-06
1.82209e-05
0.00790539
-9.35741e-06
1.045e-05
0.00790989
-1.82161e-05
0.00791383
-2.40324e-05
-1.43866e-05
0.00793688
-2.35702e-05
-2.27259e-05
0.00792657
-2.27168e-05
-2.0715e-05
0.00791127
-2.1412e-05
-8.42307e-06
0.0078985
-2.01657e-05
8.41928e-06
0.00789369
-1.96101e-05
2.07119e-05
0.0078985
-2.01655e-05
2.27239e-05
0.00791127
-2.14116e-05
1.43854e-05
0.00792658
-2.27163e-05
0.00793688
-2.35694e-05
-2.46941e-05
0.00797373
-3.46185e-05
-3.80289e-05
0.00795325
-3.80186e-05
-3.34852e-05
0.00792189
-4.32476e-05
-1.32289e-05
0.00789499
-4.77371e-05
1.32279e-05
0.0078846
-4.94664e-05
3.34846e-05
0.00789499
-4.77371e-05
3.80286e-05
0.0079219
-4.32475e-05
2.46934e-05
0.00795325
-3.80183e-05
0.00797374
-3.46178e-05
-4.51765e-05
0.00803927
-5.84737e-05
-6.93821e-05
0.00800167
-6.93706e-05
-6.03877e-05
0.00794312
-8.62699e-05
-2.36219e-05
0.00789356
-0.000100708
2.36237e-05
0.00787465
-0.000106262
6.03895e-05
0.00789356
-0.000100708
6.93838e-05
0.00794312
-8.627e-05
4.51769e-05
0.00800168
-6.93708e-05
0.00803928
-5.84736e-05
-8.27743e-05
0.00815676
-9.92078e-05
-0.000127934
0.008092
-0.000127921
-0.000109947
0.00798708
-0.000173417
-4.2531e-05
0.00790197
-0.000211399
4.25357e-05
0.00787062
-0.000225742
0.000109951
0.00790197
-0.000211399
0.000127937
0.00798709
-0.000173417
8.27751e-05
0.00809201
-0.000127922
0.00815676
-9.92077e-05
-0.000147528
0.00836119
-0.000159317
-0.000232852
0.00826267
-0.000232839
-0.000195061
0.0080838
-0.00035552
-7.38854e-05
0.00795332
-0.00045304
7.38931e-05
0.00790903
-0.000488622
0.000195068
0.00795333
-0.00045304
0.000232857
0.0080838
-0.00035552
0.000147529
0.00826268
-0.000232839
0.0083612
-0.000159317
-0.000246048
0.00869302
-0.000226561
-0.000411727
0.00859405
-0.000411714
-0.000325533
0.00832665
-0.000760219
-0.000118183
0.00818524
-0.00101033
0.000118194
0.00814867
-0.00109633
0.000325543
0.00818524
-0.00101033
0.000411734
0.00832666
-0.00076022
0.000246049
0.00859406
-0.000411714
0.00869303
-0.000226561
-0.000345019
0.00914449
-0.000235362
-0.000679126
0.0092623
-0.000679112
-0.000466945
0.00910268
-0.00177693
-0.000154753
0.00920465
-0.00241571
0.000154766
0.00927376
-0.00261558
0.000466957
0.00920465
-0.00241571
0.000679134
0.00910268
-0.00177693
0.000345021
0.0092623
-0.000679111
0.0091445
-0.000235361
-0.000227213
0.00941886
2.93482e-05
-0.000838746
0.0104854
-0.000838731
-0.000364972
0.0124457
-0.00491208
-8.56412e-05
0.0138525
-0.00647542
8.56569e-05
0.0143329
-0.00691222
0.000364986
0.0138525
-0.00647542
0.000838756
0.0124457
-0.00491208
0.000227214
0.0104854
-0.000838729
0.00941886
2.93493e-05
0.000839327
0.00823245
0.00105631
0.00112159
0.00992092
0.00112161
0.00104179
0.0134302
0.000394769
0.0155465
-0.000394752
0.0162214
-0.00104177
0.0155465
-0.00112158
0.0134302
-0.000839326
0.00992092
0.00112161
0.00823244
0.00105631
0.0025278
0.00475653
0.00252197
0.00463087
0.00571483
0.00463089
0.00315811
0.0074275
0.0121122
0.00106961
0.00819846
0.0152632
-0.00106959
0.00841154
0.0161303
-0.00315809
0.00819846
0.0152632
-0.00463086
0.00742749
0.0121122
-0.0025278
0.00571483
0.00463088
0.00475653
0.00252197
0.00348611
0.00338059
0.00634354
0.00634355
0.00392907
0.0162911
0.00128269
0.0186763
-0.00128268
0.0191822
-0.00392906
0.0186763
-0.00634353
0.0162911
-0.0034861
0.00634354
0.00338058
0.00527981
0.00377701
0.00669834
0.00336859
0.00297733
0.00350406
0.00216911
0.00239895
0.00216909
0.000747701
0.00203972
0.00141527
-0.000747726
0.00191959
0.00117019
-0.00216913
0.00203972
0.00141528
-0.00336861
0.00239895
0.0021691
-0.00527982
0.00297732
0.00350406
0.00377701
0.00669834
0.00448013
0.00837346
0.00564586
0.00279022
0.00552983
0.00289575
0.00180988
0.0043596
0.00180986
0.000627574
0.00372544
0.00120087
-0.0006276
0.00352239
0.00100264
-0.0018099
0.00372544
0.00120087
-0.00279023
0.0043596
0.00180987
-0.00448013
0.00552983
0.00289576
0.00837345
0.00564586
0.0016365
0.00693424
0.00235668
0.00161999
0.00599906
0.00167476
0.00117571
0.00524813
0.0011757
0.000424523
0.0047537
0.000843805
-0.00042455
0.00458329
0.000728672
-0.00117573
0.0047537
0.000843807
-0.00162
0.00524813
0.0011757
-0.00163651
0.00599906
0.00167476
0.00693424
0.00235669
0.00070132
0.00641012
0.00108802
0.000869054
0.00603821
0.000888032
0.000681283
0.00562364
0.000681271
0.000254115
0.00531582
0.000527302
-0.000254142
0.00520405
0.000471212
-0.000681308
0.00531582
0.000527304
-0.000869073
0.00562364
0.000681275
-0.000701329
0.00603821
0.000888038
0.00641012
0.00108803
0.000329411
0.00617221
0.000523151
0.000454487
0.0060048
0.000456552
0.000373465
0.00578566
0.000373453
0.000142343
0.00561106
0.000307232
-0.000142371
0.00554556
0.00028234
-0.00037349
0.00561106
0.000307235
-0.000454506
0.00578566
0.000373458
-0.000329419
0.0060048
0.000456558
0.00617221
0.000523158
0.000161999
0.00605319
0.000255854
0.000235341
0.00597261
0.000231871
0.000198871
0.00585857
0.00019886
7.68397e-05
0.0057639
0.000171486
-7.6868e-05
0.00572766
0.000160997
-0.000198896
0.0057639
0.000171488
-0.00023536
0.00585857
0.000198864
-0.000162008
0.00597261
0.000231877
0.00605319
0.000255861
8.1416e-05
0.00599177
0.000126161
0.000121306
0.00595169
0.000117184
0.000104203
0.00589275
0.000104193
4.06009e-05
0.00584262
9.31673e-05
-4.06292e-05
0.00582318
8.88944e-05
-0.000104228
0.00584262
9.31697e-05
-0.000121325
0.00589275
0.000104198
-8.14247e-05
0.00595169
0.00011719
0.00599177
0.000126167
4.13342e-05
0.00595986
6.23413e-05
6.23634e-05
0.00593965
5.90084e-05
5.40725e-05
0.0059093
5.4063e-05
2.11701e-05
0.00588309
4.98108e-05
-2.11983e-05
0.00587285
4.81526e-05
-5.40973e-05
0.00588309
4.98132e-05
-6.2382e-05
0.0059093
5.40676e-05
-4.13429e-05
0.00593965
5.90145e-05
0.00595987
6.23478e-05
2.1118e-05
0.00594324
3.03276e-05
3.20191e-05
0.0059331
2.93374e-05
2.7862e-05
0.00591759
2.78535e-05
1.09236e-05
0.00590396
2.65726e-05
-1.09515e-05
0.00589857
2.60735e-05
-2.78864e-05
0.00590396
2.6575e-05
-3.20374e-05
0.00591759
2.7858e-05
-2.11266e-05
0.0059331
2.93434e-05
0.00594325
3.03341e-05
1.09723e-05
0.00593445
1.32277e-05
1.65128e-05
0.00592976
1.36242e-05
1.42315e-05
0.00592213
1.42242e-05
5.53487e-06
0.00591499
1.47569e-05
-5.56218e-06
0.00591203
1.49735e-05
-1.42556e-05
0.00591499
1.47592e-05
-1.65307e-05
0.00592213
1.42286e-05
-1.09807e-05
0.00592976
1.36301e-05
0.00593445
1.3234e-05
6.28015e-06
0.00592942
1.65368e-06
8.88835e-06
0.00592857
3.83188e-06
7.08575e-06
0.00592572
7.07955e-06
2.58141e-06
0.00592168
9.92303e-06
-2.60804e-06
0.00591961
1.10668e-05
-7.10916e-06
0.00592168
9.92532e-06
-8.90576e-06
0.00592572
7.08382e-06
-6.28837e-06
0.00592857
3.83758e-06
0.00592943
1.6599e-06
5.42856e-06
0.00592587
-1.20294e-05
6.03229e-06
0.0059301
-5.87948e-06
3.04777e-06
0.00593167
3.04278e-06
5.1074e-07
0.00592836
1.07879e-05
-5.36533e-07
0.00592546
1.39394e-05
-3.07043e-06
0.00592836
1.07901e-05
-6.04914e-06
0.00593167
3.04689e-06
-5.43648e-06
0.0059301
-5.87399e-06
0.00592588
-1.20235e-05
9.65171e-06
0.00592308
-3.96964e-05
7.60401e-06
0.00593851
-2.30856e-05
-2.58781e-07
0.00594737
-2.62548e-07
-2.39084e-06
0.00594168
1.92174e-05
2.36605e-06
0.00593423
2.73363e-05
2.37041e-07
0.00594168
1.92195e-05
-7.62011e-06
0.00594738
-2.58634e-07
-9.65935e-06
0.00593851
-2.30804e-05
0.00592309
-3.96907e-05
2.50783e-05
0.00592595
-0.00010908
1.64694e-05
0.00596854
-6.31222e-05
-5.95117e-06
0.0059922
-5.95368e-06
-9.8407e-06
0.0059779
4.12966e-05
9.81708e-06
0.00595617
6.18657e-05
5.93046e-06
0.0059779
4.12986e-05
-1.64847e-05
0.0059922
-5.94997e-06
-2.50855e-05
0.00596854
-6.31173e-05
0.00592595
-0.000109074
6.76662e-05
0.00596543
-0.000291319
4.01327e-05
0.00606402
-0.000159249
-2.02546e-05
0.00611296
-2.02558e-05
-3.15702e-05
0.00608003
8.82905e-05
3.15479e-05
0.00602317
0.000139178
2.02351e-05
0.00608003
8.82923e-05
-4.01471e-05
0.00611296
-2.02524e-05
-6.76731e-05
0.00606403
-0.000159244
0.00596544
-0.000291314
0.000166258
0.00617303
-0.000753535
8.90699e-05
0.00633145
-0.000367755
-5.31817e-05
0.00639745
-5.31817e-05
-8.8432e-05
0.00634783
0.000171085
8.84112e-05
0.00624355
0.000289191
5.31635e-05
0.00634783
0.000171087
-8.90833e-05
0.00639746
-5.31785e-05
-0.000166264
0.00633146
-0.00036775
0.00617303
-0.000753531
0.000324684
0.00691362
-0.00170873
0.000155071
0.00691345
-0.000691851
-0.000102803
0.00691319
-0.000102801
-0.000192715
0.00691296
0.000268895
0.000192696
0.00691287
0.000496955
0.000102786
0.00691296
0.000268897
-0.000155083
0.00691319
-0.000102798
-0.00032469
0.00691345
-0.000691847
0.00691362
-0.00170872
0.000324514
0.00765435
-0.00170895
0.000154811
0.00749551
-0.000692072
-0.000103031
0.00742887
-0.000103028
-0.000192805
0.00747793
0.000268665
0.000192787
0.00758199
0.000496723
0.000103015
0.00747793
0.000268666
-0.000154822
0.00742887
-0.000103025
-0.00032452
0.00749551
-0.000692069
0.00765436
-0.00170894
0.000165669
0.00786243
-0.000754293
8.81696e-05
0.00776315
-0.000368523
-5.39724e-05
0.00771314
-5.39683e-05
-8.87424e-05
0.00774513
0.000170283
8.87271e-05
0.00780163
0.000288383
5.3959e-05
0.00774514
0.000170284
-8.81793e-05
0.00771315
-5.3966e-05
-0.000165674
0.00776315
-0.00036852
0.00786244
-0.000754289
6.63811e-05
0.00790298
-0.00029296
3.8167e-05
0.00785909
-0.000160921
-2.1981e-05
0.00783344
-2.19755e-05
-3.22488e-05
0.00784599
8.65289e-05
3.22356e-05
0.00786703
0.0001374
2.19695e-05
0.00784599
8.65299e-05
-3.81752e-05
0.00783344
-2.19736e-05
-6.6385e-05
0.0078591
-0.000160918
0.00790299
-0.000292958
2.24909e-05
0.00790799
-0.000112346
1.25106e-05
0.00789004
-6.64678e-05
-9.42801e-06
0.00787731
-9.421e-06
-1.1209e-05
0.00787961
3.77222e-05
1.11981e-05
0.00788572
5.82487e-05
9.41853e-06
0.00787961
3.77231e-05
-1.25174e-05
0.00787732
-9.41943e-06
-2.24943e-05
0.00789005
-6.64658e-05
0.007908
-0.000112344
4.53885e-06
0.00790945
-4.60419e-05
-2.19387e-07
0.00790028
-2.9633e-05
-7.12817e-06
0.00789113
-7.11959e-06
-5.09619e-06
0.0078878
1.20886e-05
5.0876e-06
0.00788808
2.01e-05
7.1208e-06
0.0078878
1.20892e-05
2.14207e-07
0.00789114
-7.11839e-06
-4.54135e-06
0.00790029
-2.96314e-05
0.00790946
-4.60402e-05
-4.63555e-06
0.00791428
-2.42243e-05
-9.3658e-06
0.00790538
-1.85879e-05
-1.04631e-05
0.00789333
-1.04529e-05
-4.81041e-06
0.00788432
-3.39677e-06
4.8043e-06
0.00788127
-5.16694e-07
1.0458e-05
0.00788433
-3.39633e-06
9.36228e-06
0.00789333
-1.04521e-05
4.63371e-06
0.00790539
-1.85869e-05
0.00791429
-2.4223e-05
-1.35332e-05
0.00792583
-2.15768e-05
-2.1421e-05
0.00791127
-2.07032e-05
-1.94687e-05
0.00788943
-1.94568e-05
-7.86746e-06
0.00787092
-1.83584e-05
7.86391e-06
0.00786383
-1.78987e-05
1.94658e-05
0.00787093
-1.83581e-05
2.14192e-05
0.00788944
-1.94564e-05
1.35323e-05
0.00791127
-2.07027e-05
0.00792584
-2.15762e-05
-2.80941e-05
0.00794987
-3.05627e-05
-4.32579e-05
0.00792189
-3.34719e-05
-3.79748e-05
0.00787887
-3.79614e-05
-1.49582e-05
0.00784202
-4.18386e-05
1.49572e-05
0.0078278
-4.33394e-05
3.79742e-05
0.00784202
-4.18386e-05
4.32578e-05
0.00787888
-3.79614e-05
2.80939e-05
0.0079219
-3.3472e-05
0.00794988
-3.05626e-05
-5.60734e-05
0.00799853
-5.10493e-05
-8.62813e-05
0.00794312
-6.03729e-05
-7.48261e-05
0.00785597
-7.48112e-05
-2.91758e-05
0.00778287
-8.71929e-05
2.91775e-05
0.00775517
-9.19686e-05
7.48279e-05
0.00778287
-8.71931e-05
8.6283e-05
0.00785598
-7.48117e-05
5.60741e-05
0.00794313
-6.03736e-05
0.00799854
-5.10499e-05
-0.000111488
0.00809665
-8.58224e-05
-0.000173429
0.00798709
-0.000109931
-0.000147929
0.00780498
-0.000147913
-5.68743e-05
0.00766033
-0.000179897
5.68788e-05
0.00760774
-0.000192045
0.000147933
0.00766033
-0.000179898
0.000173433
0.00780499
-0.000147913
0.000111489
0.00798709
-0.000109932
0.00809666
-8.58234e-05
-0.00022105
0.00829395
-0.000135549
-0.000355533
0.0080838
-0.000195044
-0.000292581
0.0076791
-0.000292564
-0.000109468
0.00739603
-0.000371832
0.000109475
0.00730132
-0.000401127
0.000292588
0.00739603
-0.000371832
0.000355538
0.0076791
-0.000292565
0.000221052
0.0080838
-0.000195045
0.00829395
-0.000135551
-0.0004312
0.00868422
-0.00018562
-0.000760233
0.00832665
-0.000325516
-0.000575648
0.00730994
-0.00057563
-0.000204176
0.00677987
-0.00076562
0.000204187
0.00662942
-0.00083277
0.000575657
0.00677987
-0.000765621
0.00076024
0.00730995
-0.000575631
0.000431203
0.00832666
-0.000325518
0.00868423
-0.000185621
-0.000788769
0.0094092
-0.000171548
-0.00177694
0.00910268
-0.000466928
-0.00110572
0.00596753
-0.00110571
-0.000354621
0.00514494
-0.00153185
0.000354635
0.00497712
-0.0016725
0.00110573
0.00514494
-0.00153185
0.00177695
0.00596753
-0.00110571
0.000788771
0.00910268
-0.000466929
0.00940921
-0.000171549
-0.00109529
0.0104458
8.8042e-05
-0.00491209
0.0124457
-0.000364954
-0.00192831
-0.00192829
-0.000522442
-0.00273632
0.000522458
-0.00297997
0.00192833
-0.00273632
0.0049121
-0.0019283
0.00109529
0.0124457
-0.000364956
0.0104458
8.804e-05
0.00090462
0.0096981
0.000899452
0.0134302
0.00104181
-0.000904621
0.0134302
0.0010418
0.0096981
0.000899448
0.00463672
0.00561515
0.00196824
0.0121122
0.0074275
0.00315812
0.00630907
0.0116063
0.00630909
0.00193675
0.0116116
0.00802398
-0.00193673
0.0114634
0.00854042
-0.00630906
0.0116116
0.00802397
-0.0121122
0.0116063
0.00630908
-0.00463672
0.00742749
0.00315812
0.00561515
0.00196823
0.00644907
0.0025467
0.0162911
0.00392909
0.00631432
0.0315598
0.00631433
0.00178859
0.0272597
0.00755394
-0.00178858
0.026316
0.0079068
-0.00631431
0.0272597
0.00755393
-0.016291
0.0315598
0.00631432
-0.00644906
0.00392908
0.00254669
0.00201418
0.0275314
0.00201419
0.000844891
0.0261682
0.00226072
-0.000844893
0.0256505
0.00235524
-0.00201418
0.0261682
0.00226072
0.0275314
0.00201418
0.00065096
0.0262295
0.000650964
0.000327169
0.0257905
0.000701507
-0.000327174
0.0255802
0.000724574
-0.000650961
0.0257905
0.000701506
0.0262295
0.00065096
0.00021194
0.0258056
0.000211942
0.000116936
0.0256629
0.000222537
-0.00011694
0.0255862
0.000227923
-0.000211942
0.0256629
0.000222537
0.0258056
0.000211941
6.92657e-05
0.0256671
6.9267e-05
4.01914e-05
0.0256205
7.15232e-05
-4.01937e-05
0.0255938
7.27511e-05
-6.92679e-05
0.0256205
7.15231e-05
0.0256671
6.92667e-05
2.26767e-05
0.0256217
2.26774e-05
1.35288e-05
0.0256065
2.31633e-05
-1.35304e-05
0.0255974
2.34398e-05
-2.26787e-05
0.0256065
2.31637e-05
0.0256217
2.26782e-05
7.4286e-06
0.0256068
7.42895e-06
4.50163e-06
0.0256019
7.53459e-06
-4.50176e-06
0.0255988
7.59623e-06
-7.42956e-06
0.0256019
7.53472e-06
0.0256068
7.42949e-06
2.43334e-06
0.025602
2.4335e-06
1.48772e-06
0.0256003
2.45676e-06
-1.48785e-06
0.0255993
2.47075e-06
-2.43428e-06
0.0256003
2.45724e-06
0.025602
2.43465e-06
7.96549e-07
0.0256004
7.9662e-07
4.90069e-07
0.0255999
8.01981e-07
-4.8935e-07
0.0255995
8.0499e-07
-7.96744e-07
0.0255999
8.02069e-07
0.0256004
7.97204e-07
2.60166e-07
0.0255999
2.60194e-07
1.60744e-07
0.0255997
2.61551e-07
-1.60545e-07
0.0255996
2.62493e-07
-2.60673e-07
0.0255997
2.61952e-07
0.0255999
2.61181e-07
8.43059e-08
0.0255997
8.43147e-08
5.26118e-08
0.0255997
8.46639e-08
-5.21103e-08
0.0255996
8.47831e-08
-8.44026e-08
0.0255997
8.47008e-08
0.0255997
8.4536e-08
2.63273e-08
0.0255997
2.63287e-08
1.62873e-08
0.0255996
2.6334e-08
-1.66739e-08
0.0255996
2.64768e-08
-2.67478e-08
0.0255996
2.65253e-08
0.0255997
2.68398e-08
6.22761e-09
6.22717e-09
3.76341e-09
6.11059e-09
-3.69579e-09
6.0481e-09
-5.78441e-09
6.04545e-09
6.17778e-09
0.00208553
0.00272453
0.00188826
0.00203363
0.00236902
0.00118692
0.00141529
0.00203972
0.000747689
0.000502617
0.00182532
0.000502605
-0.000502641
0.00175204
0.000423385
-0.00141531
0.00182532
0.000502607
-0.00203364
0.00203972
0.000747693
-0.00208554
0.00236902
0.00118693
0.00272453
0.00188826
0.00173002
0.00508428
0.00155607
0.00170433
0.00430884
0.000981592
0.00120088
0.00372544
0.000627562
0.000429344
0.00336837
0.000429331
-0.000429368
0.00324842
0.000364954
-0.00120091
0.00336837
0.000429334
-0.00170434
0.00372544
0.000627566
-0.00173003
0.00430884
0.000981598
0.00508427
0.00155608
0.000954581
0.00566559
0.000820765
0.00112093
0.00521233
0.000604888
0.000843818
0.0047537
0.000424511
0.00030939
0.0044372
0.000309378
-0.000309415
0.00432583
0.000270037
-0.00084384
0.0044372
0.000309381
-0.00112094
0.0047537
0.000424516
-0.000954589
0.00521233
0.000604895
0.00566558
0.000820772
0.000501331
0.00584525
0.000407005
0.000662293
0.00560673
0.000332646
0.000527314
0.00531582
0.000254103
0.000198025
0.00509575
0.000198013
-0.00019805
0.00501518
0.00017792
-0.000527337
0.00509575
0.000198016
-0.00066231
0.00531582
0.000254108
-0.000501339
0.00560673
0.000332653
0.00584525
0.000407012
0.000262811
0.00590492
0.000200649
0.000371389
0.00578012
0.000174551
0.000307244
0.00561106
0.000142332
0.000117451
0.00547532
0.000117439
-0.000117476
0.00542422
0.000108208
-0.000307267
0.00547532
0.000117442
-0.000371406
0.00561106
0.000142337
-0.000262819
0.00578012
0.000174558
0.00590492
0.000200656
0.000138016
0.00592349
9.92378e-05
0.00020233
0.00585792
8.97319e-05
0.000171497
0.0057639
7.68293e-05
6.63511e-05
0.00568558
6.63405e-05
-6.63769e-05
0.00565556
6.23594e-05
-0.00017152
0.00568558
6.63433e-05
-0.000202348
0.0057639
7.68345e-05
-0.000138024
0.00585792
8.97389e-05
0.0059235
9.92455e-05
7.24393e-05
0.00592795
4.92427e-05
0.000108315
0.00589351
4.56862e-05
9.31777e-05
0.00584262
4.05913e-05
3.63281e-05
0.00579926
3.63183e-05
-3.63539e-05
0.00578244
3.46727e-05
-9.32006e-05
0.00579926
3.63211e-05
-0.000108332
0.00584262
4.05966e-05
-7.24476e-05
0.00589351
4.56932e-05
0.00592795
4.92505e-05
3.80013e-05
0.00592785
2.44209e-05
5.7418e-05
0.00590998
2.31036e-05
4.98203e-05
0.00588309
2.11615e-05
1.9512e-05
0.00585986
1.95032e-05
-1.95377e-05
0.00585077
1.88594e-05
-4.98429e-05
0.00585986
1.9506e-05
-5.74351e-05
0.00588309
2.11667e-05
-3.80096e-05
0.00590998
2.31106e-05
0.00592785
2.44286e-05
2.01279e-05
0.00592614
1.1885e-05
3.05351e-05
0.00591739
1.14965e-05
2.65811e-05
0.00590396
1.09161e-05
1.04246e-05
0.00589215
1.04169e-05
-1.045e-05
0.00588747
1.02232e-05
-2.66034e-05
0.00589215
1.04196e-05
-3.05519e-05
0.00590396
1.09212e-05
-2.01359e-05
0.00591739
1.15034e-05
0.00592615
1.18927e-05
1.13688e-05
0.00592288
5.11033e-06
1.71127e-05
0.00591997
5.27905e-06
1.47642e-05
0.00591499
5.52842e-06
5.75156e-06
0.00591015
5.74497e-06
-5.77652e-06
0.00590813
5.83219e-06
-1.47862e-05
0.00591015
5.74764e-06
-1.71292e-05
0.00591499
5.53343e-06
-1.13768e-05
0.00591997
5.28578e-06
0.00592288
5.11777e-06
8.45835e-06
0.00591574
3.12434e-07
1.2136e-05
0.00591886
1.23687e-06
9.92923e-06
0.00592168
2.57613e-06
3.72517e-06
0.00592254
3.71976e-06
-3.74952e-06
0.00592248
4.17245e-06
-9.95065e-06
0.00592254
3.72235e-06
-1.2152e-05
0.00592168
2.58098e-06
-8.46605e-06
0.00591886
1.24338e-06
0.00591574
3.19659e-07
1.15785e-05
0.00589821
-6.087e-06
1.49545e-05
0.00591289
-3.30153e-06
1.07929e-05
0.00592836
5.0666e-07
3.6622e-06
0.00593679
3.658e-06
-3.68579e-06
0.00593886
4.89954e-06
-1.08137e-05
0.00593679
3.66049e-06
-1.497e-05
0.00592836
5.11323e-07
-1.1586e-05
0.00591289
-3.29527e-06
0.00589821
-6.08009e-06
2.62625e-05
0.0058537
-2.14675e-05
3.04271e-05
0.00589847
-1.28512e-05
1.92211e-05
0.00594168
-2.3937e-06
5.72805e-06
0.00596376
5.72509e-06
-5.75074e-06
0.00596876
8.89681e-06
-1.92411e-05
0.00596376
5.72746e-06
-3.04419e-05
0.00594168
-2.38926e-06
-2.62696e-05
0.00589847
-1.28453e-05
0.0058537
-2.14609e-05
7.10357e-05
0.00574371
-7.01377e-05
7.36379e-05
0.00587241
-3.96772e-05
4.12991e-05
0.0059779
-9.84232e-06
1.07284e-05
0.00602489
1.07267e-05
-1.075e-05
0.00603348
1.86163e-05
-4.13181e-05
0.00602489
1.07289e-05
-7.3652e-05
0.0059779
-9.83812e-06
-7.10425e-05
0.00587241
-3.96715e-05
0.00574371
-7.01315e-05
0.000199737
0.00550322
-0.000250573
0.000179125
0.00585552
-0.000121757
8.82917e-05
0.00608003
-3.15705e-05
1.93174e-05
0.00616283
1.9317e-05
-1.93379e-05
0.00617318
3.81194e-05
-8.83096e-05
0.00616283
1.93191e-05
-0.000179139
0.00608004
-3.15666e-05
-0.000199743
0.00585552
-0.000121752
0.00550322
-0.000250567
0.000552039
0.00521783
-0.0010202
0.000403643
0.00600736
-0.000371208
0.000171085
0.00634783
-8.84311e-05
2.96742e-05
0.00644564
2.9675e-05
-2.96933e-05
0.00645131
7.04251e-05
-0.000171102
0.00644564
2.96769e-05
-0.000403655
0.00634784
-8.84275e-05
-0.000552045
0.00600736
-0.000371203
0.00521784
-0.00102019
0.00134156
0.0069134
-0.00474586
0.00074412
0.00691323
-0.00100029
0.000268894
0.00691296
-0.000192713
3.53449e-05
0.00691273
3.5347e-05
-3.53625e-05
0.00691264
0.000106329
-0.000268909
0.00691273
3.53488e-05
-0.000744131
0.00691297
-0.00019271
-0.00134157
0.00691323
-0.00100029
0.0069134
-0.00474586
0.00134139
0.00860901
-0.00474595
0.000743856
0.00781906
-0.00100038
0.000268662
0.00747793
-0.000192801
3.52539e-05
0.00737954
3.52574e-05
-3.52699e-05
0.00737365
0.000106239
-0.000268676
0.00737955
3.5259e-05
-0.000743866
0.00747793
-0.000192798
-0.00134139
0.00781906
-0.00100037
0.00860901
-0.00474594
0.000551438
0.00832377
-0.0010205
0.000402725
0.00797075
-0.000371507
0.000170279
0.00774514
-8.87376e-05
2.93574e-05
0.00766138
2.93622e-05
-2.93715e-05
0.00765065
7.01096e-05
-0.000170291
0.00766138
2.93636e-05
-0.000402734
0.00774514
-8.87351e-05
-0.000551443
0.00797075
-0.000371504
0.00832377
-0.00102049
0.000198421
0.0080836
-0.000251214
0.000177112
0.00795355
-0.000122411
8.65234e-05
0.00784599
-3.22426e-05
1.8622e-05
0.00779718
1.86282e-05
-1.86342e-05
0.00778788
3.74237e-05
-8.6534e-05
0.00779719
1.86294e-05
-0.00017712
0.007846
-3.22404e-05
-0.000198425
0.00795355
-0.000122408
0.0080836
-0.000251211
6.83692e-05
0.0079743
-7.14175e-05
6.95575e-05
0.00792688
-4.09881e-05
3.77152e-05
0.00787961
-1.12013e-05
9.31746e-06
0.00785398
9.32519e-06
-9.3276e-06
0.00784758
1.71976e-05
-3.7724e-05
0.00785398
9.32613e-06
-6.95637e-05
0.00787962
-1.11996e-05
-6.83722e-05
0.00792688
-4.09858e-05
0.0079743
-7.14149e-05
2.09478e-05
0.00793127
-2.39592e-05
2.2294e-05
0.00791132
-1.54224e-05
1.208e-05
0.0078878
-5.08695e-06
2.9152e-06
0.00787231
2.92448e-06
-2.92314e-06
0.00786747
6.05338e-06
-1.20868e-05
0.00787231
2.9252e-06
-2.22988e-05
0.0078878
-5.08563e-06
-2.09501e-05
0.00791133
-1.54206e-05
0.00793128
-2.39573e-05
1.00087e-06
0.00791693
-1.08821e-05
-1.23081e-06
0.00790327
-8.29824e-06
-3.40698e-06
0.00788432
-4.79957e-06
-1.93033e-06
0.00786936
-1.91943e-06
1.92466e-06
0.00786388
-7.85155e-07
3.40217e-06
0.00786936
-1.91895e-06
1.22754e-06
0.00788433
-4.7987e-06
-1.00245e-06
0.00790327
-8.29713e-06
0.00791694
-1.08808e-05
-1.26596e-05
0.00791684
-8.82474e-06
-2.01747e-05
0.0078985
-8.41073e-06
-1.83702e-05
0.00787093
-7.855e-06
-7.4078e-06
0.00784744
-7.39526e-06
7.40448e-06
0.00783839
-7.21133e-06
1.83675e-05
0.00784745
-7.39502e-06
2.0173e-05
0.00787093
-7.85458e-06
1.26588e-05
0.0078985
-8.41023e-06
0.00791685
-8.82418e-06
-3.10033e-05
0.00792939
-1.20989e-05
-4.77473e-05
0.00789499
-1.3215e-05
-4.18521e-05
0.00784202
-1.49442e-05
-1.6459e-05
0.00779666
-1.64448e-05
1.6458e-05
0.00777917
-1.70277e-05
4.18514e-05
0.00779667
-1.64448e-05
4.77472e-05
0.00784203
-1.49442e-05
3.10033e-05
0.007895
-1.32152e-05
0.00792939
-1.2099e-05
-6.5397e-05
0.00796376
-2.00168e-05
-0.00010072
0.00789356
-2.36067e-05
-8.72078e-05
0.00778287
-2.91604e-05
-3.39515e-05
0.00769016
-3.39359e-05
3.3953e-05
0.00765509
-3.57818e-05
8.72093e-05
0.00769017
-3.39361e-05
0.000100721
0.00778288
-2.91608e-05
6.53978e-05
0.00789357
-2.36074e-05
0.00796377
-2.00175e-05
-0.000135596
0.00804692
-3.33773e-05
-0.000211411
0.00790197
-4.25147e-05
-0.000179913
0.00766033
-5.68578e-05
-6.90217e-05
0.00746839
-6.9005e-05
6.90258e-05
0.00739865
-7.36374e-05
0.000179917
0.0074684
-6.90054e-05
0.000211414
0.00766034
-5.68586e-05
0.000135598
0.00790198
-4.25159e-05
0.00804693
-3.33786e-05
-0.000280544
0.00824388
-5.19468e-05
-0.000453053
0.00795332
-7.38684e-05
-0.000371849
0.00739603
-0.00010945
-0.000138763
0.00700224
-0.000138745
0.000138769
0.00686968
-0.000149663
0.000371855
0.00700224
-0.000138746
0.000453058
0.00739604
-0.000109451
0.000280546
0.00795333
-7.38699e-05
0.00824388
-5.19486e-05
-0.000571097
0.00869829
-6.89272e-05
-0.00101035
0.00818524
-0.000118166
-0.000765638
0.00677987
-0.000204159
-0.000271326
0.00601364
-0.000271308
0.000271336
0.00578969
-0.000295427
0.000765646
0.00601364
-0.000271309
0.00101035
0.00677987
-0.00020416
0.000571099
0.00818525
-0.000118167
0.0086983
-6.89292e-05
-0.00108415
0.00966879
-5.78758e-05
-0.00241572
0.00920465
-0.000154735
-0.00153187
0.00514494
-0.000354604
-0.000495271
0.00394047
-0.000495253
0.000495284
0.00366965
-0.000542985
0.00153188
0.00394047
-0.000495254
0.00241573
0.00514494
-0.000354605
0.00108415
0.00920466
-0.000154738
0.0096688
-5.78781e-05
-0.00154829
0.0112572
4.79082e-05
-0.00647543
0.0138525
-8.5624e-05
-0.00273634
-0.000522425
-0.000766093
-0.000766076
0.000766109
-0.00084251
0.00273635
-0.000766077
0.00647544
-0.000522426
0.00154829
0.0138525
-8.56274e-05
0.0112572
4.79043e-05
0.00104697
0.0107669
0.000342857
0.0155465
0.000394786
-0.00104697
0.0155465
0.00039478
0.0107669
0.00034285
0.0058266
0.00619361
0.000714942
0.0152632
0.00819846
0.00106963
0.00802396
0.0116116
0.00193676
0.00245319
0.0111415
0.00245321
-0.00245318
0.0108298
0.00261699
-0.00802395
0.0111415
0.0024532
-0.0152632
0.0116116
0.00193676
-0.0058266
0.00819845
0.00106962
0.00619361
0.000714934
0.00783145
0.00090888
0.0186763
0.00128271
0.00755393
0.0272597
0.0017886
0.00214145
0.0219664
0.00214147
-0.00214145
0.0207644
0.00225505
-0.00755392
0.0219664
0.00214146
-0.0186763
0.0272596
0.00178859
-0.00783144
0.0012827
0.00090887
0.00226071
0.0261682
0.000844901
0.000939415
0.024609
0.000939425
-0.00093942
0.0240198
0.000978632
-0.00226071
0.024609
0.000939423
0.0261682
0.000844897
0.000701503
0.0257905
0.000327176
0.000350236
0.0253115
0.000350243
-0.000350243
0.0250836
0.000361261
-0.000701506
0.0253115
0.000350242
0.0257905
0.000327174
0.000222535
0.0256629
0.00011694
0.000122322
0.0255119
0.000122325
-0.000122326
0.025431
0.000125134
-0.000222538
0.0255119
0.000122325
0.0256629
0.000116939
7.15219e-05
0.0256205
4.01934e-05
4.14193e-05
0.0255721
4.14213e-05
-4.14217e-05
0.0255445
4.20993e-05
-7.15243e-05
0.0255721
4.14213e-05
0.0256205
4.01932e-05
2.31626e-05
0.0256065
1.35299e-05
1.38053e-05
0.0255908
1.38064e-05
-1.38065e-05
0.0255816
1.39649e-05
-2.31642e-05
0.0255908
1.38067e-05
0.0256065
1.35305e-05
7.53425e-06
0.0256019
4.50217e-06
4.56327e-06
0.0255968
4.56381e-06
-4.56327e-06
0.0255937
4.60019e-06
-7.53479e-06
0.0255968
4.56399e-06
0.0256019
4.50237e-06
2.4566e-06
0.0256003
1.48798e-06
1.50171e-06
0.0255987
1.50196e-06
-1.50136e-06
0.0255977
1.51028e-06
-2.45687e-06
0.0255987
1.50231e-06
0.0256003
1.4887e-06
8.01909e-07
0.0255999
4.9018e-07
4.93078e-07
0.0255993
4.93186e-07
-4.9227e-07
0.025599
4.95134e-07
-8.0161e-07
0.0255993
4.93315e-07
0.0255999
4.90343e-07
2.61523e-07
0.0255997
1.60787e-07
1.61687e-07
0.0255995
1.61727e-07
-1.61086e-07
0.0255994
1.62215e-07
-2.61444e-07
0.0255995
1.61982e-07
0.0255997
1.61372e-07
8.46551e-08
0.0255997
5.26246e-08
5.2731e-08
0.0255996
5.27423e-08
-5.21927e-08
0.0255996
5.28994e-08
-8.45674e-08
0.0255996
5.276e-08
0.0255997
5.26136e-08
2.63326e-08
0.0255996
1.6289e-08
1.64301e-08
0.0255996
1.64313e-08
-1.66253e-08
0.0255996
1.64697e-08
-2.64333e-08
0.0255996
1.65699e-08
0.0255996
1.66527e-08
6.11103e-09
3.76273e-09
3.70092e-09
3.70013e-09
-3.69844e-09
3.7449e-09
-5.65207e-09
3.74978e-09
3.82128e-09
0.0013842
0.00239235
-0.0018883
0.00159439
0.00216369
-0.00118697
0.0011702
0.00191959
-0.000747736
0.000423397
0.00175204
-0.000502651
-0.000423419
0.00169361
-0.000423429
-0.00117022
0.00175204
-0.000502649
-0.0015944
0.00191959
-0.000747732
-0.00138421
0.00216368
-0.00118697
0.00239234
-0.0018883
0.00115554
0.00434897
-0.00155612
0.0013503
0.00393214
-0.000981641
0.00100265
0.00352239
-0.00062761
0.000364967
0.00324842
-0.000429378
-0.000364988
0.0031535
-0.000364999
-0.00100267
0.00324842
-0.000429376
-0.00135031
0.00352238
-0.000627606
-0.00115555
0.00393213
-0.000981635
0.00434897
-0.00155611
0.000738705
0.00525183
-0.000820814
0.000940548
0.00494009
-0.000604938
0.000728685
0.0045833
-0.000424559
0.000270049
0.00432583
-0.000309425
-0.000270071
0.00423372
-0.000270081
-0.000728705
0.00432583
-0.000309422
-0.000940562
0.00458329
-0.000424555
-0.000738712
0.00494009
-0.000604931
0.00525182
-0.000820807
0.000426972
0.00563889
-0.000407054
0.00058375
0.00544863
-0.000332696
0.000471225
0.00520405
-0.000254151
0.000177932
0.00501518
-0.00019806
-0.000177954
0.00494547
-0.000177964
-0.000471245
0.00501518
-0.000198057
-0.000583765
0.00520405
-0.000254146
-0.00042698
0.00544863
-0.000332689
0.00563889
-0.000407046
0.000236713
0.00580351
-0.000200697
0.00033917
0.0056953
-0.0001746
0.000282352
0.00554556
-0.00014238
0.000108219
0.00542422
-0.000117485
-0.000108242
0.00537837
-0.000108251
-0.000282372
0.00542422
-0.000117483
-0.000339185
0.00554556
-0.000142375
-0.00023672
0.0056953
-0.000174593
0.0058035
-0.00020069
0.00012851
0.0058735
-9.92852e-05
0.000189428
0.00581387
-8.97795e-05
0.000161008
0.00572766
-7.68759e-05
6.237e-05
0.00565556
-6.63852e-05
-6.2393e-05
0.00562787
-6.24015e-05
-0.000161028
0.00565556
-6.63826e-05
-0.000189443
0.00572766
-7.68709e-05
-0.000128517
0.00581387
-8.97728e-05
0.0058735
-9.92776e-05
6.88828e-05
0.00590313
-4.92887e-05
0.00010322
0.00587093
-4.57323e-05
8.89047e-05
0.00582319
-4.06364e-05
3.46825e-05
0.00578244
-3.63614e-05
-3.47055e-05
0.00576663
-3.47133e-05
-8.89251e-05
0.00578244
-3.63588e-05
-0.000103235
0.00582319
-4.06313e-05
-6.88903e-05
0.00587093
-4.57255e-05
0.00590313
-4.92811e-05
3.66841e-05
0.00591531
-2.44649e-05
5.54759e-05
0.00589837
-2.31478e-05
4.81619e-05
0.00587285
-2.12045e-05
1.88682e-05
0.00585077
-1.95443e-05
-1.88912e-05
0.00584213
-1.8898e-05
-4.81822e-05
0.00585077
-1.95417e-05
-5.54912e-05
0.00587285
-2.11996e-05
-3.66916e-05
0.00589837
-2.31411e-05
0.00591532
-2.44574e-05
1.97393e-05
0.00591937
-1.19269e-05
2.99547e-05
0.00591117
-1.15384e-05
2.60818e-05
0.00589858
-1.09568e-05
1.02309e-05
0.00588747
-1.04557e-05
-1.02536e-05
0.00588308
-1.02595e-05
-2.61018e-05
0.00588747
-1.04531e-05
-2.99697e-05
0.00589858
-1.09519e-05
-1.97466e-05
0.00591117
-1.15318e-05
0.00591937
-1.19195e-05
1.15375e-05
0.00591808
-5.14964e-06
1.73621e-05
0.00591592
-5.31839e-06
1.49808e-05
0.00591204
-5.56661e-06
5.83878e-06
0.00590813
-5.78126e-06
-5.86107e-06
0.00590647
-5.86601e-06
-1.50004e-05
0.00590813
-5.7787e-06
-1.73769e-05
0.00591204
-5.56181e-06
-1.15448e-05
0.00591592
-5.31193e-06
0.00591808
-5.14242e-06
9.38279e-06
0.00590934
-3.48973e-07
1.34753e-05
0.00591432
-1.27337e-06
1.10729e-05
0.00591961
-2.61149e-06
4.17786e-06
0.00592248
-3.75325e-06
-4.19962e-06
0.00592321
-4.20354e-06
-1.1092e-05
0.00592248
-3.75077e-06
-1.34896e-05
0.00591961
-2.60683e-06
-9.38978e-06
0.00591432
-1.26712e-06
0.00590934
-3.41956e-07
1.4364e-05
0.00588283
6.05351e-06
1.87627e-05
0.00590334
3.26809e-06
1.39443e-05
0.00592546
-5.38964e-07
4.90374e-06
0.00593886
-3.68848e-06
-4.92485e-06
0.00594285
-4.9277e-06
-1.39628e-05
0.00593886
-3.6861e-06
-1.87766e-05
0.00592546
-5.34482e-07
-1.43709e-05
0.00590334
3.27412e-06
0.00588283
6.06024e-06
3.48787e-05
0.00580503
2.14372e-05
4.08846e-05
0.00587165
1.28211e-05
2.73399e-05
0.00593423
2.36464e-06
8.89977e-06
0.00596876
-5.75238e-06
-8.92009e-06
0.00597848
-8.92187e-06
-2.73578e-05
0.00596876
-5.7501e-06
-4.08979e-05
0.00593424
2.36892e-06
-3.48852e-05
0.00587165
1.28268e-05
0.00580503
2.14436e-05
0.000101496
0.00556327
7.01109e-05
0.000103473
0.00579033
3.96505e-05
6.18681e-05
0.00595617
9.8167e-06
1.8618e-05
0.00603348
-1.07506e-05
-1.86374e-05
0.00605298
-1.86381e-05
-6.18851e-05
0.00603348
-1.07484e-05
-0.000103485
0.00595617
9.82075e-06
-0.000101502
0.00579033
3.96559e-05
0.00556328
7.0117e-05
0.000328553
0.00473359
0.00025055
0.000269312
0.00560607
0.000121734
0.000139179
0.00602317
3.15485e-05
3.81198e-05
0.00617319
-1.93374e-05
-3.81382e-05
0.00620549
-3.81378e-05
-0.000139195
0.00617319
-1.93354e-05
-0.000269324
0.00602318
3.15523e-05
-0.000328558
0.00560607
0.00012174
0.00473359
0.000250556
0.00120103
0.00149217
0.00102018
0.000686419
0.00537827
0.000371189
0.000289191
0.00624355
8.84129e-05
7.04242e-05
0.00645131
-2.96917e-05
-7.04414e-05
0.00648722
-7.04399e-05
-0.000289206
0.00645132
-2.96898e-05
-0.00068643
0.00624355
8.84164e-05
-0.00120104
0.00537828
0.000371193
0.00149217
0.00102019
0.00508714
0.00691331
0.00474585
0.0015517
0.00691314
0.00100027
0.000496954
0.00691287
0.000192699
0.000106327
0.00691264
-3.53599e-05
-0.000106343
0.00691255
-0.00010634
-0.000496968
0.00691264
-3.53582e-05
-0.00155171
0.00691288
0.000192702
-0.00508714
0.00691314
0.00100028
0.00691332
0.00474585
0.00508696
0.0123345
0.00474594
0.00155143
0.00844793
0.00100037
0.00049672
0.00758199
0.000192791
0.000106235
0.00737365
-3.52661e-05
-0.00010625
0.00733752
-0.000106246
-0.000496733
0.00737365
-3.52646e-05
-0.00155144
0.00758199
0.000192794
-0.00508697
0.00844793
0.00100037
0.0123345
0.00474594
0.00120043
0.00909305
0.00102049
0.000685494
0.00821985
0.000371501
0.000288379
0.00780163
8.8732e-05
7.01048e-05
0.00765065
-2.93667e-05
-7.01176e-05
0.00761796
-7.01127e-05
-0.00028839
0.00765065
-2.93653e-05
-0.000685502
0.00780163
8.87345e-05
-0.00120043
0.00821985
0.000371504
0.00909305
0.00102049
0.000327225
0.0082634
0.000251212
0.00026728
0.00803497
0.000122409
0.000137394
0.00786703
3.22416e-05
3.74174e-05
0.00778788
-1.86281e-05
-3.74285e-05
0.00776765
-3.74224e-05
-0.000137404
0.00778788
-1.8627e-05
-0.000267287
0.00786704
3.22438e-05
-0.000327228
0.00803497
0.000122412
0.0082634
0.000251215
9.87987e-05
0.00802176
7.14203e-05
9.93442e-05
0.00795244
4.09913e-05
5.82417e-05
0.00788573
1.12053e-05
1.71899e-05
0.00784758
-9.32033e-06
-1.71991e-05
0.00783643
-1.71918e-05
-5.82497e-05
0.00784758
-9.3194e-06
-9.93499e-05
0.00788573
1.1207e-05
-9.88014e-05
0.00795245
4.09936e-05
0.00802176
7.14229e-05
2.94847e-05
0.00794435
2.39673e-05
3.26294e-05
0.00791845
1.54309e-05
2.00914e-05
0.00788809
5.09609e-06
6.04409e-06
0.00786747
-2.91457e-06
-6.05132e-06
0.00786063
-6.04268e-06
-2.00977e-05
0.00786747
-2.91385e-06
-3.26338e-05
0.00788809
5.0974e-06
-2.94868e-05
0.00791845
1.54326e-05
0.00794435
2.39692e-05
3.58471e-06
0.00791899
1.08955e-05
2.26786e-06
0.00790316
8.31219e-06
-5.2684e-07
0.00788127
4.8141e-06
-7.96057e-07
0.00786389
1.93459e-06
7.90862e-07
0.00785746
8.00896e-07
5.22417e-07
0.00786389
1.93508e-06
-2.27089e-06
0.00788127
4.81499e-06
-3.58613e-06
0.00790316
8.31332e-06
0.00791899
1.08967e-05
-1.22456e-05
0.00791357
8.84367e-06
-1.96189e-05
0.00789369
8.43026e-06
-1.79105e-05
0.00786384
7.87505e-06
-7.22387e-06
0.00783839
7.41581e-06
7.22079e-06
0.00782858
7.23225e-06
1.79079e-05
0.0078384
7.41608e-06
1.96173e-05
0.00786384
7.87552e-06
1.22449e-05
0.0078937
8.43084e-06
0.00791357
8.84428e-06
-3.21194e-05
0.00792147
1.21233e-05
-4.94765e-05
0.0078846
1.32401e-05
-4.33528e-05
0.0078278
1.49697e-05
-1.70419e-05
0.00777917
1.64707e-05
1.70409e-05
0.00776042
1.70538e-05
4.33521e-05
0.00777918
1.64708e-05
4.94763e-05
0.00782781
1.49698e-05
3.21194e-05
0.00788461
1.32401e-05
0.00792148
1.21233e-05
-6.8987e-05
0.0079504
2.00464e-05
-0.000106273
0.00787465
2.36371e-05
-9.19833e-05
0.00775517
2.91911e-05
-3.57973e-05
0.0076551
3.39669e-05
3.57987e-05
0.00761724
3.58128e-05
9.19846e-05
0.0076551
3.39668e-05
0.000106275
0.00775518
2.91909e-05
6.89877e-05
0.00787466
2.36366e-05
0.00795041
2.00459e-05
-0.000144734
0.00802835
3.34117e-05
-0.000225754
0.00787062
4.25499e-05
-0.00019206
0.00760774
5.68934e-05
-7.3654e-05
0.00739865
6.90407e-05
7.36578e-05
0.00732263
7.36729e-05
0.000192064
0.00739866
6.90404e-05
0.000225757
0.00760774
5.68928e-05
0.000144735
0.00787063
4.2549e-05
0.00802836
3.34107e-05
-0.000302466
0.0082269
5.19854e-05
-0.000488635
0.00790903
7.39078e-05
-0.000401144
0.00730132
0.00010949
-0.00014968
0.00686968
0.000138785
0.000149687
0.00672391
0.000149702
0.000401149
0.00686968
0.000138785
0.000488639
0.00730133
0.000109489
0.000302468
0.00790903
7.39066e-05
0.0082269
5.1984e-05
-0.000620335
0.00870935
6.89692e-05
-0.00109634
0.00814867
0.000118209
-0.000832787
0.00662942
0.000204202
-0.000295445
0.00578969
0.000271352
0.000295454
0.00554213
0.00029547
0.000832795
0.0057897
0.000271351
0.00109635
0.00662943
0.000204201
0.000620338
0.00814868
0.000118207
0.00870935
6.89673e-05
-0.00118101
0.00977457
5.79204e-05
-0.00261559
0.00927376
0.000154781
-0.00167252
0.00497712
0.00035465
-0.000543002
0.00366965
0.0004953
0.000543015
0.00337012
0.000543031
0.00167253
0.00366965
0.000495299
0.0026156
0.00497712
0.000354649
0.00118101
0.00927377
0.000154779
0.00977458
5.79178e-05
-0.00168182
0.0115522
-4.78617e-05
-0.00691223
0.0143329
8.56716e-05
-0.00297999
0.000522473
-0.000842527
0.000766124
0.000842542
0.000842557
0.00298
0.000766123
0.00691224
0.00052247
0.00168182
0.0143329
8.56678e-05
0.0115522
-4.7866e-05
0.0010989
0.011139
-0.000342809
0.0162214
-0.000394738
-0.0010989
0.0162213
-0.000394744
0.011139
-0.000342816
0.00618129
0.00638755
-0.000714895
0.0161303
0.00841154
-0.00106958
0.00854041
0.0114634
-0.00193672
0.00261697
0.0108298
-0.00245317
-0.00261697
0.0104679
-0.00261695
-0.0085404
0.0108298
-0.00245317
-0.0161303
0.0114634
-0.00193673
-0.00618128
0.00841153
-0.00106959
0.00638754
-0.000714903
0.00820528
-0.000908834
0.0191822
-0.00128266
0.00790679
0.026316
-0.00178857
0.00225504
0.0207644
-0.00214144
-0.00225504
0.019488
-0.00225503
-0.00790679
0.0207644
-0.00214144
-0.0191822
0.0263159
-0.00178857
-0.00820527
-0.00128267
-0.000908842
0.00235524
0.0256505
-0.000844884
0.000978621
0.0240198
-0.00093941
-0.000978629
0.0234024
-0.000978619
-0.00235524
0.0240198
-0.000939412
0.0256505
-0.000844886
0.00072457
0.0255802
-0.000327168
0.000361255
0.0250836
-0.000350236
-0.000361262
0.0248475
-0.000361256
-0.000724574
0.0250836
-0.000350237
0.0255802
-0.000327169
0.00022792
0.0255862
-0.000116937
0.00012513
0.025431
-0.000122322
-0.000125135
0.025348
-0.000125131
-0.000227924
0.025431
-0.000122323
0.0255862
-0.000116937
7.27498e-05
0.0255938
-4.01917e-05
4.20972e-05
0.0255445
-4.14197e-05
-4.20996e-05
0.0255164
-4.20976e-05
-7.27524e-05
0.0255445
-4.14198e-05
0.0255938
-4.01923e-05
2.34391e-05
0.0255974
-1.35293e-05
1.39638e-05
0.0255816
-1.38054e-05
-1.39646e-05
0.0255722
-1.39635e-05
-2.34404e-05
0.0255816
-1.38053e-05
0.0255974
-1.35291e-05
7.59588e-06
0.0255988
-4.50121e-06
4.59965e-06
0.0255937
-4.56272e-06
-4.59946e-06
0.0255906
-4.59892e-06
-7.59641e-06
0.0255937
-4.56266e-06
0.0255988
-4.50121e-06
2.47058e-06
0.0255993
-1.48758e-06
1.51003e-06
0.0255977
-1.5011e-06
-1.50932e-06
0.0255967
-1.50906e-06
-2.47049e-06
0.0255977
-1.50083e-06
0.0255993
-1.48705e-06
8.04915e-07
0.0255995
-4.89232e-07
4.95027e-07
0.025599
-4.92155e-07
-4.9409e-07
0.0255987
-4.93976e-07
-8.04581e-07
0.025599
-4.92064e-07
0.0255995
-4.89119e-07
2.62463e-07
0.0255996
-1.60497e-07
1.62174e-07
0.0255994
-1.6104e-07
-1.61319e-07
0.0255993
-1.61274e-07
-2.62054e-07
0.0255994
-1.60809e-07
0.0255996
-1.59987e-07
8.47729e-08
0.0255996
-5.20943e-08
5.2888e-08
0.0255996
-5.21774e-08
-5.2332e-08
0.0255995
-5.23173e-08
-8.47138e-08
0.0255996
-5.2176e-08
0.0255996
-5.21069e-08
2.64748e-08
0.0255996
-1.66701e-08
1.64686e-08
0.0255996
-1.66219e-08
-1.65252e-08
0.0255996
-1.65219e-08
-2.63505e-08
0.0255996
-1.65017e-08
0.0255996
-1.63746e-08
6.04843e-09
-3.69564e-09
3.74569e-09
-3.69824e-09
-3.69357e-09
-3.69346e-09
-5.58057e-09
-3.6763e-09
-3.6546e-09
0.00208553
0.00272453
-0.00669838
0.00203363
0.00236902
-0.0035041
0.00141529
0.00203972
-0.00216913
0.000502619
0.00182532
-0.00141531
-0.000502638
0.00175204
-0.00117023
-0.0014153
0.00182532
-0.00141531
-0.00203364
0.00203972
-0.00216913
-0.00208554
0.00236902
-0.0035041
0.00272453
-0.00669837
0.00173002
0.00508428
-0.0056459
0.00170433
0.00430884
-0.00289579
0.00120089
0.00372544
-0.0018099
0.000429346
0.00336837
-0.00120091
-0.000429365
0.00324842
-0.00100268
-0.0012009
0.00336837
-0.00120091
-0.00170434
0.00372544
-0.0018099
-0.00173002
0.00430884
-0.00289579
0.00508427
-0.0056459
0.000954581
0.00566559
-0.00235672
0.00112093
0.00521233
-0.0016748
0.000843819
0.0047537
-0.00117574
0.000309393
0.0044372
-0.000843846
-0.000309412
0.00432583
-0.000728712
-0.000843837
0.0044372
-0.000843844
-0.00112094
0.0047537
-0.00117574
-0.000954587
0.00521233
-0.0016748
0.00566558
-0.00235672
0.00050133
0.00584525
-0.00108806
0.000662294
0.00560673
-0.000888075
0.000527316
0.00531582
-0.000681313
0.000198027
0.00509575
-0.000527343
-0.000198047
0.00501518
-0.000471251
-0.000527334
0.00509575
-0.000527341
-0.000662308
0.00531582
-0.000681309
-0.000501337
0.00560673
-0.00088807
0.00584525
-0.00108806
0.000262811
0.00590492
-0.000523194
0.00037139
0.00578012
-0.000456594
0.000307246
0.00561106
-0.000373495
0.000117453
0.00547532
-0.000307273
-0.000117473
0.00542422
-0.000282378
-0.000307264
0.00547532
-0.000307271
-0.000371403
0.00561106
-0.000373491
-0.000262817
0.00578012
-0.000456589
0.00590492
-0.000523187
0.000138016
0.0059235
-0.000255896
0.000202331
0.00585792
-0.000231913
0.000171499
0.0057639
-0.000198901
6.63537e-05
0.00568559
-0.000171525
-6.6374e-05
0.00565556
-0.000161034
-0.000171517
0.00568559
-0.000171523
-0.000202345
0.0057639
-0.000198897
-0.000138022
0.00585792
-0.000231907
0.0059235
-0.000255889
7.24392e-05
0.00592795
-0.000126201
0.000108316
0.00589352
-0.000117225
9.31797e-05
0.00584262
-0.000104233
3.63306e-05
0.00579926
-9.32054e-05
-3.6351e-05
0.00578245
-8.89303e-05
-9.31977e-05
0.00579926
-9.32031e-05
-0.000108329
0.00584262
-0.000104228
-7.24458e-05
0.00589352
-0.000117219
0.00592795
-0.000126195
3.80012e-05
0.00592785
-6.23798e-05
5.74191e-05
0.00590998
-5.90472e-05
4.98222e-05
0.0058831
-5.4101e-05
1.95145e-05
0.00585986
-4.98471e-05
-1.95348e-05
0.00585077
-4.81868e-05
-4.98401e-05
0.00585986
-4.98449e-05
-5.74326e-05
0.0058831
-5.40968e-05
-3.80079e-05
0.00590998
-5.90416e-05
0.00592785
-6.23735e-05
2.01278e-05
0.00592615
-3.03642e-05
3.05363e-05
0.00591739
-2.93742e-05
2.6583e-05
0.00590397
-2.78894e-05
1.04271e-05
0.00589215
-2.66069e-05
-1.04472e-05
0.00588748
-2.61057e-05
-2.66007e-05
0.00589215
-2.66047e-05
-3.05496e-05
0.00590397
-2.78853e-05
-2.01343e-05
0.00591739
-2.93687e-05
0.00592615
-3.0358e-05
1.13688e-05
0.00592288
-1.32621e-05
1.71139e-05
0.00591997
-1.36588e-05
1.47661e-05
0.00591499
-1.42579e-05
5.75402e-06
0.00591016
-1.47889e-05
-5.77376e-06
0.00590813
-1.50035e-05
-1.47835e-05
0.00591016
-1.47868e-05
-1.7127e-05
0.00591499
-1.42538e-05
-1.13753e-05
0.00591997
-1.36534e-05
0.00592288
-1.32561e-05
8.4584e-06
0.00591574
-1.68569e-06
1.21372e-05
0.00591886
-3.86397e-06
9.9311e-06
0.00592168
-7.11074e-06
3.72757e-06
0.00592255
-9.95265e-06
-3.74686e-06
0.00592248
-1.10943e-05
-9.94808e-06
0.00592255
-9.95056e-06
-1.21499e-05
0.00592168
-7.10683e-06
-8.46462e-06
0.00591887
-3.85874e-06
0.00591575
-1.67981e-06
1.15786e-05
0.00589821
1.20001e-05
1.49557e-05
0.00591289
5.85005e-06
1.07948e-05
0.00592837
-3.07129e-06
3.66452e-06
0.00593679
-1.08149e-05
-3.68324e-06
0.00593886
-1.39644e-05
-1.08112e-05
0.00593679
-1.08129e-05
-1.4968e-05
0.00592837
-3.06751e-06
-1.15847e-05
0.00591289
5.85512e-06
0.00589821
1.20057e-05
2.62626e-05
0.0058537
3.96698e-05
3.04282e-05
0.00589848
2.30591e-05
1.92229e-05
0.00594169
2.36899e-07
5.73028e-06
0.00596376
-1.92415e-05
-5.74831e-06
0.00596876
-2.73585e-05
-1.92388e-05
0.00596376
-1.92396e-05
-3.044e-05
0.00594169
2.40514e-07
-2.62684e-05
0.00589848
2.30639e-05
0.0058537
3.96753e-05
7.10358e-05
0.00574371
0.000109056
7.3639e-05
0.00587241
6.30987e-05
4.13008e-05
0.0059779
5.93104e-06
1.07305e-05
0.00602489
-4.13178e-05
-1.07477e-05
0.00603348
-6.18851e-05
-4.13159e-05
0.0060249
-4.1316e-05
-7.36503e-05
0.0059779
5.93448e-06
-7.10414e-05
0.00587242
6.31033e-05
0.00574372
0.000109061
0.000199737
0.00550322
0.000291299
0.000179126
0.00585552
0.000159228
8.82933e-05
0.00608004
2.02364e-05
1.93194e-05
0.00616283
-8.83086e-05
-1.93357e-05
0.00617319
-0.000139194
-8.83076e-05
0.00616283
-8.83068e-05
-0.000179137
0.00608004
2.02396e-05
-0.000199742
0.00585552
0.000159233
0.00550322
0.000291303
0.000552039
0.00521784
0.000753518
0.000403644
0.00600736
0.000367738
0.000171087
0.00634784
5.31656e-05
2.9676e-05
0.00644565
-0.0001711
-2.96913e-05
0.00645132
-0.000289205
-0.0001711
0.00644565
-0.000171098
-0.000403654
0.00634784
5.31686e-05
-0.000552044
0.00600736
0.000367742
0.00521784
0.000753523
0.00134156
0.0069134
0.00170871
0.000744121
0.00691323
0.000691837
0.000268895
0.00691297
0.000102789
3.53466e-05
0.00691274
-0.000268906
-3.53607e-05
0.00691264
-0.000496965
-0.000268907
0.00691274
-0.000268905
-0.00074413
0.00691297
0.000102792
-0.00134157
0.00691323
0.000691841
0.00691341
0.00170872
0.00134139
0.00860901
0.00170894
0.000743857
0.00781906
0.000692063
0.000268663
0.00747793
0.000103019
3.52555e-05
0.00737955
-0.000268672
-3.52683e-05
0.00737365
-0.00049673
-0.000268674
0.00737955
-0.000268671
-0.000743865
0.00747793
0.000103021
-0.00134139
0.00781907
0.000692066
0.00860902
0.00170894
0.000551439
0.00832377
0.000754287
0.000402726
0.00797075
0.000368518
0.00017028
0.00774514
5.39632e-05
2.93587e-05
0.00766139
-0.000170287
-2.93702e-05
0.00765065
-0.000288386
-0.00017029
0.00766139
-0.000170286
-0.000402733
0.00774514
5.39654e-05
-0.000551442
0.00797076
0.000368521
0.00832378
0.00075429
0.000198421
0.0080836
0.000292959
0.000177113
0.00795355
0.000160919
8.65244e-05
0.007846
2.19745e-05
1.86231e-05
0.00779719
-8.6529e-05
-1.8633e-05
0.00778788
-0.000137399
-8.6533e-05
0.00779719
-8.6528e-05
-0.000177119
0.007846
2.19764e-05
-0.000198424
0.00795356
0.000160922
0.00808361
0.000292961
6.83696e-05
0.0079743
0.000112348
6.95582e-05
0.00792688
6.64706e-05
3.77161e-05
0.00787962
9.42435e-06
9.31844e-06
0.00785398
-3.77181e-05
-9.3267e-06
0.00784758
-5.82437e-05
-3.77233e-05
0.00785399
-3.77173e-05
-6.95633e-05
0.00787962
9.42588e-06
-6.83721e-05
0.00792689
6.64726e-05
0.00797431
0.000112351
2.09482e-05
0.00793128
4.60489e-05
2.22947e-05
0.00791133
2.96403e-05
1.20808e-05
0.0078878
7.12748e-06
2.91598e-06
0.00787232
-1.208e-05
-2.9225e-06
0.00786747
-2.00907e-05
-1.20864e-05
0.00787232
-1.20793e-05
-2.22987e-05
0.00788781
7.12869e-06
-2.09502e-05
0.00791133
2.96419e-05
0.00793128
4.60505e-05
1.00143e-06
0.00791693
2.42358e-05
-1.23023e-06
0.00790327
1.86e-05
-3.40634e-06
0.00788433
1.04655e-05
-1.92976e-06
0.00786937
3.40998e-06
1.92505e-06
0.00786389
5.30431e-07
3.40232e-06
0.00786937
3.41045e-06
1.22745e-06
0.00788433
1.04664e-05
-1.00271e-06
0.00790328
1.86011e-05
0.00791694
2.42371e-05
-1.2659e-05
0.00791685
2.15932e-05
-2.01741e-05
0.0078985
2.07202e-05
-1.83697e-05
0.00787093
1.94743e-05
-7.40743e-06
0.00784745
1.83763e-05
7.40462e-06
0.0078384
1.7917e-05
1.83674e-05
0.00784745
1.83766e-05
2.01726e-05
0.00787094
1.94749e-05
1.26583e-05
0.00789851
2.07209e-05
0.00791685
2.15939e-05
-3.10026e-05
0.00792939
3.05838e-05
-4.77469e-05
0.007895
3.34937e-05
-4.18517e-05
0.00784203
3.79836e-05
-1.64588e-05
0.00779667
4.18613e-05
1.64579e-05
0.00777918
4.33623e-05
4.18511e-05
0.00779667
4.18614e-05
4.77466e-05
0.00784203
3.79839e-05
3.10026e-05
0.007895
3.3494e-05
0.0079294
3.05841e-05
-6.53963e-05
0.00796377
5.10751e-05
-0.000100719
0.00789357
6.03994e-05
-8.72075e-05
0.00778288
7.48381e-05
-3.39515e-05
0.00769017
8.72201e-05
3.39527e-05
0.0076551
9.19958e-05
8.72087e-05
0.00769017
8.72201e-05
0.00010072
0.00778288
7.48382e-05
6.53969e-05
0.00789357
6.03994e-05
0.00796377
5.10749e-05
-0.000135595
0.00804692
8.58523e-05
-0.000211411
0.00790198
0.000109962
-0.000179913
0.00766033
0.000147944
-6.90218e-05
0.0074684
0.000179929
6.90253e-05
0.00739866
0.000192076
0.000179916
0.0074684
0.000179928
0.000211413
0.00766034
0.000147943
0.000135597
0.00790198
0.000109961
0.00804693
8.58519e-05
-0.000280544
0.00824388
0.000135583
-0.000453053
0.00795333
0.000195079
-0.000371849
0.00739603
0.000292599
-0.000138763
0.00700224
0.000371867
0.000138769
0.00686968
0.000401162
0.000371854
0.00700225
0.000371867
0.000453057
0.00739604
0.000292599
0.000280545
0.00795333
0.000195078
0.00824389
0.000135582
-0.000571096
0.0086983
0.000185656
-0.00101035
0.00818525
0.000325554
-0.000765637
0.00677987
0.000575668
-0.000271326
0.00601364
0.000765659
0.000271335
0.0057897
0.000832808
0.000765645
0.00601364
0.000765658
0.00101035
0.00677988
0.000575667
0.000571098
0.00818525
0.000325553
0.0086983
0.000185655
-0.00108415
0.00966879
0.000171587
-0.00241572
0.00920465
0.000466968
-0.00153187
0.00514494
0.00110575
-0.000495271
0.00394047
0.00153189
0.000495283
0.00366965
0.00167254
0.00153188
0.00394047
0.00153189
0.00241573
0.00514494
0.00110574
0.00108415
0.00920466
0.000466966
0.00966879
0.000171584
-0.00154829
0.0112572
-8.80014e-05
-0.00647543
0.0138525
0.000364997
-0.00273634
0.00192834
-0.000766094
0.00273636
0.000766107
0.00298002
0.00273635
0.00273636
0.00647544
0.00192834
0.00154829
0.0138525
0.000364992
0.0112572
-8.80057e-05
0.00104697
0.0107669
-0.00089941
0.0155465
-0.00104176
-0.00104697
0.0155465
-0.00104177
0.0107669
-0.000899416
0.0058266
0.00619361
-0.0019682
0.0152632
0.00819845
-0.00315808
0.00802396
0.0116116
-0.00630905
0.00245319
0.0111415
-0.00802394
-0.00245319
0.0108298
-0.00854039
-0.00802395
0.0111415
-0.00802394
-0.0152632
0.0116115
-0.00630905
-0.0058266
0.00819844
-0.00315809
0.0061936
-0.0019682
0.00783145
-0.00254666
0.0186763
-0.00392905
0.00755392
0.0272596
-0.0063143
0.00214145
0.0219664
-0.00755391
-0.00214145
0.0207644
-0.00790678
-0.00755392
0.0219664
-0.00755391
-0.0186763
0.0272596
-0.0063143
-0.00783144
-0.00392905
-0.00254666
0.00226071
0.0261682
-0.00201417
0.000939413
0.024609
-0.00226071
-0.000939422
0.0240198
-0.00235523
-0.00226071
0.024609
-0.00226071
0.0261682
-0.00201417
0.000701502
0.0257905
-0.000650957
0.000350236
0.0253115
-0.000701502
-0.000350244
0.0250836
-0.00072457
-0.000701507
0.0253115
-0.000701503
0.0257905
-0.000650958
0.000222534
0.0256629
-0.00021194
0.000122322
0.0255119
-0.000222536
-0.000122326
0.025431
-0.000227922
-0.000222538
0.0255119
-0.000222536
0.0256629
-0.000211941
7.15218e-05
0.0256205
-6.92667e-05
4.14193e-05
0.0255721
-7.15231e-05
-4.14219e-05
0.0255445
-7.27513e-05
-7.15249e-05
0.0255721
-7.15236e-05
0.0256205
-6.92677e-05
2.3163e-05
0.0256065
-2.2678e-05
1.38057e-05
0.0255908
-2.31635e-05
-1.38063e-05
0.0255816
-2.34398e-05
-2.31643e-05
0.0255908
-2.31636e-05
0.0256065
-2.26783e-05
7.53437e-06
0.0256019
-7.42922e-06
4.56345e-06
0.0255968
-7.53445e-06
-4.5632e-06
0.0255937
-7.59607e-06
-7.53496e-06
0.0255968
-7.53463e-06
0.0256019
-7.4294e-06
2.45707e-06
0.0256003
-2.4341e-06
1.50206e-06
0.0255987
-2.45669e-06
-1.50109e-06
0.0255977
-2.47031e-06
-2.4567e-06
0.0255987
-2.45654e-06
0.0256003
-2.43368e-06
8.01992e-07
0.0255999
-7.96657e-07
4.93206e-07
0.0255993
-8.01521e-07
-4.92178e-07
0.025599
-8.04498e-07
-8.01636e-07
0.0255993
-8.01558e-07
0.0255999
-7.96427e-07
2.6192e-07
0.0255997
-2.60633e-07
1.61941e-07
0.0255995
-2.61402e-07
-1.60854e-07
0.0255994
-2.62016e-07
-2.61231e-07
0.0255995
-2.61197e-07
0.0255997
-2.6006e-07
8.46899e-08
0.0255997
-8.43854e-08
5.27481e-08
0.0255996
-8.4549e-08
-5.21906e-08
0.0255996
-8.46976e-08
-8.46447e-08
0.0255996
-8.46311e-08
0.0255997
-8.42234e-08
2.65231e-08
0.0255996
-2.67409e-08
1.65685e-08
0.0255996
-2.64257e-08
-1.6505e-08
0.0255996
-2.63441e-08
-2.62234e-08
0.0255996
-2.62186e-08
0.0255996
-2.61527e-08
6.04582e-09
-5.7823e-09
3.75047e-09
-5.64977e-09
-3.67641e-09
-5.57879e-09
-5.55887e-09
-5.5577e-09
-5.26013e-09
0.00527981
0.00377701
-0.00575521
0.00336859
0.00297732
-0.00457023
0.00216911
0.00239895
-0.00336861
0.000747705
0.00203972
-0.00203364
-0.000747722
0.00191959
-0.00159441
-0.00216912
0.00203972
-0.00203364
-0.0033686
0.00239895
-0.00336861
-0.00527981
0.00297732
-0.00457022
0.00377701
-0.0057552
0.00448013
0.00837346
-0.00472249
0.00279022
0.00552983
-0.00375842
0.00180988
0.0043596
-0.00279024
0.000627578
0.00372544
-0.00170435
-0.000627595
0.00352239
-0.00135032
-0.00180989
0.00372544
-0.00170435
-0.00279023
0.0043596
-0.00279023
-0.00448013
0.00552983
-0.00375841
0.00837345
-0.00472249
0.0016365
0.00693424
-0.00255403
0.00161999
0.00599906
-0.00212754
0.00117571
0.00524813
-0.00162001
0.000424527
0.0047537
-0.00112095
-0.000424545
0.00458329
-0.000940567
-0.00117573
0.0047537
-0.00112094
-0.00162
0.00524813
-0.00162001
-0.00163651
0.00599906
-0.00212754
0.00693424
-0.00255402
0.000701319
0.00641012
-0.00126527
0.000869056
0.00603821
-0.00109498
0.000681287
0.00562364
-0.000869075
0.000254119
0.00531582
-0.000662314
-0.000254137
0.00520405
-0.000583769
-0.000681302
0.00531582
-0.000662312
-0.000869068
0.00562364
-0.000869073
-0.000701325
0.00603821
-0.00109498
0.00641012
-0.00126527
0.00032941
0.00617222
-0.000614715
0.000454489
0.0060048
-0.000548287
0.000373468
0.00578566
-0.000454508
0.000142348
0.00561106
-0.000371409
-0.000142366
0.00554556
-0.000339189
-0.000373484
0.00561106
-0.000371407
-0.000454501
0.00578566
-0.000454505
-0.000329416
0.0060048
-0.000548284
0.00617221
-0.000614711
0.000161998
0.00605319
-0.000298884
0.000235343
0.00597261
-0.00027308
0.000198875
0.00585857
-0.000235362
7.68444e-05
0.00576391
-0.00020235
-7.68626e-05
0.00572767
-0.000189447
-0.000198891
0.0057639
-0.000202349
-0.000235356
0.00585857
-0.000235359
-0.000162005
0.00597261
-0.000273076
0.00605319
-0.00029888
8.14155e-05
0.00599177
-0.000146214
0.000121308
0.00595169
-0.00013622
0.000104207
0.00589275
-0.000121326
4.06056e-05
0.00584262
-0.000108334
-4.06238e-05
0.00582319
-0.000103238
-0.000104223
0.00584262
-0.000108333
-0.00012132
0.00589275
-0.000121323
-8.14215e-05
0.00595169
-0.000136216
0.00599177
-0.00014621
4.13338e-05
0.00595987
-7.18202e-05
6.23654e-05
0.00593965
-6.80544e-05
5.4076e-05
0.00590931
-6.23835e-05
2.11748e-05
0.0058831
-5.74371e-05
-2.11929e-05
0.00587285
-5.54937e-05
-5.4092e-05
0.0058831
-5.74355e-05
-6.23775e-05
0.00590931
-6.23805e-05
-4.13399e-05
0.00593965
-6.80505e-05
0.00595987
-7.1816e-05
2.11178e-05
0.00594325
-3.48764e-05
3.20211e-05
0.0059331
-3.3746e-05
2.78655e-05
0.0059176
-3.20385e-05
1.09283e-05
0.00590397
-3.05536e-05
-1.09462e-05
0.00589858
-2.99718e-05
-2.78813e-05
0.00590397
-3.0552e-05
-3.2033e-05
0.0059176
-3.20355e-05
-2.11236e-05
0.0059331
-3.37421e-05
0.00594325
-3.48722e-05
1.0972e-05
0.00593446
-1.54508e-05
1.65148e-05
0.00592976
-1.58747e-05
1.4235e-05
0.00592214
-1.65314e-05
5.53945e-06
0.00591499
-1.71304e-05
-5.55704e-06
0.00591204
-1.73785e-05
-1.42506e-05
0.00591499
-1.71288e-05
-1.65265e-05
0.00592214
-1.65285e-05
-1.0978e-05
0.00592976
-1.58709e-05
0.00593446
-1.54468e-05
6.28011e-06
0.00592943
-2.9521e-06
8.89039e-06
0.00592858
-5.30406e-06
7.08919e-06
0.00592572
-8.90607e-06
2.58588e-06
0.00592168
-1.21528e-05
-2.60307e-06
0.00591961
-1.34907e-05
-7.10435e-06
0.00592168
-1.21512e-05
-8.90179e-06
0.00592572
-8.90322e-06
-6.28569e-06
0.00592858
-5.30027e-06
0.00592943
-2.94805e-06
5.4285e-06
0.00592588
1.01139e-05
6.03433e-06
0.0059301
3.70964e-06
3.05113e-06
0.00593167
-6.04905e-06
5.15062e-07
0.00592837
-1.49703e-05
-5.31761e-07
0.00592547
-1.87772e-05
-3.06584e-06
0.00592837
-1.49688e-05
-6.04538e-06
0.00593167
-6.04627e-06
-5.43411e-06
0.0059301
3.71322e-06
0.00592588
1.01177e-05
9.65185e-06
0.00592309
3.27979e-05
7.606e-06
0.00593852
1.66791e-05
-2.55536e-07
0.00594738
-7.61961e-06
-2.3867e-06
0.00594169
-3.04418e-05
2.37059e-06
0.00593424
-4.0898e-05
2.41364e-07
0.00594169
-3.04403e-05
-7.61661e-06
0.00594738
-7.61695e-06
-9.65705e-06
0.00593852
1.66826e-05
0.00592309
3.28017e-05
2.50784e-05
0.00592596
8.11032e-05
1.64713e-05
0.00596854
4.16685e-05
-5.94804e-06
0.00599221
-1.64838e-05
-9.83676e-06
0.0059779
-7.36514e-05
9.82136e-06
0.00595617
-0.000103485
5.9345e-06
0.0059779
-7.365e-05
-1.64814e-05
0.00599221
-1.64812e-05
-2.50836e-05
0.00596855
4.16718e-05
0.00592596
8.11067e-05
6.76665e-05
0.00596544
0.000184142
4.01346e-05
0.00606403
9.12643e-05
-2.02516e-05
0.00611297
-4.01458e-05
-3.15665e-05
0.00608004
-0.000179138
3.15519e-05
0.00602318
-0.000269323
2.02388e-05
0.00608004
-0.000179136
-4.01442e-05
0.00611297
-4.01434e-05
-6.76712e-05
0.00606403
9.12675e-05
0.00596544
0.000184145
0.000166258
0.00617303
0.00037966
8.90718e-05
0.00633146
0.000177489
-5.31789e-05
0.00639746
-8.90816e-05
-8.84286e-05
0.00634784
-0.000403654
8.84149e-05
0.00624356
-0.000686429
5.31669e-05
0.00634784
-0.000403652
-8.90807e-05
0.00639746
-8.90794e-05
-0.000166263
0.00633146
0.000177492
0.00617304
0.000379663
0.000324685
0.00691363
0.000643431
0.000155073
0.00691346
0.000279446
-0.0001028
0.0069132
-0.000155081
-0.000192712
0.00691297
-0.000744129
0.000192699
0.00691288
-0.0015517
0.000102789
0.00691297
-0.000744128
-0.000155081
0.0069132
-0.000155079
-0.000324689
0.00691346
0.000279448
0.00691363
0.000643434
0.000324515
0.00765436
0.000643684
0.000154813
0.00749552
0.000279702
-0.000103028
0.00742888
-0.00015482
-0.000192802
0.00747793
-0.000743864
0.00019279
0.007582
-0.00155144
0.000103018
0.00747793
-0.000743863
-0.00015482
0.00742888
-0.000154818
-0.000324519
0.00749552
0.000279704
0.00765437
0.000643687
0.00016567
0.00786244
0.000380532
8.81711e-05
0.00776316
0.000178374
-5.39702e-05
0.00771315
-8.81763e-05
-8.87399e-05
0.00774514
-0.000402731
8.87296e-05
0.00780164
-0.000685499
5.39612e-05
0.00774514
-0.00040273
-8.81777e-05
0.00771315
-8.81747e-05
-0.000165673
0.00776316
0.000178376
0.00786245
0.000380535
6.63817e-05
0.00790299
0.000186027
3.81684e-05
0.0078591
9.31844e-05
-2.19791e-05
0.00783345
-3.81719e-05
-3.22466e-05
0.007846
-0.000177116
3.22377e-05
0.00786704
-0.000267284
2.19713e-05
0.007846
-0.000177116
-3.8174e-05
0.00783345
-3.81704e-05
-6.63846e-05
0.00785911
9.31863e-05
0.007903
0.000186029
2.24918e-05
0.007908
8.48441e-05
1.2512e-05
0.00789005
4.55001e-05
-9.4263e-06
0.00787732
-1.25136e-05
-1.12072e-05
0.00787962
-6.95598e-05
1.11998e-05
0.00788573
-9.93459e-05
9.41985e-06
0.00787962
-6.95592e-05
-1.25166e-05
0.00787732
-1.25124e-05
-2.2494e-05
0.00789006
4.55017e-05
0.00790801
8.4846e-05
4.53967e-06
0.00790946
4.00521e-05
-2.18162e-07
0.00790029
2.41642e-05
-7.1267e-06
0.00789114
2.18485e-07
-5.09471e-06
0.00788781
-2.22943e-05
5.08885e-06
0.00788809
-3.26291e-05
7.12163e-06
0.00788781
-2.22938e-05
2.14556e-07
0.00789115
2.19471e-07
-4.54157e-06
0.00790029
2.41654e-05
0.00790947
4.00535e-05
-4.6344e-06
0.00791429
2.40416e-05
-9.36469e-06
0.00790539
1.82255e-05
-1.04619e-05
0.00789334
9.36706e-06
-4.80931e-06
0.00788433
1.23259e-06
4.80507e-06
0.00788128
-2.26555e-06
1.04583e-05
0.00788433
1.23299e-06
9.36215e-06
0.00789334
9.36779e-06
4.63327e-06
0.0079054
1.82266e-05
0.0079143
2.40428e-05
-1.35321e-05
0.00792584
2.35818e-05
-2.142e-05
0.00791128
2.2729e-05
-1.94677e-05
0.00788944
2.14245e-05
-7.86673e-06
0.00787093
2.01786e-05
7.86421e-06
0.00786384
1.96233e-05
1.94656e-05
0.00787094
2.01789e-05
2.14186e-05
0.00788944
2.1425e-05
1.35314e-05
0.00791128
2.27296e-05
0.00792584
2.35825e-05
-2.80927e-05
0.00794988
3.46333e-05
-4.3257e-05
0.0079219
3.80341e-05
-3.79741e-05
0.00787888
4.32636e-05
-1.49578e-05
0.00784203
4.77535e-05
1.49571e-05
0.00782781
4.9483e-05
3.79735e-05
0.00784203
4.77537e-05
4.32568e-05
0.00787888
4.3264e-05
2.80927e-05
0.00792191
3.80346e-05
0.00794989
3.46338e-05
-5.60719e-05
0.00799854
5.84921e-05
-8.62806e-05
0.00794313
6.93897e-05
-7.48256e-05
0.00785598
8.62893e-05
-2.91758e-05
0.00778288
0.000100728
2.9177e-05
0.00775518
0.000106282
7.48267e-05
0.00778288
0.000100728
8.62816e-05
0.00785598
8.62895e-05
5.60725e-05
0.00794313
6.93899e-05
0.00799855
5.84922e-05
-0.000111486
0.00809666
9.92289e-05
-0.000173429
0.00798709
0.000127943
-0.000147928
0.00780499
0.000173439
-5.68746e-05
0.00766034
0.000211421
5.68779e-05
0.00760774
0.000225765
0.000147931
0.00766034
0.000211421
0.000173431
0.00780499
0.000173439
0.000111487
0.0079871
0.000127944
0.00809666
9.92289e-05
-0.000221048
0.00829395
0.00015934
-0.000355532
0.0080838
0.000232864
-0.000292581
0.0076791
0.000355545
-0.000109468
0.00739604
0.000453066
0.000109474
0.00730133
0.000488648
0.000292586
0.00739604
0.000453066
0.000355536
0.00767911
0.000355545
0.000221049
0.00808381
0.000232863
0.00829396
0.00015934
-0.000431198
0.00868423
0.000226587
-0.000760232
0.00832666
0.000411741
-0.000575647
0.00730995
0.000760247
-0.000204177
0.00677987
0.00101036
0.000204185
0.00662943
0.00109635
0.000575654
0.00677988
0.00101036
0.000760237
0.00730995
0.000760246
0.0004312
0.00832666
0.00041174
0.00868423
0.000226586
-0.000788767
0.0094092
0.000235389
-0.00177694
0.00910268
0.000679141
-0.00110572
0.00596753
0.00177696
-0.000354622
0.00514494
0.00241574
0.000354633
0.00497712
0.00261561
0.00110573
0.00514494
0.00241574
0.00177695
0.00596754
0.00177696
0.000788768
0.00910268
0.000679138
0.0094092
0.000235387
-0.00109529
0.0104458
-2.93199e-05
-0.00491209
0.0124457
0.000838762
-0.00192831
0.00491211
-0.000522443
0.00647545
0.000522455
0.00691225
0.00192832
0.00647545
0.0049121
0.0049121
0.00109529
0.0124457
0.000838757
0.0104458
-2.93233e-05
0.000904622
0.0096981
-0.00105628
0.0134302
-0.00112157
-0.000904623
0.0134302
-0.00112158
0.00969809
-0.00105629
0.00463672
0.00561515
-0.00252194
0.0121122
0.00742749
-0.00463085
0.00630907
0.0116063
-0.0121122
0.00193674
0.0116115
-0.0152632
-0.00193674
0.0114634
-0.0161303
-0.00630907
0.0116115
-0.0152632
-0.0121122
0.0116063
-0.0121122
-0.00463672
0.00742748
-0.00463086
0.00561514
-0.00252194
0.00644906
-0.00338056
0.016291
-0.00634352
0.00631431
0.0315598
-0.016291
0.00178858
0.0272596
-0.0186763
-0.00178859
0.0263159
-0.0191822
-0.00631431
0.0272596
-0.0186763
-0.016291
0.0315598
-0.016291
-0.00644906
-0.00634352
-0.00338056
0.00201417
0.0275314
0.000844887
0.0261682
-0.000844896
0.0256505
-0.00201418
0.0261682
0.0275314
0.000650956
0.0262295
0.000327167
0.0257905
-0.000327176
0.0255802
-0.000650962
0.0257905
0.0262295
0.000211939
0.0258056
0.000116936
0.0256629
-0.000116941
0.0255862
-0.000211943
0.0256629
0.0258056
6.92654e-05
0.0256671
4.01912e-05
0.0256205
-4.01943e-05
0.0255938
-6.92689e-05
0.0256205
0.0256671
2.26775e-05
0.0256217
1.35294e-05
0.0256065
-1.35302e-05
0.0255974
-2.26789e-05
0.0256065
0.0256217
7.42914e-06
0.0256068
4.50183e-06
0.0256019
-4.50176e-06
0.0255988
-7.42974e-06
0.0256019
0.0256069
2.43448e-06
0.025602
1.48844e-06
0.0256003
-1.48731e-06
0.0255993
-2.43385e-06
0.0256003
0.025602
7.97128e-07
0.0256004
4.90229e-07
0.0255999
-4.89238e-07
0.0255995
-7.96506e-07
0.0255999
0.0256004
2.61151e-07
0.0255999
1.61327e-07
0.0255997
-1.60036e-07
0.0255996
-2.60095e-07
0.0255997
0.0255999
8.45262e-08
0.0255997
5.25995e-08
0.0255997
-5.21241e-08
0.0255996
-8.4237e-08
0.0255997
0.0255997
2.68383e-08
0.0255997
1.665e-08
0.0255996
-1.63794e-08
0.0255996
-2.61575e-08
0.0255996
0.0255997
6.17835e-09
3.82145e-09
-3.65532e-09
-5.26129e-09
0.00646479
0.00480972
-0.00702973
0.00457021
0.00378913
-0.0064648
0.00350408
0.00297732
-0.00527982
0.00118694
0.00236902
-0.00208554
-0.00118696
0.00216368
-0.00138421
-0.00350409
0.00236902
-0.00208554
-0.00457022
0.00297732
-0.00527982
-0.00646479
0.00378913
-0.0064648
0.00480972
-0.00702973
0.0054442
0.0105419
-0.00589891
0.0037584
0.00716071
-0.00544421
0.00289577
0.00552983
-0.00448013
0.000981609
0.00430884
-0.00173003
-0.000981625
0.00393213
-0.00115555
-0.00289578
0.00430884
-0.00173003
-0.00375841
0.00552983
-0.00448013
-0.00544421
0.00716071
-0.00544421
0.0105419
-0.00589891
0.00206299
0.008223
-0.0022981
0.00212752
0.00703162
-0.002063
0.00167477
0.00599906
-0.00163651
0.000604906
0.00521233
-0.00095459
-0.000604922
0.00494009
-0.000738713
-0.00167479
0.00521233
-0.000954589
-0.00212753
0.00599906
-0.00163651
-0.00206299
0.00703162
-0.002063
0.00822299
-0.0022981
0.000871615
0.00706068
-0.000974588
0.00109496
0.0065849
-0.000871625
0.000888048
0.00603821
-0.000701329
0.000332664
0.00560673
-0.00050134
-0.00033268
0.00544863
-0.000426981
-0.000888063
0.00560673
-0.000501339
-0.00109497
0.00603821
-0.000701327
-0.000871621
0.0065849
-0.000871623
0.00706068
-0.000974587
0.000395837
0.00648805
-0.000437934
0.000548268
0.00628001
-0.000395847
0.000456568
0.0060048
-0.000329419
0.000174568
0.00578012
-0.00026282
-0.000174584
0.0056953
-0.000236722
-0.000456582
0.00578012
-0.000262819
-0.000548279
0.0060048
-0.000329418
-0.000395843
0.00628001
-0.000395845
0.00648805
-0.000437932
0.000187803
0.00620586
-0.000204516
0.000273061
0.00610947
-0.000187812
0.000231887
0.00597261
-0.000162008
8.97483e-05
0.00585792
-0.000138025
-8.97648e-05
0.00581387
-0.000128519
-0.000231901
0.00585792
-0.000138024
-0.000273072
0.00597261
-0.000162006
-0.000187809
0.00610947
-0.00018781
0.00620586
-0.000204514
9.14099e-05
0.00606617
-9.79455e-05
0.000136201
0.00601986
-9.14194e-05
0.000117199
0.00595169
-8.14249e-05
4.57018e-05
0.00589352
-7.24483e-05
-4.57183e-05
0.00587093
-6.88914e-05
-0.000117214
0.00589352
-7.24473e-05
-0.000136213
0.00595169
-8.14231e-05
-9.14156e-05
0.00601986
-9.14173e-05
0.00606617
-9.79441e-05
4.50996e-05
0.00599681
-4.75753e-05
6.80363e-05
0.00597396
-4.51089e-05
5.90224e-05
0.00593965
-4.1343e-05
2.31182e-05
0.00590998
-3.80102e-05
-2.31347e-05
0.00589837
-3.66926e-05
-5.9037e-05
0.00590998
-3.80092e-05
-6.80475e-05
0.00593965
-4.13413e-05
-4.51054e-05
0.00597396
-4.51069e-05
0.00599681
-4.75739e-05
2.22482e-05
0.00596267
-2.3e-05
3.37286e-05
0.00595097
-2.22571e-05
2.93504e-05
0.0059331
-2.11266e-05
1.151e-05
0.00591739
-2.01364e-05
-1.15263e-05
0.00591117
-1.97474e-05
-2.93648e-05
0.00591739
-2.01354e-05
-3.37396e-05
0.0059331
-2.11248e-05
-2.22537e-05
0.00595098
-2.22549e-05
0.00596268
-2.29985e-05
1.05482e-05
0.00594695
-1.02885e-05
1.58581e-05
0.00594033
-1.05568e-05
1.3636e-05
0.00592976
-1.09805e-05
5.29139e-06
0.00591997
-1.1377e-05
-5.3074e-06
0.00591593
-1.15454e-05
-1.36502e-05
0.00591997
-1.13761e-05
-1.5869e-05
0.00592976
-1.09789e-05
-1.05539e-05
0.00594034
-1.05548e-05
0.00594696
-1.0287e-05
3.92815e-06
0.0059425
-2.43302e-06
5.28837e-06
0.00593759
-3.93628e-06
3.84249e-06
0.00592858
-6.28811e-06
1.24791e-06
0.00591887
-8.46617e-06
-1.26357e-06
0.00591433
-9.3902e-06
-3.85633e-06
0.00591887
-8.46523e-06
-5.29884e-06
0.00592858
-6.28636e-06
-3.93347e-06
0.00593759
-3.93414e-06
0.0059425
-2.43137e-06
-9.75796e-07
0.00594856
5.0144e-06
-3.72435e-06
0.00594307
9.68063e-07
-5.87015e-06
0.0059301
-5.4361e-06
-3.29186e-06
0.0059129
-1.1586e-05
3.27665e-06
0.00590334
-1.43711e-05
5.85673e-06
0.0059129
-1.15851e-05
3.7141e-06
0.0059301
-5.43453e-06
9.70399e-07
0.00594307
9.69991e-07
0.00594856
5.01591e-06
-6.46698e-06
0.00597139
1.64244e-05
-1.66927e-05
0.0059635
6.45986e-06
-2.30777e-05
0.00593852
-9.65885e-06
-1.2843e-05
0.00589848
-2.62694e-05
1.28283e-05
0.00587165
-3.48852e-05
2.30647e-05
0.00589848
-2.62685e-05
1.6683e-05
0.00593852
-9.6572e-06
6.46205e-06
0.00596351
6.46191e-06
0.0059714
1.6426e-05
-1.43563e-05
0.00602899
3.7852e-05
-4.1681e-05
0.00601814
1.43497e-05
-6.31157e-05
0.00596855
-2.50849e-05
-3.96704e-05
0.00587242
-7.10421e-05
3.96564e-05
0.00579034
-0.000101502
6.31033e-05
0.00587242
-7.10413e-05
4.16716e-05
0.00596855
-2.50835e-05
1.43513e-05
0.00601814
1.43515e-05
0.006029
3.78535e-05
-2.5211e-05
0.00616096
7.73835e-05
-9.12755e-05
0.00615025
2.5205e-05
-0.000159243
0.00606403
-6.76723e-05
-0.000121752
0.00585552
-0.000199743
0.000121739
0.00560607
-0.000328558
0.000159232
0.00585552
-0.000199742
9.12668e-05
0.00606403
-6.76708e-05
2.52066e-05
0.00615026
2.5207e-05
0.00616096
7.73852e-05
-3.5913e-05
0.0064368
0.000139721
-0.000177499
0.00643342
3.59077e-05
-0.000367751
0.00633146
-0.000166263
-0.000371204
0.00600736
-0.000552044
0.000371192
0.00537828
-0.00120104
0.00036774
0.00600736
-0.000552043
0.000177491
0.00633146
-0.000166262
3.59086e-05
0.00643342
3.59093e-05
0.00643681
0.000139722
-3.9301e-05
0.00691388
0.000205653
-0.000279454
0.00691371
3.92965e-05
-0.000691848
0.00691346
-0.000324689
-0.00100029
0.00691323
-0.00134157
0.00100028
0.00691315
-0.00508714
0.000691838
0.00691324
-0.00134157
0.000279447
0.00691346
-0.000324688
3.92973e-05
0.00691372
3.92982e-05
0.00691388
0.000205655
-3.94675e-05
0.00739121
0.000205818
-0.000279709
0.00739419
3.94637e-05
-0.000692072
0.00749552
-0.000324519
-0.00100038
0.00781907
-0.00134139
0.00100037
0.00844793
-0.00508697
0.000692063
0.00781907
-0.00134139
0.000279702
0.00749552
-0.000324517
3.94638e-05
0.00739419
3.94651e-05
0.00739121
0.000205819
-3.64882e-05
0.00766794
0.00014029
-0.000178379
0.00767797
3.64853e-05
-0.000368525
0.00776316
-0.000165673
-0.000371509
0.00797076
-0.000551441
0.000371499
0.00821985
-0.00120043
0.000368516
0.00797076
-0.000551441
0.000178373
0.00776316
-0.000165672
3.64853e-05
0.00767797
3.64868e-05
0.00766794
0.000140291
-2.64605e-05
0.00780181
7.86138e-05
-9.31879e-05
0.00781142
2.64584e-05
-0.000160924
0.00785911
-6.63837e-05
-0.000122414
0.00795356
-0.000198423
0.000122406
0.00803498
-0.000327226
0.000160916
0.00795356
-0.000198423
9.31827e-05
0.00785911
-6.63828e-05
2.64577e-05
0.00781142
2.64596e-05
0.00780182
7.8615e-05
-1.68523e-05
0.00786321
4.02939e-05
-4.55017e-05
0.00786872
1.68512e-05
-6.64725e-05
0.00789005
-2.24928e-05
-4.09932e-05
0.00792689
-6.83706e-05
4.09864e-05
0.00795245
-9.87996e-05
6.64666e-05
0.00792689
-6.83702e-05
4.54975e-05
0.00789006
-2.2492e-05
1.68502e-05
0.00786872
1.68524e-05
0.00786322
4.02952e-05
-1.13483e-05
0.00789345
2.11616e-05
-2.41639e-05
0.00789435
1.13482e-05
-2.96395e-05
0.00790029
-4.53975e-06
-1.54295e-05
0.00791133
-2.09483e-05
1.54242e-05
0.00791846
-2.94847e-05
2.96349e-05
0.00791134
-2.09479e-05
2.41605e-05
0.00790029
-4.53916e-06
1.13465e-05
0.00789435
1.1349e-05
0.00789346
2.11626e-05
-1.04505e-05
0.00791383
1.41131e-05
-1.82232e-05
0.0079099
1.04516e-05
-1.85964e-05
0.0079054
4.63545e-06
-8.30745e-06
0.00790328
-1.0004e-06
8.30361e-06
0.00790316
-3.58376e-06
1.85931e-05
0.00790328
-1.0001e-06
1.82209e-05
0.0079054
4.63604e-06
1.04495e-05
0.0079099
1.04524e-05
0.00791384
1.41141e-05
-1.43849e-05
0.00793689
1.49115e-05
-2.27245e-05
0.00792658
1.4387e-05
-2.07136e-05
0.00791128
1.35342e-05
-8.42201e-06
0.00789851
1.26611e-05
8.41978e-06
0.0078937
1.22475e-05
2.07117e-05
0.00789851
1.26613e-05
2.27232e-05
0.00791128
1.35345e-05
1.43843e-05
0.00792659
1.43875e-05
0.0079369
1.49121e-05
-2.46918e-05
0.00797374
2.24744e-05
-3.80275e-05
0.00795326
2.46951e-05
-3.34842e-05
0.00792191
2.80959e-05
-1.32283e-05
0.007895
3.10058e-05
1.32278e-05
0.00788461
3.21224e-05
3.34838e-05
0.00789501
3.10059e-05
3.80274e-05
0.00792191
2.80963e-05
2.4692e-05
0.00795326
2.46956e-05
0.00797375
2.24751e-05
-4.51743e-05
0.00803928
3.81324e-05
-6.93809e-05
0.00800168
4.51786e-05
-6.03869e-05
0.00794313
5.60762e-05
-2.36218e-05
0.00789357
6.54005e-05
2.36231e-05
0.00787466
6.89909e-05
6.03881e-05
0.00789357
6.54006e-05
6.93819e-05
0.00794313
5.60764e-05
4.51748e-05
0.00800169
4.51788e-05
0.00803929
3.81327e-05
-8.27715e-05
0.00815677
6.45154e-05
-0.000127933
0.00809201
8.27769e-05
-0.000109946
0.0079871
0.000111491
-4.25312e-05
0.00790198
0.000135601
4.25345e-05
0.00787063
0.000144738
0.000109949
0.00790198
0.000135601
0.000127935
0.0079871
0.000111492
8.27727e-05
0.00809202
8.27771e-05
0.00815677
6.45158e-05
-0.000147525
0.0083612
0.000102439
-0.000232851
0.00826268
0.000147531
-0.00019506
0.0080838
0.000221054
-7.38859e-05
0.00795333
0.000280549
7.38915e-05
0.00790903
0.000302471
0.000195065
0.00795333
0.000280549
0.000232854
0.00808381
0.000221054
0.000147526
0.00826268
0.000147531
0.0083612
0.000102439
-0.000246044
0.00869303
0.000140806
-0.000411726
0.00859406
0.000246051
-0.000325533
0.00832666
0.000431205
-0.000118184
0.00818525
0.000571102
0.000118192
0.00814868
0.000620341
0.00032554
0.00818525
0.000571102
0.000411731
0.00832666
0.000431204
0.000246046
0.00859406
0.00024605
0.00869303
0.000140805
-0.000345015
0.0091445
0.000128951
-0.000679124
0.0092623
0.000345022
-0.000466945
0.00910268
0.000788773
-0.000154754
0.00920466
0.00108415
0.000154763
0.00927377
0.00118101
0.000466953
0.00920466
0.00108415
0.000679129
0.00910268
0.000788771
0.000345016
0.0092623
0.00034502
0.00914449
0.000128949
-0.000227208
0.00941886
-7.64657e-05
-0.000838742
0.0104854
0.000227215
-0.000364972
0.0124457
0.00109529
-8.56437e-05
0.0138525
0.00154829
8.56526e-05
0.0143329
0.00168182
0.00036498
0.0138525
0.00154829
0.000838748
0.0124457
0.00109529
0.000227208
0.0104854
0.000227213
0.00941886
-7.64672e-05
0.000839332
0.00823245
-0.000709176
0.0011216
0.00992092
-0.000839325
0.00104179
0.0134302
-0.00090462
0.000394764
0.0155465
-0.00104697
-0.000394759
0.0162213
-0.0010989
-0.00104178
0.0155465
-0.00104697
-0.00112159
0.0134302
-0.00090462
-0.000839331
0.00992091
-0.000839326
0.00823244
-0.000709176
0.00252781
0.00475653
-0.00157381
0.00463087
0.00571483
-0.0025278
0.0031581
0.00742749
-0.00463671
0.0010696
0.00819845
-0.0058266
-0.0010696
0.00841153
-0.00618128
-0.0031581
0.00819844
-0.0058266
-0.00463087
0.00742748
-0.00463671
-0.0025278
0.00571482
-0.0025278
0.00475653
-0.0015738
0.00348611
-0.00211011
0.00634353
-0.0034861
0.00392906
-0.00644905
0.00128268
-0.00783144
-0.00128269
-0.00820527
-0.00392906
-0.00783144
-0.00634353
-0.00644905
-0.0034861
-0.00348609
-0.00211011
0.00702972
0.00594054
0.00575519
0.00480972
0.00669835
0.00377701
0.00188827
0.00272453
-0.00188829
0.00239234
-0.00669837
0.00272453
-0.0057552
0.00377701
-0.00702972
0.00480972
0.00594054
0.0058989
0.0141427
0.00472247
0.0105419
0.00564588
0.00837346
0.00155609
0.00508428
-0.0015561
0.00434897
-0.00564589
0.00508428
-0.00472248
0.00837346
-0.0058989
0.0105419
0.0141427
0.0022981
0.00954651
0.00255401
0.00822299
0.0023567
0.00693424
0.000820783
0.00566559
-0.000820798
0.00525182
-0.00235671
0.00566558
-0.00255402
0.00693424
-0.0022981
0.00822299
0.00954651
0.000974578
0.00759733
0.00126526
0.00706068
0.00108804
0.00641012
0.000407022
0.00584525
-0.000407038
0.00563889
-0.00108805
0.00584525
-0.00126527
0.00641012
-0.000974585
0.00706068
0.00759733
0.000437924
0.00672146
0.000614696
0.00648805
0.000523167
0.00617222
0.000200666
0.00590492
-0.000200682
0.00580351
-0.000523181
0.00590492
-0.000614707
0.00617222
-0.00043793
0.00648805
0.00672146
0.000204506
0.00631243
0.000298865
0.00620586
0.00025587
0.00605319
9.92544e-05
0.0059235
-9.927e-05
0.0058735
-0.000255884
0.0059235
-0.000298876
0.00605319
-0.000204513
0.00620586
0.00631243
9.7936e-05
0.00611654
0.000146196
0.00606617
0.000126176
0.00599178
4.92586e-05
0.00592795
-4.92742e-05
0.00590313
-0.000126189
0.00592795
-0.000146207
0.00599178
-9.79424e-05
0.00606617
0.00611654
4.7566e-05
0.00602139
7.18022e-05
0.00599681
6.23552e-05
0.00595987
2.44358e-05
0.00592785
-2.44513e-05
0.00591532
-6.2369e-05
0.00592786
-7.18131e-05
0.00595987
-4.75725e-05
0.00599681
0.00602139
2.29911e-05
0.00597539
3.48592e-05
0.00596268
3.03406e-05
0.00594325
1.18989e-05
0.00592615
-1.19143e-05
0.00591937
-3.03542e-05
0.00592615
-3.48698e-05
0.00594325
-2.29973e-05
0.00596268
0.00597539
1.02798e-05
0.00595481
1.54344e-05
0.00594695
1.32395e-05
0.00593446
5.12302e-06
0.00592288
-5.13811e-06
0.00591808
-1.3253e-05
0.00592288
-1.54449e-05
0.00593446
-1.02861e-05
0.00594696
0.00595481
2.42489e-06
0.00594994
2.93654e-06
0.0059425
1.66442e-06
0.00592943
3.23878e-07
0.00591575
-3.38595e-07
0.00590935
-1.67747e-06
0.00591575
-2.94663e-06
0.00592943
-2.4307e-06
0.0059425
0.00594994
-5.02213e-06
0.00595997
-1.01285e-05
0.00594856
-1.202e-05
0.00592588
-6.07694e-06
0.00589821
6.06262e-06
0.00588283
1.20073e-05
0.00589821
1.01186e-05
0.00592588
5.01631e-06
0.00594856
0.00595997
-1.64315e-05
0.00599282
-3.28114e-05
0.00597139
-3.96882e-05
0.00592309
-2.14588e-05
0.00585371
2.1445e-05
0.00580503
3.9676e-05
0.00585371
3.28021e-05
0.00592309
1.64262e-05
0.0059714
0.00599282
-3.78586e-05
0.00606853
-8.11156e-05
0.006029
-0.000109073
0.00592596
-7.01306e-05
0.00574372
7.01174e-05
0.00556328
0.000109061
0.00574372
8.11065e-05
0.00592596
3.78533e-05
0.006029
0.00606853
-7.73894e-05
0.00622329
-0.000184153
0.00616096
-0.000291314
0.00596544
-0.000250568
0.00550322
0.000250555
0.00473359
0.000291303
0.00550322
0.000184145
0.00596544
7.73848e-05
0.00616096
0.0062233
-0.000139726
0.00650274
-0.00037967
0.00643681
-0.000753531
0.00617304
-0.0010202
0.00521784
0.00102018
0.00149218
0.000753521
0.00521784
0.000379662
0.00617304
0.000139722
0.00643681
0.00650274
-0.000205657
0.00691404
-0.00064344
0.00691388
-0.00170873
0.00691363
-0.00474586
0.00691341
0.00474585
0.00691332
0.00170872
0.00691341
0.000643432
0.00691363
0.000205654
0.00691388
0.00691405
-0.000205822
0.00732568
-0.000643691
0.00739121
-0.00170895
0.00765436
-0.00474595
0.00860902
0.00474594
0.0123345
0.00170894
0.00860902
0.000643684
0.00765437
0.000205818
0.00739121
0.00732569
-0.000140292
0.00760626
-0.000380537
0.00766794
-0.000754293
0.00786245
-0.0010205
0.00832378
0.00102049
0.00909305
0.000754286
0.00832378
0.000380532
0.00786245
0.00014029
0.00766794
0.00760626
-7.86159e-05
0.00776349
-0.00018603
0.00780181
-0.000292963
0.007903
-0.000251217
0.00808361
0.00025121
0.0082634
0.000292956
0.00808361
0.000186025
0.007903
7.86131e-05
0.00780182
0.0077635
-4.0295e-05
0.00784408
-8.48458e-05
0.00786321
-0.00011235
0.00790801
-7.14222e-05
0.00797431
7.14159e-05
0.00802177
0.000112345
0.00797431
8.48418e-05
0.00790801
4.02931e-05
0.00786322
0.00784408
-2.11617e-05
0.0078864
-4.00518e-05
0.00789345
-4.60481e-05
0.00790947
-2.3966e-05
0.00793128
2.3961e-05
0.00794436
4.60437e-05
0.00793128
4.00486e-05
0.00790947
2.11601e-05
0.00789346
0.00788641
-1.41121e-05
0.00791463
-2.40393e-05
0.00791383
-2.42322e-05
0.00791429
-1.08908e-05
0.00791694
1.08873e-05
0.007919
2.42292e-05
0.00791694
2.40373e-05
0.0079143
1.41113e-05
0.00791384
0.00791463
-1.49094e-05
0.00794445
-2.35773e-05
0.00793689
-2.15867e-05
0.00792584
-8.83557e-06
0.00791685
8.83353e-06
0.00791358
2.1585e-05
0.00791686
2.35762e-05
0.00792584
1.49089e-05
0.0079369
0.00794446
-2.24711e-05
0.0079894
-3.46267e-05
0.00797374
-3.05744e-05
0.00794989
-1.21117e-05
0.0079294
1.21113e-05
0.00792148
3.05741e-05
0.0079294
3.46267e-05
0.00794989
2.24714e-05
0.00797375
0.0079894
-3.81281e-05
0.00806566
-5.84833e-05
0.00803928
-5.10627e-05
0.00799855
-2.00314e-05
0.00796377
2.00327e-05
0.00795041
5.10639e-05
0.00796377
5.84844e-05
0.00799855
3.81287e-05
0.00803929
0.00806567
-6.45101e-05
0.00819469
-9.92181e-05
0.00815677
-8.5837e-05
0.00809666
-3.33933e-05
0.00804693
3.33967e-05
0.00802836
8.584e-05
0.00804693
9.92205e-05
0.00809666
6.45114e-05
0.00815677
0.0081947
-0.000102433
0.00839957
-0.000159328
0.0083612
-0.000135565
0.00829396
-5.19639e-05
0.00824388
5.19694e-05
0.0082269
0.00013557
0.00824389
0.000159331
0.00829396
0.000102434
0.0083612
0.00839957
-0.000140799
0.00868117
-0.000226572
0.00869303
-0.000185636
0.00868423
-6.8945e-05
0.0086983
6.89523e-05
0.00870935
0.000185642
0.0086983
0.000226577
0.00868423
0.000140801
0.00869303
0.00868118
-0.000128944
0.00893908
-0.000235373
0.0091445
-0.000171564
0.00940921
-5.78942e-05
0.0096688
5.79027e-05
0.00977458
0.000171572
0.00966879
0.000235378
0.0094092
0.000128945
0.00914449
0.00893908
7.64728e-05
0.00878615
2.93377e-05
0.00941886
8.8025e-05
0.0104458
4.78885e-05
0.0112572
-4.78806e-05
0.0115522
-8.80178e-05
0.0112572
-2.93321e-05
0.0104458
-7.6472e-05
0.00941886
0.00878615
0.000709183
0.00736782
0.0010563
0.00823245
0.000899434
0.0096981
0.000342835
0.0107669
-0.00034283
0.011139
-0.000899429
0.0107669
-0.0010563
0.00969809
-0.000709181
0.00823244
0.00736781
0.00157381
0.00422022
0.00252196
0.00475653
0.00196822
0.00561515
0.000714919
0.00619361
-0.000714917
0.00638754
-0.00196822
0.0061936
-0.00252195
0.00561514
-0.00157381
0.00475653
0.00422022
0.00211012
0.00338057
0.00254668
0.000908855
-0.000908857
-0.00254668
-0.00338057
-0.00211011
)
;

boundaryField
{
    injectionXMinus
    {
        type            calculated;
        value           nonuniform List<scalar> 2(-0.02 -0.02);
    }
    injectionXPlus
    {
        type            calculated;
        value           nonuniform List<scalar> 2(-0.02 -0.02);
    }
    injectionYMinus
    {
        type            calculated;
        value           nonuniform List<scalar> 2(-0.02 -0.02);
    }
    injectionYPlus
    {
        type            calculated;
        value           nonuniform List<scalar> 2(-0.02 -0.02);
    }
    inletXMinus
    {
        type            calculated;
        value           nonuniform List<scalar> 
12
(
-0.01
-0.01
-0.01
-0.01
-0.01
-0.01
-0.01
-0.01
-0.01
-0.01
-0.01
-0.01
)
;
    }
    inletXPlus
    {
        type            calculated;
        value           nonuniform List<scalar> 
12
(
-0.01
-0.01
-0.01
-0.01
-0.01
-0.01
-0.01
-0.01
-0.01
-0.01
-0.01
-0.01
)
;
    }
    inletYMinus
    {
        type            calculated;
        value           nonuniform List<scalar> 
12
(
-0.01
-0.01
-0.01
-0.01
-0.01
-0.01
-0.01
-0.01
-0.01
-0.01
-0.01
-0.01
)
;
    }
    inletYPlus
    {
        type            calculated;
        value           nonuniform List<scalar> 
12
(
-0.01
-0.01
-0.01
-0.01
-0.01
-0.01
-0.01
-0.01
-0.01
-0.01
-0.01
-0.01
)
;
    }
    outlet
    {
        type            calculated;
        value           nonuniform List<scalar> 
25
(
0.0255997
0.0255996
0.0255996
0.0255996
0.0255997
0.0255996
0.0255996
0.0255996
0.0255996
0.0255996
0.0255996
0.0255996
0.0255996
0.0255996
0.0255996
0.0255996
0.0255996
0.0255996
0.0255996
0.0255996
0.0255997
0.0255996
0.0255996
0.0255996
0.0255997
)
;
    }
    valve
    {
        type            calculated;
        value           uniform 0;
    }
    walls
    {
        type            calculated;
        value           uniform 0;
    }
}


// ************************************************************************* //
