/*--------------------------------*- C++ -*----------------------------------*\
  =========                 |
  \\      /  F ield         | OpenFOAM: The Open Source CFD Toolbox
   \\    /   O peration     | Website:  https://openfoam.org
    \\  /    A nd           | Version:  6
     \\/     M anipulation  |
\*---------------------------------------------------------------------------*/
FoamFile
{
    version     2.0;
    format      ascii;
    class       volVectorField;
    location    "1";
    object      U;
}
// * * * * * * * * * * * * * * * * * * * * * * * * * * * * * * * * * * * * * //

dimensions      [0 1 -1 0 0 0 0];

internalField   nonuniform List<vector> 
3029
(
(8.51486 8.51486 2.97028)
(8.23239 6.39246 2.40486)
(7.6399 6.22677 1.88851)
(1.04277 4.29331 1.36227)
(0.692099 -1.15561e-05 1.19617)
(1.04276 -4.29333 1.36227)
(7.6399 -6.22679 1.88851)
(8.23239 -6.39247 2.40486)
(8.51486 -8.51486 2.97027)
(7.94945 7.94945 10.0416)
(7.7221 5.31069 7.67583)
(7.24006 5.18417 6.07524)
(0.865008 3.60098 3.90441)
(0.577769 -1.21397e-05 3.37066)
(0.865008 -3.601 3.90441)
(7.24006 -5.18419 6.07523)
(7.7221 -5.3107 7.67582)
(7.94945 -7.94945 10.0416)
(1.14905 1.14905 11.8446)
(1.03149 2.42606 9.38246)
(0.818249 2.45535 7.65385)
(0.477289 1.58874 5.37494)
(0.369351 -1.25688e-05 4.80041)
(0.477289 -1.58876 5.37494)
(0.818249 -2.45537 7.65385)
(1.03149 -2.42607 9.38246)
(1.14905 -1.14905 11.8446)
(0.487291 0.487294 8.57192)
(0.435808 1.11992 7.64184)
(0.350659 1.17665 6.67219)
(0.250663 0.747531 5.75543)
(0.213484 -1.29365e-05 5.44537)
(0.250663 -0.747555 5.75543)
(0.350659 -1.17667 6.67219)
(0.435807 -1.11994 7.64183)
(0.48729 -0.487296 8.57192)
(0.218967 0.218969 7.15938)
(0.197921 0.526325 6.77435)
(0.164705 0.568946 6.29117)
(0.131403 0.361923 5.8751)
(0.118353 -1.32005e-05 5.72122)
(0.131403 -0.361948 5.8751)
(0.164705 -0.568966 6.29117)
(0.197921 -0.526336 6.77435)
(0.218966 -0.218972 7.15938)
(0.102265 0.102267 6.51689)
(0.0939084 0.251719 6.34692)
(0.0809998 0.277403 6.11271)
(0.0690029 0.177583 5.91425)
(0.0642479 -1.33476e-05 5.83856)
(0.0690029 -0.177608 5.91425)
(0.0809999 -0.277423 6.11271)
(0.0939082 -0.25173 6.34692)
(0.102264 -0.10227 6.51689)
(0.0489967 0.0489987 6.21435)
(0.0457223 0.122142 6.13593)
(0.0407091 0.136271 6.02249)
(0.0362071 0.0877719 5.92582)
(0.0344234 -1.33887e-05 5.88844)
(0.0362071 -0.087797 5.92582)
(0.0407092 -0.136292 6.02249)
(0.0457222 -0.122153 6.13593)
(0.0489955 -0.0490014 6.21435)
(0.0238505 0.0238523 6.06863)
(0.0225903 0.0598618 6.03129)
(0.0206672 0.0672866 5.97584)
(0.0189655 0.0435341 5.92812)
(0.0182929 -1.33232e-05 5.90953)
(0.0189656 -0.0435591 5.92813)
(0.0206673 -0.0673068 5.97584)
(0.0225901 -0.059873 6.03129)
(0.0238494 -0.0238551 6.06863)
(0.0116541 0.0116558 5.9976)
(0.011216 0.0293454 5.97927)
(0.0105494 0.0331063 5.9516)
(0.00996412 0.0214672 5.92756)
(0.00973366 -1.31755e-05 5.91813)
(0.00996418 -0.021492 5.92756)
(0.0105495 -0.0331263 5.9516)
(0.011216 -0.0293567 5.97927)
(0.0116532 -0.0116587 5.99761)
(0.00551245 0.00551391 5.96325)
(0.00548023 0.0138587 5.95368)
(0.0054356 0.0155802 5.93898)
(0.00540267 0.010059 5.92595)
(0.00539276 -1.29297e-05 5.92076)
(0.00540272 -0.0100833 5.92595)
(0.00543567 -0.0155997 5.93898)
(0.00548016 -0.0138698 5.95368)
(0.0055115 -0.00551674 5.96325)
(0.00208107 0.00208233 5.94805)
(0.00241751 0.00506888 5.94202)
(0.00294637 0.00537636 5.93228)
(0.00343914 0.00324598 5.92303)
(0.00364984 -1.26179e-05 5.91908)
(0.00343921 -0.00326967 5.92304)
(0.00294649 -0.00539551 5.93228)
(0.00241755 -0.00507984 5.94203)
(0.00208032 -0.00208521 5.94805)
(-0.00051333 -0.000512284 5.9449)
(0.000482426 -0.00191032 5.93908)
(0.00206017 -0.00340896 5.92847)
(0.00357733 -0.00314081 5.91665)
(0.00426569 -1.22084e-05 5.91063)
(0.00357738 0.00311792 5.91665)
(0.00206024 0.00339053 5.92847)
(0.000482387 0.00189979 5.93909)
(-0.000514081 0.000509496 5.9449)
(-0.00373407 -0.00373324 5.95338)
(-0.00124951 -0.0113653 5.94462)
(0.00277099 -0.017054 5.92602)
(0.00691568 -0.0145921 5.90101)
(0.0090666 -1.17409e-05 5.8847)
(0.00691575 0.0145701 5.90101)
(0.00277112 0.0170362 5.92602)
(-0.00124943 0.0113549 5.94462)
(-0.00373459 0.00373042 5.95338)
(-0.00927757 -0.00927697 5.97939)
(-0.00340488 -0.0292708 5.96387)
(0.00645007 -0.047013 5.9256)
(0.0179362 -0.0444561 5.86231)
(0.0255501 -1.11744e-05 5.80488)
(0.0179363 0.0444351 5.86231)
(0.00645014 0.0469962 5.9256)
(-0.00340488 0.0292611 5.96387)
(-0.00927812 0.00927429 5.97939)
(-0.019257 -0.0192566 6.03645)
(-0.00621378 -0.0651578 6.01083)
(0.0170041 -0.118611 5.93596)
(0.0500204 -0.135307 5.77465)
(0.0822238 -1.05578e-05 5.53705)
(0.0500205 0.135287 5.77465)
(0.0170042 0.118595 5.93597)
(-0.00621365 0.0651484 6.01084)
(-0.0192573 0.0192539 6.03645)
(-0.0348942 -0.0348941 6.14474)
(-0.00894183 -0.129756 6.11259)
(0.0416001 -0.283197 5.99763)
(0.138045 -0.443368 5.64316)
(0.300292 -9.83921e-06 4.51929)
(0.138045 0.443349 5.64316)
(0.0416002 0.283182 5.99763)
(-0.0089418 0.129747 6.11259)
(-0.0348946 0.0348916 6.14475)
(-0.0514124 -0.0514125 6.31735)
(-0.009824 -0.212271 6.30076)
(0.0811717 -0.58804 6.23465)
(0.33539 -1.61365 5.9957)
(6.27178 -9.07327e-06 5.06422)
(0.33539 1.61363 5.9957)
(0.0811718 0.588026 6.23465)
(-0.00982383 0.212263 6.30076)
(-0.0514124 0.05141 6.31735)
(-0.0514871 -0.0514875 6.52314)
(-0.00989957 -0.21246 6.5394)
(0.0810947 -0.588254 6.605)
(0.335312 -1.61379 6.8435)
(6.2717 -8.20297e-06 7.7748)
(0.335312 1.61377 6.8435)
(0.0810947 0.588242 6.60501)
(-0.00989951 0.212453 6.53941)
(-0.0514872 0.0514853 6.52315)
(-0.0351526 -0.0351532 6.69642)
(-0.00920367 -0.130411 6.72809)
(0.0413328 -0.28394 6.8423)
(0.137772 -0.443852 7.19612)
(0.300018 -7.29238e-06 8.31974)
(0.137772 0.443838 7.19613)
(0.0413329 0.283929 6.84231)
(-0.00920346 0.130404 6.72809)
(-0.0351524 0.035151 6.69642)
(-0.0198163 -0.0198172 6.80635)
(-0.0067826 -0.0665752 6.83112)
(0.0164202 -0.12022 6.90468)
(0.0494233 -0.136355 7.06484)
(0.0816215 -6.28005e-06 7.30199)
(0.0494233 0.136343 7.06484)
(0.0164203 0.12021 6.90468)
(-0.0067825 0.0665695 6.83112)
(-0.0198162 0.0198153 6.80636)
(-0.0103903 -0.0103914 6.86677)
(-0.00454239 -0.0320894 6.88069)
(0.00527399 -0.0502137 6.9165)
(0.0167262 -0.0465415 6.97763)
(0.0243267 -5.23676e-06 7.03421)
(0.0167263 0.0465317 6.97764)
(0.00527415 0.0502058 6.91651)
(-0.00454214 0.0320843 6.88069)
(-0.0103899 0.0103896 6.86677)
(-0.00589644 -0.00589785 6.89934)
(-0.00347568 -0.0168407 6.90506)
(0.000446226 -0.0232722 6.91899)
(0.00450447 -0.0186444 6.9399)
(0.00662135 -4.10288e-06 6.95459)
(0.00450452 0.0186368 6.9399)
(0.000446316 0.0232662 6.91899)
(-0.00347552 0.0168367 6.90506)
(-0.00589606 0.00589641 6.89935)
(-0.00467519 -0.0046769 6.92049)
(-0.00384298 -0.0124449 6.92051)
(-0.00251649 -0.01537 6.92228)
(-0.00121911 -0.0109344 6.92633)
(-0.000617091 -2.95844e-06 6.92931)
(-0.00121903 0.0109289 6.92634)
(-0.00251632 0.0153656 6.92229)
(-0.00384267 0.0124417 6.92052)
(-0.00467454 0.00467557 6.9205)
(-0.00587044 -0.00587244 6.94159)
(-0.00595141 -0.015049 6.93671)
(-0.00606344 -0.0174519 6.9298)
(-0.00612871 -0.011619 6.92449)
(-0.00613638 -1.74241e-06 6.92272)
(-0.00612866 0.0116158 6.92449)
(-0.00606334 0.0174496 6.9298)
(-0.00595121 0.0150471 6.93672)
(-0.00586981 0.00587147 6.94159)
(-0.00955086 -0.00955313 6.97244)
(-0.0106461 -0.0242319 6.96175)
(-0.012326 -0.0275926 6.94553)
(-0.0137724 -0.0180146 6.93165)
(-0.0143316 -5.3164e-07 6.92631)
(-0.0137724 0.0180137 6.93165)
(-0.0123259 0.027592 6.94553)
(-0.0106457 0.0242308 6.96175)
(-0.00954996 0.0095523 6.97244)
(-0.0165609 -0.0165634 7.02467)
(-0.0196923 -0.041955 7.00605)
(-0.0245359 -0.0475457 6.9774)
(-0.0286829 -0.0308403 6.95284)
(-0.0302808 7.41715e-07 6.94336)
(-0.0286828 0.0308418 6.95284)
(-0.0245358 0.0475471 6.9774)
(-0.0196921 0.0419552 7.00605)
(-0.01656 0.016563 7.02468)
(-0.0281715 -0.0281743 7.11415)
(-0.0361797 -0.0715012 7.08591)
(-0.048772 -0.0808049 7.04163)
(-0.0593462 -0.0520564 7.00451)
(-0.0633545 2.00646e-06 6.99047)
(-0.0593461 0.0520602 7.00451)
(-0.0487718 0.0808081 7.04164)
(-0.0361793 0.0715021 7.08592)
(-0.0281704 0.0281739 7.11415)
(-0.0447916 -0.0447945 7.26009)
(-0.0645264 -0.114467 7.22667)
(-0.0967042 -0.12895 7.17088)
(-0.122744 -0.0819995 7.12716)
(-0.132339 3.32123e-06 7.11158)
(-0.122744 0.0820059 7.12716)
(-0.0967041 0.128956 7.17089)
(-0.064526 0.114469 7.22667)
(-0.0447904 0.0447944 7.26009)
(-0.0615894 -0.0615925 7.47286)
(-0.107636 -0.160704 7.46125)
(-0.188646 -0.180314 7.42795)
(-0.249855 -0.11136 7.41217)
(-0.271398 4.58309e-06 7.40957)
(-0.249854 0.111369 7.41217)
(-0.188645 0.180321 7.42795)
(-0.107636 0.160706 7.46125)
(-0.0615878 0.0615922 7.47287)
(-0.0564082 -0.0564113 7.70887)
(-0.15094 -0.159382 7.80392)
(-0.345082 -0.178024 7.91587)
(-0.474313 -0.10038 8.03559)
(-0.516689 5.74032e-06 8.0867)
(-0.474312 0.10039 8.03559)
(-0.345082 0.178032 7.91587)
(-0.150939 0.159385 7.80393)
(-0.0564063 0.056411 7.70888)
(0.0334588 0.0334555 7.75479)
(-0.0994009 0.0462922 8.12147)
(-0.479187 0.0513502 8.68657)
(-0.677373 0.059467 9.15513)
(-0.735794 6.69878e-06 9.33045)
(-0.677373 -0.0594546 9.15513)
(-0.479186 -0.0513407 8.68657)
(-0.0993997 -0.0462892 8.12147)
(0.0334612 -0.0334563 7.7548)
(0.310268 0.310265 7.06736)
(0.367209 0.772397 7.72245)
(0.395773 0.855636 8.81297)
(0.458052 0.543497 9.63555)
(0.48077 7.2216e-06 9.92738)
(0.458052 -0.543483 9.63555)
(0.395774 -0.855626 8.81297)
(0.367211 -0.772394 7.72245)
(0.310271 -0.310266 7.06736)
(0.688544 0.68854 5.06976)
(1.10592 1.7919 5.68268)
(2.02857 1.96445 6.69955)
(2.54914 1.17388 7.42022)
(2.70432 7.16917e-06 7.66785)
(2.54914 -1.17386 7.42022)
(2.02857 -1.96444 6.69955)
(1.10592 -1.79189 5.68268)
(0.688546 -0.688541 5.06977)
(0.92318 0.923177 1.84634)
(1.52517 2.40218 2.08098)
(2.82147 2.59318 2.45663)
(3.42626 1.5118 2.7097)
(3.58981 6.70916e-06 2.79455)
(3.42626 -1.51179 2.7097)
(2.82147 -2.59317 2.45663)
(1.52517 -2.40217 2.08098)
(0.923182 -0.923176 1.84635)
(6.39245 8.2324 2.40486)
(5.51749 5.5175 1.89457)
(4.3242 4.03714 1.48866)
(2.05957 2.34551 1.18451)
(1.48929 -1.17208e-05 1.08184)
(2.05957 -2.34553 1.18451)
(4.3242 -4.03716 1.48866)
(5.51749 -5.51751 1.89457)
(6.39245 -8.2324 2.40486)
(5.31068 7.7221 7.67583)
(4.60129 4.6013 5.47493)
(3.63517 3.32708 4.25358)
(1.71717 1.93869 3.33893)
(1.25291 -1.22051e-05 3.04791)
(1.71717 -1.93871 3.33893)
(3.63517 -3.3271 4.25358)
(4.60129 -4.60131 5.47492)
(5.31068 -7.7221 7.67582)
(2.42605 1.0315 9.38246)
(2.09525 2.09526 7.09617)
(1.62824 1.90115 5.76445)
(1.03775 1.13984 4.76059)
(0.83962 -1.25979e-05 4.43612)
(1.03775 -1.13986 4.76059)
(1.62824 -1.90117 5.76445)
(2.09525 -2.09527 7.09617)
(2.42605 -1.0315 9.38246)
(1.11992 0.43581 7.64184)
(0.983285 0.983292 6.80826)
(0.785183 0.991507 6.01864)
(0.581806 0.610356 5.40954)
(0.505354 -1.29431e-05 5.19437)
(0.581807 -0.61038 5.40954)
(0.785184 -0.991527 6.01864)
(0.983287 -0.983304 6.80826)
(1.11992 -0.435814 7.64183)
(0.526319 0.197923 6.77435)
(0.472056 0.472063 6.43245)
(0.391946 0.502427 6.02151)
(0.317092 0.315572 5.69344)
(0.287932 -1.31821e-05 5.57199)
(0.317093 -0.315597 5.69344)
(0.391948 -0.502448 6.02151)
(0.472058 -0.472075 6.43245)
(0.526319 -0.197927 6.77435)
(0.251713 0.0939105 6.34692)
(0.230447 0.230454 6.19472)
(0.198671 0.252497 5.98871)
(0.17016 0.160831 5.81905)
(0.15895 -1.33193e-05 5.75463)
(0.170161 -0.160856 5.81905)
(0.198672 -0.252518 5.98871)
(0.230449 -0.230466 6.19472)
(0.251713 -0.0939143 6.34692)
(0.122136 0.0457243 6.13593)
(0.113848 0.113854 6.06461)
(0.101365 0.126756 5.96216)
(0.0903457 0.0814861 5.87578)
(0.0860063 -1.3343e-05 5.84249)
(0.0903465 -0.0815112 5.87578)
(0.101366 -0.126777 5.96216)
(0.11385 -0.113867 6.06461)
(0.122137 -0.0457281 6.13593)
(0.0598565 0.0225921 6.03129)
(0.0566731 0.0566785 5.99678)
(0.0518534 0.0636618 5.94568)
(0.0476249 0.0411598 5.90188)
(0.0459598 -1.32794e-05 5.88484)
(0.0476257 -0.0411847 5.90188)
(0.0518548 -0.0636822 5.94568)
(0.0566746 -0.0566909 5.99678)
(0.059857 -0.0225959 6.03129)
(0.0293406 0.0112177 5.97927)
(0.0282358 0.0282406 5.96216)
(0.0265602 0.0318543 5.93637)
(0.0250952 0.0206515 5.914)
(0.0245196 -1.31163e-05 5.90523)
(0.025096 -0.0206762 5.914)
(0.0265616 -0.0318744 5.93637)
(0.0282375 -0.028253 5.96216)
(0.0293414 -0.0112215 5.97927)
(0.0138546 0.0054817 5.95368)
(0.0137776 0.0137819 5.94488)
(0.0136683 0.0155026 5.93137)
(0.013585 0.0100162 5.91943)
(0.0135587 -1.28794e-05 5.91467)
(0.0135858 -0.0100404 5.91943)
(0.0136697 -0.0155223 5.93138)
(0.0137792 -0.013794 5.94488)
(0.0138552 -0.00548539 5.95368)
(0.00506529 0.00241877 5.94202)
(0.00593051 0.00593418 5.93703)
(0.00726998 0.00639798 5.92891)
(0.00849586 0.00394945 5.92121)
(0.00901043 -1.25525e-05 5.91795)
(0.0084966 -0.00397302 5.92121)
(0.00727136 -0.00641717 5.92891)
(0.00593221 -0.00594601 5.93703)
(0.00506621 -0.00242244 5.94203)
(-0.00191328 0.000483472 5.93908)
(0.000660149 0.000663181 5.93542)
(0.00464228 -0.000314059 5.92829)
(0.00835903 -0.000935302 5.92013)
(0.00998734 -1.21568e-05 5.91604)
(0.00835974 0.000912478 5.92013)
(0.00464358 0.000295541 5.92829)
(0.000661676 -0.000674532 5.93542)
(-0.0019125 -0.000486972 5.93909)
(-0.0113676 -0.00124868 5.94462)
(-0.00486257 -0.00486019 5.94073)
(0.00521883 -0.00888885 5.93041)
(0.0150571 -0.0082965 5.91537)
(0.0198178 -1.16728e-05 5.90599)
(0.0150578 0.00827459 5.91537)
(0.00522013 0.00887106 5.93041)
(-0.00486094 0.0048492 5.94073)
(-0.0113665 0.00124525 5.94462)
(-0.0292725 -0.00340428 5.96387)
(-0.0135449 -0.0135432 5.9589)
(0.0108427 -0.0256719 5.93983)
(0.0366163 -0.025356 5.90542)
(0.0516871 -1.11238e-05 5.87804)
(0.0366169 0.0253351 5.90542)
(0.0108439 0.025655 5.93983)
(-0.0135435 0.0135328 5.95891)
(-0.0292716 0.00340106 5.96387)
(-0.0651588 -0.00621341 6.01083)
(-0.0288978 -0.0288968 6.0053)
(0.0271704 -0.0623764 5.97111)
(0.094933 -0.0700869 5.89476)
(0.149683 -1.04905e-05 5.8118)
(0.0949336 0.0700672 5.89476)
(0.0271716 0.0623605 5.97112)
(-0.0288963 0.0288869 6.0053)
(-0.0651577 0.00621029 6.01084)
(-0.129756 -0.00894169 6.11259)
(-0.053262 -0.0532617 6.10898)
(0.0639216 -0.136211 6.0618)
(0.239008 -0.184675 5.92853)
(0.47195 -9.79177e-06 5.70885)
(0.239009 0.184657 5.92853)
(0.0639227 0.136196 6.0618)
(-0.0532607 0.0532526 6.10898)
(-0.129755 0.00893886 6.11259)
(-0.21227 -0.0098241 6.30076)
(-0.0796864 -0.0796868 6.2998)
(0.11994 -0.242825 6.27414)
(0.52142 -0.423036 6.19297)
(1.65971 -9.00661e-06 6.03564)
(0.521421 0.42302 6.19297)
(0.119941 0.242812 6.27414)
(-0.0796851 0.0796783 6.2998)
(-0.212269 0.00982139 6.30076)
(-0.212459 -0.00989992 6.5394)
(-0.0798774 -0.0798785 6.54002)
(0.119745 -0.243043 6.56516)
(0.521222 -0.423178 6.64588)
(1.65951 -8.15669e-06 6.80303)
(0.521223 0.423163 6.64588)
(0.119746 0.243031 6.56517)
(-0.0798763 0.079871 6.54003)
(-0.212458 0.00989754 6.53941)
(-0.130409 -0.00920428 6.72809)
(-0.0539237 -0.0539256 6.73121)
(0.0632458 -0.136964 6.77763)
(0.23832 -0.185166 6.91023)
(0.471257 -7.22551e-06 7.12965)
(0.238321 0.185153 6.91024)
(0.0632466 0.136954 6.77763)
(-0.0539225 0.0539188 6.73121)
(-0.130408 0.00920206 6.72809)
(-0.0665726 -0.00678346 6.83112)
(-0.030336 -0.0303387 6.83578)
(0.0256941 -0.0640138 6.86862)
(0.0934231 -0.0711534 6.9438)
(0.148159 -6.23286e-06 7.02629)
(0.0934235 0.0711417 6.9438)
(0.0256948 0.0640045 6.86862)
(-0.0303351 0.030333 6.83578)
(-0.0665716 0.00678163 6.83112)
(-0.032086 -0.00454352 6.88069)
(-0.0164217 -0.0164251 6.88399)
(0.00786816 -0.0289451 6.90053)
(0.0335557 -0.0274888 6.93272)
(0.0485925 -5.16541e-06 6.95921)
(0.033556 0.0274791 6.93272)
(0.00786883 0.0289374 6.90053)
(-0.0164207 0.0164203 6.884)
(-0.0320847 0.00454189 6.88069)
(-0.0168365 -0.00347709 6.90506)
(-0.0104937 -0.010498 6.90576)
(-0.000661945 -0.0152921 6.9112)
(0.00895745 -0.0124693 6.92196)
(0.0136317 -4.04933e-06 6.92965)
(0.00895772 0.0124618 6.92196)
(-0.00066144 0.0152862 6.9112)
(-0.010493 0.0104943 6.90576)
(-0.0168354 0.00347587 6.90506)
(-0.0124398 -0.00384468 6.92052)
(-0.010281 -0.0102861 6.91804)
(-0.00693508 -0.0127461 6.91577)
(-0.00377482 -0.00903498 6.9157)
(-0.0023653 -2.88077e-06 6.91655)
(-0.00377459 0.00902966 6.9157)
(-0.00693461 0.0127419 6.91578)
(-0.0102802 0.0102834 6.91804)
(-0.0124386 0.00384369 6.92052)
(-0.0150431 -0.00595341 6.93671)
(-0.015236 -0.015242 6.92991)
(-0.0155201 -0.0176292 6.91999)
(-0.0157082 -0.011692 6.91193)
(-0.0157471 -1.68324e-06 6.909)
(-0.015708 0.0116889 6.91194)
(-0.0155198 0.017627 6.91999)
(-0.0152355 0.0152406 6.92991)
(-0.0150421 0.00595287 6.93672)
(-0.0242251 -0.0106483 6.96175)
(-0.0270002 -0.027007 6.948)
(-0.0312628 -0.030719 6.92706)
(-0.0349361 -0.0200202 6.9091)
(-0.0363577 -4.50383e-07 6.90216)
(-0.034936 0.0200195 6.9091)
(-0.0312625 0.0307186 6.92706)
(-0.0269997 0.0270066 6.94801)
(-0.0242239 0.010648 6.96175)
(-0.0419475 -0.0196949 7.00605)
(-0.0499223 -0.0499299 6.98051)
(-0.0622758 -0.0565363 6.94095)
(-0.072843 -0.0365853 6.90726)
(-0.0769119 8.03618e-07 6.89434)
(-0.0728429 0.0365869 6.90726)
(-0.0622758 0.0565379 6.94096)
(-0.0499221 0.0499309 6.98052)
(-0.0419466 0.019695 7.00606)
(-0.0714931 -0.0361824 7.08591)
(-0.0920934 -0.0921017 7.04108)
(-0.124636 -0.103971 6.96947)
(-0.151868 -0.0666389 6.91045)
(-0.162167 2.09165e-06 6.88842)
(-0.151868 0.0666429 6.91045)
(-0.124636 0.103975 6.96947)
(-0.0920932 0.0921036 7.04109)
(-0.0714919 0.0361828 7.08592)
(-0.114458 -0.0645293 7.22667)
(-0.16637 -0.166379 7.15521)
(-0.252239 -0.187168 7.03101)
(-0.32096 -0.117634 6.93665)
(-0.346129 3.41186e-06 6.90354)
(-0.32096 0.117641 6.93665)
(-0.252239 0.187173 7.03101)
(-0.16637 0.166382 7.15522)
(-0.114457 0.06453 7.22667)
(-0.160695 -0.107639 7.46125)
(-0.287751 -0.28776 7.37483)
(-0.521238 -0.322532 7.17957)
(-0.691879 -0.194113 7.0606)
(-0.751047 4.74301e-06 7.02522)
(-0.691878 0.194122 7.06061)
(-0.521238 0.322539 7.17957)
(-0.28775 0.287764 7.37484)
(-0.160693 0.10764 7.46125)
(-0.159372 -0.150943 7.80392)
(-0.448046 -0.448056 7.81216)
(-1.12249 -0.501397 7.62533)
(-1.53118 -0.271987 7.60807)
(-1.661 5.98185e-06 7.6223)
(-1.53118 0.271998 7.60807)
(-1.12249 0.501406 7.62533)
(-0.448045 0.44806 7.81216)
(-0.15937 0.150944 7.80393)
(0.0463016 -0.0994042 8.12147)
(-0.466343 -0.466353 8.63962)
(-2.62822 -0.526622 9.42743)
(-3.51037 -0.19714 10.0875)
(-3.75989 6.9803e-06 10.3279)
(-3.51037 0.197153 10.0875)
(-2.62822 0.526633 9.42743)
(-0.466341 0.466358 8.63962)
(0.0463046 0.0994046 8.12147)
(0.772407 0.367206 7.72245)
(0.857913 0.857901 8.92776)
(0.395773 0.946478 11.3207)
(0.458052 0.628495 12.8621)
(0.48077 7.37202e-06 13.3675)
(0.458052 -0.62848 12.8621)
(0.395774 -0.946467 11.3207)
(0.857915 -0.857897 8.92776)
(0.772409 -0.367206 7.72245)
(1.79191 1.10591 5.68268)
(3.13193 3.13192 6.84064)
(7.32767 3.40768 9.12524)
(9.22679 1.84963 10.3884)
(9.76134 6.82929e-06 10.7769)
(9.22679 -1.84961 10.3884)
(7.32767 -3.40767 9.12524)
(3.13193 -3.13191 6.84064)
(1.79191 -1.10591 5.68268)
(2.40219 1.52517 2.08098)
(4.30048 4.30047 2.50024)
(9.94881 4.49427 3.24953)
(11.5971 2.28015 3.58683)
(11.982 5.48423e-06 3.68005)
(11.5971 -2.28013 3.58682)
(9.9488 -4.49425 3.24953)
(4.30047 -4.30046 2.50024)
(2.40219 -1.52517 2.08098)
(6.22676 7.63991 1.88851)
(4.03713 4.3242 1.48866)
(2.76884 2.76885 1.19948)
(1.72445 1.4584 1.01986)
(1.38229 -1.12804e-05 0.959798)
(1.72445 -1.45843 1.01986)
(2.76884 -2.76887 1.19948)
(4.03713 -4.32421 1.48866)
(6.22676 -7.63991 1.8885)
(5.18416 7.24006 6.07524)
(3.32707 3.63517 4.25358)
(2.30004 2.30005 3.37928)
(1.4526 1.21873 2.88258)
(1.17647 -1.16731e-05 2.72099)
(1.4526 -1.21875 2.88258)
(2.30004 -2.30007 3.37928)
(3.32708 -3.63518 4.25358)
(5.18417 -7.24007 6.07523)
(2.45534 0.818252 7.65385)
(1.90114 1.62825 5.76445)
(1.39784 1.39785 4.80387)
(0.982363 0.800118 4.23958)
(0.834607 -1.20005e-05 4.05285)
(0.982364 -0.800141 4.23958)
(1.39784 -1.39787 4.80387)
(1.90114 -1.62826 5.76445)
(2.45535 -0.818255 7.65385)
(1.17664 0.350661 6.67219)
(0.991497 0.78519 6.01864)
(0.775162 0.775172 5.43589)
(0.594795 0.467702 5.03477)
(0.527477 -1.22924e-05 4.89368)
(0.594797 -0.467725 5.03477)
(0.775165 -0.775191 5.43589)
(0.991501 -0.785202 6.01864)
(1.17665 -0.350665 6.67219)
(0.568936 0.164707 6.29117)
(0.502418 0.391953 6.02151)
(0.413972 0.413982 5.70466)
(0.339306 0.257909 5.46346)
(0.310748 -1.24963e-05 5.37482)
(0.339308 -0.257932 5.46346)
(0.413975 -0.414001 5.70466)
(0.502422 -0.391965 6.02151)
(0.568941 -0.164711 6.29117)
(0.277394 0.0810018 6.11271)
(0.252488 0.198677 5.98871)
(0.217106 0.217115 5.82213)
(0.186898 0.137862 5.6875)
(0.175196 -1.26105e-05 5.63663)
(0.186899 -0.137886 5.6875)
(0.217109 -0.217135 5.82213)
(0.252492 -0.198689 5.98871)
(0.277398 -0.0810057 6.11271)
(0.136263 0.040711 6.02249)
(0.126748 0.10137 5.96216)
(0.11276 0.112769 5.87567)
(0.100712 0.0724135 5.80328)
(0.0960119 -1.26264e-05 5.77545)
(0.100713 -0.0724373 5.80328)
(0.112763 -0.112788 5.87567)
(0.126752 -0.101383 5.96216)
(0.136268 -0.0407149 6.02249)
(0.0672791 0.0206689 5.97584)
(0.0636541 0.0518587 5.94568)
(0.0582307 0.0582385 5.90103)
(0.05353 0.0376404 5.86287)
(0.0516895 -1.25596e-05 5.84805)
(0.0535318 -0.0376641 5.86287)
(0.058234 -0.0582578 5.90103)
(0.0636585 -0.0518709 5.94568)
(0.0672836 -0.0206728 5.97584)
(0.0330995 0.0105509 5.9516)
(0.0318474 0.0265649 5.93637)
(0.0299587 0.0299657 5.91342)
(0.0283173 0.0194267 5.89352)
(0.0276745 -1.24061e-05 5.88573)
(0.0283191 -0.01945 5.89352)
(0.029962 -0.0299848 5.91342)
(0.0318518 -0.0265769 5.93637)
(0.0331041 -0.0105548 5.9516)
(0.0155743 0.00543697 5.93898)
(0.0154965 0.0136725 5.93137)
(0.0153815 0.0153876 5.91969)
(0.0152896 0.00994942 5.90935)
(0.0152589 -1.21797e-05 5.90525)
(0.0152914 -0.00997232 5.90935)
(0.0153847 -0.0154063 5.91969)
(0.0155008 -0.0136842 5.93138)
(0.0155787 -0.00544072 5.93898)
(0.00537137 0.00294754 5.93228)
(0.00639284 0.00727356 5.92891)
(0.00793653 0.0079417 5.92325)
(0.00931161 0.00498643 5.91781)
(0.00987445 -1.18744e-05 5.91551)
(0.0093133 -0.00500874 5.91781)
(0.0079397 -0.0079599 5.92326)
(0.00639704 -0.00728499 5.92891)
(0.00537581 -0.00295121 5.93228)
(-0.00341302 0.00206114 5.92847)
(-0.000318246 0.00464524 5.92829)
(0.00428571 0.00428992 5.92641)
(0.00839451 0.00220425 5.92321)
(0.0101118 -1.14985e-05 5.92143)
(0.00839615 -0.00222585 5.92322)
(0.00428877 -0.00430753 5.92642)
(-0.000314234 -0.00465628 5.92829)
(-0.00340885 -0.00206468 5.92847)
(-0.0170571 0.00277176 5.92602)
(-0.00889206 0.00522115 5.93041)
(0.00286246 0.00286568 5.93222)
(0.0134155 6.83143e-06 5.92927)
(0.0180508 -1.10467e-05 5.9264)
(0.013417 -2.75681e-05 5.92927)
(0.00286536 -0.00288255 5.93222)
(-0.00888818 -0.00523173 5.93041)
(-0.017053 -0.00277516 5.92602)
(-0.0470151 0.00645062 5.9256)
(-0.0256741 0.0108444 5.93983)
(0.00314596 0.00314818 5.94755)
(0.0292418 -0.00361167 5.94219)
(0.0418395 -1.05272e-05 5.93475)
(0.0292433 0.00359192 5.94219)
(0.00314872 -0.00316423 5.94755)
(-0.0256705 -0.0108544 5.93984)
(-0.0470113 -0.00645384 5.9256)
(-0.118612 0.0170044 5.93597)
(-0.0623776 0.0271714 5.97112)
(0.00521911 0.00522031 5.98904)
(0.0671003 -0.0127945 5.97704)
(0.102368 -9.93432e-06 5.95732)
(0.0671017 0.0127759 5.97704)
(0.00522168 -0.00523541 5.98905)
(-0.0623741 -0.0271809 5.97112)
(-0.118608 -0.0170075 5.93597)
(-0.283197 0.0416003 5.99763)
(-0.136211 0.0639219 6.0618)
(0.00907306 0.00907322 6.0904)
(0.143781 -0.0353392 6.06965)
(0.244002 -9.27097e-06 6.02931)
(0.143783 0.0353219 6.06965)
(0.00907545 -0.00908729 6.0904)
(-0.136208 -0.0639307 6.0618)
(-0.283194 -0.0416031 5.99764)
(-0.588039 0.0811716 6.23465)
(-0.242824 0.11994 6.27414)
(0.013068 0.0130671 6.29047)
(0.253253 -0.0738811 6.27791)
(0.512162 -8.53343e-06 6.25178)
(0.253254 0.0738652 6.27791)
(0.0130701 -0.01308 6.29047)
(-0.242821 -0.119948 6.27414)
(-0.588035 -0.0811742 6.23465)
(-0.588253 0.0810943 6.605)
(-0.243041 0.119744 6.56516)
(0.0128472 0.0128453 6.54831)
(0.253028 -0.0740255 6.5604)
(0.511936 -7.72597e-06 6.58635)
(0.253029 0.0740111 6.5604)
(0.0128492 -0.0128569 6.54831)
(-0.243038 -0.119752 6.56517)
(-0.58825 -0.0810967 6.60501)
(-0.283937 0.0413322 6.8423)
(-0.136961 0.063244 6.77763)
(0.00830642 0.00830334 6.74825)
(0.143 -0.0358406 6.76832)
(0.243215 -6.84774e-06 6.80839)
(0.143001 0.0358278 6.76833)
(0.00830814 -0.00831361 6.74826)
(-0.136959 -0.0632504 6.77763)
(-0.283935 -0.0413343 6.84231)
(-0.120216 0.0164194 6.90468)
(-0.0640096 0.0256915 6.86862)
(0.0035437 0.00353947 6.8493)
(0.0653867 -0.0138895 6.86008)
(0.100639 -5.90091e-06 6.87932)
(0.0653875 0.0138784 6.86008)
(0.00354519 -0.00354828 6.8493)
(-0.0640076 -0.025697 6.86862)
(-0.120213 -0.0164211 6.90468)
(-0.0502085 0.00527293 6.9165)
(-0.0289397 0.00786479 6.90053)
(-0.000230908 -0.000236343 6.89015)
(0.0257671 -0.00581716 6.89317)
(0.0383259 -4.89106e-06 6.89968)
(0.0257677 0.00580805 6.89317)
(-0.000229698 0.00022911 6.89015)
(-0.028938 -0.0078693 6.90053)
(-0.0502065 -0.00527443 6.91651)
(-0.0232657 0.000444905 6.91899)
(-0.0152854 -0.000666133 6.9112)
(-0.00381436 -0.00382105 6.90418)
(0.00648996 -0.00435076 6.90257)
(0.0110271 -3.8268e-06 6.90364)
(0.00649048 0.00434365 6.90257)
(-0.00381341 0.00381546 6.90419)
(-0.0152842 0.000662713 6.9112)
(-0.0232643 -0.000446019 6.91899)
(-0.0153622 -0.00251807 6.92228)
(-0.0127381 -0.00694011 6.91577)
(-0.00885578 -0.00886378 6.90742)
(-0.00537834 -0.0063646 6.90167)
(-0.00390956 -2.72136e-06 6.89993)
(-0.00537799 0.00635958 6.90167)
(-0.00885513 0.00885991 6.90743)
(-0.0127372 0.00693773 6.91578)
(-0.015361 0.00251726 6.92229)
(-0.017443 -0.00606529 6.9298)
(-0.01762 -0.015526 6.91999)
(-0.0179149 -0.0179242 6.90547)
(-0.0181419 -0.011846 6.89333)
(-0.0182067 -1.58109e-06 6.88873)
(-0.0181417 0.0118431 6.89333)
(-0.0179145 0.0179221 6.90548)
(-0.0176195 0.0155248 6.92)
(-0.0174423 0.00606489 6.92981)
(-0.0275824 -0.0123281 6.94553)
(-0.0307085 -0.0312695 6.92706)
(-0.035518 -0.0355286 6.89877)
(-0.0396721 -0.0231096 6.87452)
(-0.041283 -4.19256e-07 6.86514)
(-0.039672 0.0231089 6.87452)
(-0.0355179 0.0355283 6.89878)
(-0.0307084 0.0312693 6.92706)
(-0.0275821 0.012328 6.94554)
(-0.0475344 -0.0245382 6.9774)
(-0.0565246 -0.0622833 6.94096)
(-0.0704547 -0.0704664 6.88403)
(-0.0823826 -0.0454764 6.8359)
(-0.0869791 7.72057e-07 6.81755)
(-0.0823827 0.045478 6.83591)
(-0.0704549 0.0704679 6.88403)
(-0.056525 0.0622844 6.94096)
(-0.0475346 0.0245385 6.97741)
(-0.0807927 -0.0487746 7.04164)
(-0.103959 -0.124644 6.96947)
(-0.140567 -0.140579 6.85167)
(-0.171253 -0.0895879 6.75639)
(-0.182873 2.00015e-06 6.72126)
(-0.171254 0.0895917 6.7564)
(-0.140567 0.140583 6.85168)
(-0.10396 0.124646 6.96947)
(-0.0807931 0.0487752 7.04164)
(-0.128937 -0.096707 7.17088)
(-0.187154 -0.252248 7.03101)
(-0.283527 -0.28354 6.77428)
(-0.360901 -0.175889 6.58715)
(-0.389297 3.31228e-06 6.5227)
(-0.360902 0.175895 6.58715)
(-0.283527 0.283545 6.77429)
(-0.187155 0.252251 7.03102)
(-0.128938 0.0967079 7.17089)
(-0.180301 -0.188648 7.42795)
(-0.322518 -0.521247 7.17957)
(-0.584428 -0.584442 6.5577)
(-0.776985 -0.341169 6.20195)
(-0.84399 4.69982e-06 6.09469)
(-0.776985 0.341177 6.20195)
(-0.584428 0.584449 6.55771)
(-0.322519 0.521251 7.17958)
(-0.180301 0.188649 7.42795)
(-0.17801 -0.345085 7.91587)
(-0.501383 -1.1225 7.62533)
(-1.26115 -1.26116 5.80889)
(-1.72706 -0.638898 5.2171)
(-1.87604 6.04952e-06 5.07786)
(-1.72706 0.638909 5.2171)
(-1.26115 1.26117 5.8089)
(-0.501383 1.1225 7.62534)
(-0.178011 0.345086 7.91588)
(0.051364 -0.479189 8.68657)
(-0.526608 -2.62823 9.42743)
(-2.99266 -2.99267 2.61079)
(-4.03013 -1.0722 2.25091)
(-4.32783 7.04033e-06 2.17749)
(-4.03013 1.07222 2.25091)
(-2.99266 2.99268 2.61079)
(-0.526608 2.62823 9.42743)
(0.0513636 0.47919 8.68657)
(0.85565 0.395771 8.81297)
(0.946494 0.395771 11.3207)
(0.946493 -0.395772 11.3207)
(0.855648 -0.395772 8.81297)
(1.96447 2.02856 6.69955)
(3.40769 7.32766 9.12524)
(8.05933 8.05932 5.07777)
(10.1881 3.60755 5.08006)
(10.7935 5.57972e-06 5.01524)
(10.1881 -3.60754 5.08006)
(8.05933 -8.05931 5.07776)
(3.40769 -7.32766 9.12523)
(1.96446 -2.02856 6.69954)
(2.59319 2.82147 2.45663)
(4.49428 9.9488 3.24953)
(9.88986 9.88985 18.8852)
(11.4757 3.54502 17.0062)
(11.8514 2.55624e-06 16.5285)
(11.4757 -3.54501 17.0062)
(9.88985 -9.88984 18.8852)
(4.49427 -9.94879 3.24953)
(2.59318 -2.82146 2.45663)
(0.881207 0.881204 25.8524)
(0.989065 1.25084 23.3747)
(1.03042 -1.0648e-06 22.7353)
(0.989063 -1.25084 23.3747)
(0.881204 -0.881202 25.8524)
(0.284797 0.284795 23.5204)
(0.306909 0.427931 22.7319)
(0.317001 -2.16409e-06 22.4134)
(0.306909 -0.427934 22.7319)
(0.284795 -0.284795 23.5204)
(0.0927246 0.0927236 22.7653)
(0.0973599 0.143883 22.5109)
(0.0997161 -1.94667e-06 22.3853)
(0.0973598 -0.143886 22.5109)
(0.0927242 -0.0927248 22.7653)
(0.0303043 0.0303037 22.5193)
(0.0312914 0.0478874 22.4365)
(0.0318286 -1.04571e-06 22.3912)
(0.0312914 -0.0478895 22.4365)
(0.0303042 -0.0303047 22.5193)
(0.00992136 0.00992105 22.4388)
(0.0101339 0.0158399 22.4118)
(0.0102549 -7.02889e-07 22.3962)
(0.0101341 -0.0158415 22.4118)
(0.00992171 -0.00992193 22.4388)
(0.00325016 0.00325 22.4125)
(0.00329638 0.00521947 22.4036)
(0.00332334 -5.52406e-08 22.3984)
(0.00329643 -0.00521995 22.4036)
(0.0032504 -0.00325043 22.4125)
(0.00106465 0.00106458 22.4039)
(0.00107483 0.00171545 22.401)
(0.00108095 -5.3971e-08 22.3992)
(0.00107504 -0.00171592 22.401)
(0.00106516 -0.00106499 22.4039)
(0.000348512 0.000348481 22.401)
(0.00035086 0.000562887 22.4001)
(0.000352177 3.20718e-07 22.3995)
(0.0003509 -0.000562653 22.4001)
(0.000348772 -0.000348567 22.401)
(0.000113826 0.000113814 22.4001)
(0.000114422 0.000184138 22.3998)
(0.000114836 8.89954e-08 22.3996)
(0.000114601 -0.000184275 22.3998)
(0.000114266 -0.00011404 22.4001)
(3.68796e-05 3.68757e-05 22.3998)
(3.70333e-05 5.98934e-05 22.3997)
(3.70852e-05 2.23577e-07 22.3996)
(3.70497e-05 -5.97129e-05 22.3997)
(3.69783e-05 -3.69188e-05 22.3998)
(1.15128e-05 1.15121e-05 22.3997)
(1.15147e-05 1.86344e-05 22.3997)
(1.15781e-05 -1.72317e-07 22.3997)
(1.16e-05 -1.89942e-05 22.3997)
(1.17406e-05 -1.16996e-05 22.3997)
(2.72482e-06 2.72502e-06 22.3997)
(2.67277e-06 4.37109e-06 22.3997)
(2.64487e-06 3.01434e-08 22.3997)
(2.64373e-06 -4.14336e-06 22.3997)
(2.7028e-06 -2.52743e-06 22.3997)
(4.2933 1.04277 1.36227)
(2.3455 2.05958 1.18451)
(1.45839 1.72446 1.01986)
(0.958942 0.958953 0.91266)
(0.79679 -1.04655e-05 0.876023)
(0.958944 -0.958973 0.91266)
(1.4584 -1.72447 1.01986)
(2.3455 -2.05959 1.18451)
(4.29331 -1.04277 1.36227)
(3.60097 0.86501 3.90441)
(1.93868 1.71717 3.33893)
(1.21872 1.45261 2.88258)
(0.815104 0.815115 2.59685)
(0.6838 -1.07655e-05 2.50023)
(0.815106 -0.815135 2.59685)
(1.21872 -1.45262 2.88258)
(1.93868 -1.71718 3.33893)
(3.60097 -0.865013 3.90441)
(1.58873 0.477291 5.37494)
(1.13983 1.03775 4.76059)
(0.800107 0.982373 4.23958)
(0.576594 0.576606 3.90279)
(0.499357 -1.10245e-05 3.78713)
(0.576596 -0.576626 3.90279)
(0.800111 -0.98239 4.23958)
(1.13983 -1.03776 4.76059)
(1.58873 -0.477294 5.37494)
(0.74752 0.250665 5.75543)
(0.610345 0.581812 5.40954)
(0.467691 0.594805 5.03477)
(0.36266 0.362671 4.76649)
(0.324568 -1.12613e-05 4.67052)
(0.362662 -0.362692 4.76649)
(0.467695 -0.594822 5.03477)
(0.610351 -0.581824 5.40954)
(0.747526 -0.250669 5.75543)
(0.361913 0.131405 5.8751)
(0.315562 0.317098 5.69344)
(0.257898 0.339316 5.46346)
(0.212337 0.212348 5.28554)
(0.195274 -1.1429e-05 5.21971)
(0.21234 -0.212369 5.28554)
(0.257903 -0.339334 5.46346)
(0.315567 -0.31711 5.69344)
(0.36192 -0.131408 5.8751)
(0.177573 0.0690047 5.91425)
(0.160821 0.170166 5.81905)
(0.137853 0.186907 5.6875)
(0.118911 0.118921 5.58046)
(0.111672 -1.15227e-05 5.53989)
(0.118913 -0.118942 5.58046)
(0.137857 -0.186925 5.6875)
(0.160827 -0.170177 5.81905)
(0.17758 -0.0690084 5.91425)
(0.0877633 0.0362088 5.92582)
(0.0814773 0.0903513 5.87578)
(0.0724046 0.10072 5.80328)
(0.064729 0.064738 5.74241)
(0.0617593 -1.15329e-05 5.71898)
(0.0647313 -0.0647597 5.74241)
(0.072409 -0.100738 5.80328)
(0.0814832 -0.0903627 5.87578)
(0.0877697 -0.0362125 5.92582)
(0.0435263 0.0189671 5.92813)
(0.0411518 0.04763 5.90188)
(0.0376324 0.0535378 5.86288)
(0.0346105 0.0346186 5.82949)
(0.033433 -1.14708e-05 5.8165)
(0.0346128 -0.0346402 5.82949)
(0.0376367 -0.0535555 5.86288)
(0.0411577 -0.0476413 5.90188)
(0.0435327 -0.0189708 5.92813)
(0.0214604 0.00996556 5.92756)
(0.0206445 0.0250998 5.914)
(0.0194196 0.0283243 5.89352)
(0.0183601 0.0183673 5.87576)
(0.0179465 -1.13337e-05 5.8688)
(0.0183624 -0.0183887 5.87576)
(0.0194238 -0.0283418 5.89352)
(0.0206502 -0.0251109 5.914)
(0.0214667 -0.00996916 5.92756)
(0.0100531 0.00540394 5.92595)
(0.0100101 0.0135891 5.91943)
(0.00994327 0.0152957 5.90935)
(0.00988736 0.00989357 5.90042)
(0.00986808 -1.11302e-05 5.89687)
(0.0098896 -0.0099145 5.90042)
(0.00994746 -0.0153128 5.90935)
(0.0100157 -0.0136 5.91943)
(0.0100592 -0.00540751 5.92595)
(0.00324106 0.00344024 5.92304)
(0.00394443 0.00849934 5.92121)
(0.00498132 0.00931675 5.91781)
(0.0058822 0.00588737 5.91431)
(0.00624387 -1.08567e-05 5.91281)
(0.00588437 -0.00590777 5.91431)
(0.00498538 -0.00933343 5.91781)
(0.00394987 -0.0085099 5.92121)
(0.00324706 -0.00344368 5.92304)
(-0.0031447 0.00357824 5.91666)
(-0.000939266 0.00836191 5.92013)
(0.00220021 0.0083987 5.92322)
(0.00488669 0.00489078 5.92423)
(0.00597041 -1.05185e-05 5.92422)
(0.00488878 -0.00491055 5.92423)
(0.00220412 -0.00841484 5.92322)
(-0.00093403 -0.00837215 5.92013)
(-0.00313899 -0.00358159 5.91666)
(-0.0145949 0.0069164 5.90101)
(-0.00829938 0.0150594 5.91537)
(3.88533e-06 0.0134187 5.92927)
(0.0068889 0.00689189 5.93622)
(0.00970605 -1.01138e-05 5.93772)
(0.00689089 -0.00691088 5.93622)
(7.60861e-06 -0.0134341 5.92927)
(-0.0082944 -0.0150692 5.91537)
(-0.0145894 -0.00691959 5.90102)
(-0.0444578 0.0179368 5.86231)
(-0.0253578 0.0366179 5.90542)
(-0.00361351 0.029244 5.94219)
(0.0133357 0.0133375 5.9591)
(0.0204484 -9.64505e-06 5.96236)
(0.0133376 -0.0133557 5.9591)
(-0.00360999 -0.0292587 5.94219)
(-0.0253531 -0.0366272 5.90542)
(-0.0444527 -0.0179398 5.86232)
(-0.135307 0.0500207 5.77465)
(-0.0700875 0.094934 5.89476)
(-0.0127952 0.0671015 5.97704)
(0.0270611 0.0270618 6.0093)
(0.044483 -9.11007e-06 6.01396)
(0.0270628 -0.0270789 6.0093)
(-0.0127919 -0.0671154 5.97704)
(-0.0700831 -0.0949427 5.89476)
(-0.135302 -0.0500236 5.77465)
(-0.443367 0.138045 5.64316)
(-0.184675 0.239009 5.92853)
(-0.0353388 0.143781 6.06965)
(0.0502535 0.0502531 6.11468)
(0.0899674 -8.50832e-06 6.11864)
(0.0502551 -0.050269 6.11468)
(-0.0353358 -0.143794 6.06965)
(-0.184671 -0.239017 5.92853)
(-0.443363 -0.138047 5.64316)
(-1.61365 0.33539 5.9957)
(-0.423035 0.52142 6.19297)
(-0.0738796 0.253252 6.27791)
(0.0760587 0.0760571 6.30221)
(0.150819 -7.84046e-06 6.30357)
(0.0760602 -0.0760718 6.30221)
(-0.0738768 -0.253264 6.27792)
(-0.423031 -0.521427 6.19297)
(-1.61364 -0.335393 5.99571)
(-1.61379 0.335312 6.8435)
(-0.423175 0.521221 6.64589)
(-0.0740228 0.253026 6.5604)
(0.0759131 0.0759103 6.53563)
(0.150672 -7.10464e-06 6.53409)
(0.0759144 -0.0759236 6.53563)
(-0.0740203 -0.253037 6.56041)
(-0.423172 -0.521228 6.64589)
(-1.61378 -0.335314 6.84351)
(-0.443848 0.137772 7.19613)
(-0.185162 0.238318 6.91024)
(-0.0358366 0.142997 6.76833)
(0.0497463 0.0497423 6.72259)
(0.0894564 -6.30384e-06 6.71836)
(0.0497475 -0.0497541 6.72259)
(-0.0358344 -0.143007 6.76833)
(-0.185159 -0.238324 6.91024)
(-0.443844 -0.137774 7.19613)
(-0.13635 0.0494225 7.06485)
(-0.0711481 0.0934206 6.9438)
(-0.0138842 0.0653824 6.86008)
(0.025947 0.0259418 6.82656)
(0.0433588 -5.43676e-06 6.82141)
(0.025948 -0.0259519 6.82657)
(-0.0138824 -0.0653906 6.86008)
(-0.0711457 -0.0934257 6.9438)
(-0.136347 -0.0494242 7.06485)
(-0.0465351 0.0167253 6.97764)
(-0.0274822 0.0335524 6.93272)
(-0.0058106 0.0257616 6.89317)
(0.0110746 0.0110681 6.87382)
(0.0181618 -4.51372e-06 6.8696)
(0.0110754 -0.0110765 6.87382)
(-0.00580912 -0.0257683 6.89317)
(-0.0274803 -0.0335566 6.93272)
(-0.0465329 -0.0167266 6.97764)
(-0.0186367 0.00450326 6.9399)
(-0.0124614 0.0089534 6.92196)
(-0.00434281 0.00648329 6.90257)
(0.00238008 0.00237211 6.89081)
(0.00513294 -3.53736e-06 6.88741)
(0.00238069 -0.00237868 6.89081)
(-0.00434169 -0.00648847 6.90258)
(-0.0124599 -0.00895657 6.92196)
(-0.0186351 -0.00450429 6.93991)
(-0.0109253 -0.00122056 6.92634)
(-0.00902567 -0.00377968 6.9157)
(-0.00635521 -0.00538631 6.90167)
(-0.00407935 -0.00408876 6.89107)
(-0.00315756 -2.52492e-06 6.88731)
(-0.00407894 0.00408409 6.89107)
(-0.00635447 0.00538271 6.90167)
(-0.00902471 0.00377753 6.91571)
(-0.0109242 0.00121986 6.92634)
(-0.0116086 -0.0061304 6.92449)
(-0.0116812 -0.0157139 6.91194)
(-0.0118352 -0.0181511 6.89333)
(-0.0119729 -0.0119838 6.87764)
(-0.0120186 -1.47885e-06 6.87163)
(-0.0119727 0.0119811 6.87764)
(-0.0118348 0.0181492 6.89333)
(-0.0116808 0.0157128 6.91194)
(-0.011608 0.00613005 6.9245)
(-0.0180028 -0.0137744 6.93165)
(-0.0200081 -0.0349426 6.9091)
(-0.0230973 -0.0396826 6.87452)
(-0.025773 -0.0257853 6.84486)
(-0.0268129 -4.16093e-07 6.83339)
(-0.025773 0.0257846 6.84486)
(-0.0230973 0.0396823 6.87452)
(-0.0200082 0.0349425 6.90911)
(-0.0180028 0.0137744 6.93166)
(-0.0308273 -0.028685 6.95284)
(-0.0365719 -0.0728502 6.90726)
(-0.0454629 -0.0823943 6.83591)
(-0.0530961 -0.0531097 6.77568)
(-0.0560434 6.83919e-07 6.75275)
(-0.0530963 0.0531111 6.77568)
(-0.0454633 0.0823957 6.83591)
(-0.0365725 0.0728512 6.90727)
(-0.0308279 0.0286854 6.95284)
(-0.0520424 -0.0593485 7.00451)
(-0.0666245 -0.151876 6.91045)
(-0.0895734 -0.171266 6.75639)
(-0.108931 -0.108946 6.63193)
(-0.116292 1.83521e-06 6.5861)
(-0.108931 0.108949 6.63193)
(-0.0895741 0.171269 6.7564)
(-0.0666255 0.151878 6.91046)
(-0.0520434 0.0593492 7.00452)
(-0.0819849 -0.122746 7.12716)
(-0.117619 -0.320968 6.93665)
(-0.175874 -0.360915 6.58715)
(-0.223389 -0.223404 6.33092)
(-0.24099 3.11968e-06 6.24242)
(-0.22339 0.22341 6.33092)
(-0.175874 0.36092 6.58715)
(-0.11762 0.320971 6.93666)
(-0.0819863 0.122747 7.12717)
(-0.111345 -0.249857 7.41217)
(-0.194097 -0.691887 7.0606)
(-0.341153 -0.776999 6.20195)
(-0.453659 -0.453675 5.69445)
(-0.493592 4.53156e-06 5.53848)
(-0.45366 0.453683 5.69445)
(-0.341154 0.777005 6.20195)
(-0.194099 0.691891 7.06061)
(-0.111347 0.249858 7.41218)
(-0.100364 -0.474315 8.03559)
(-0.271971 -1.53119 7.60807)
(-0.638882 -1.72707 5.2171)
(-0.886858 -0.886874 4.35492)
(-0.969276 5.96388e-06 4.13846)
(-0.886858 0.886885 4.35492)
(-0.638883 1.72708 5.2171)
(-0.271973 1.5312 7.60807)
(-0.100366 0.474316 8.03559)
(0.0594822 -0.677376 9.15513)
(-0.197125 -3.51038 10.0875)
(-1.07219 -4.03015 2.25091)
(-1.5323 -1.53231 1.72395)
(-1.67234 6.86696e-06 1.60547)
(-1.5323 1.53233 1.72396)
(-1.07219 4.03016 2.25091)
(-0.197127 3.51038 10.0875)
(0.0594795 0.677376 9.15513)
(0.543512 0.45805 9.63555)
(0.62851 0.45805 12.8621)
(0.628505 -0.458051 12.8621)
(0.543507 -0.458051 9.63555)
(1.17389 2.54914 7.42022)
(1.84964 9.22678 10.3884)
(3.60756 10.1881 5.08006)
(4.58377 4.58375 4.87442)
(4.88137 3.62965e-06 4.73803)
(4.58376 -4.58375 4.87441)
(3.60755 -10.1881 5.08005)
(1.84963 -9.22678 10.3884)
(1.17389 -2.54914 7.42021)
(1.51182 3.42626 2.7097)
(2.28016 11.5971 3.58682)
(3.54503 11.4757 17.0062)
(4.24174 4.24173 14.4847)
(4.44581 1.82941e-07 13.8225)
(4.24174 -4.24172 14.4847)
(3.54503 -11.4757 17.0061)
(2.28015 -11.5971 3.58682)
(1.51181 -3.42626 2.7097)
(1.25085 0.989062 23.3747)
(1.40006 1.40006 20.3768)
(1.45857 -2.50091e-06 19.5931)
(1.40006 -1.40006 20.3767)
(1.25085 -0.989062 23.3747)
(0.427936 0.306908 22.7319)
(0.460141 0.460136 21.8402)
(0.475053 -2.81495e-06 21.4827)
(0.46014 -0.46014 21.8402)
(0.427934 -0.306909 22.7319)
(0.143886 0.0973589 22.5109)
(0.150877 0.150875 22.2352)
(0.154462 -2.02437e-06 22.1001)
(0.150877 -0.150878 22.2352)
(0.143885 -0.0973604 22.5109)
(0.0478889 0.0312908 22.4365)
(0.0494132 0.0494117 22.3493)
(0.050247 -1.07952e-06 22.3018)
(0.0494132 -0.0494139 22.3493)
(0.0478887 -0.0312919 22.4365)
(0.0158407 0.0101336 22.4118)
(0.0161742 0.0161734 22.3838)
(0.0163645 -5.10753e-07 22.3677)
(0.0161746 -0.0161747 22.3838)
(0.0158413 -0.0101343 22.4118)
(0.00521986 0.00329622 22.4036)
(0.00529304 0.00529265 22.3946)
(0.00533593 3.27347e-09 22.3892)
(0.00529318 -0.00529289 22.3946)
(0.00522019 -0.00329647 22.4036)
(0.00171564 0.00107475 22.401)
(0.00173194 0.00173175 22.398)
(0.0017417 1.58337e-07 22.3962)
(0.00173231 -0.00173172 22.398)
(0.00171647 -0.00107487 22.401)
(0.000562968 0.000350828 22.4001)
(0.000566631 0.000566551 22.3991)
(0.000568801 3.60293e-07 22.3985)
(0.000566728 -0.000566057 22.3991)
(0.000563301 -0.000350695 22.4001)
(0.00018417 0.000114409 22.3998)
(0.000185179 0.000185148 22.3995)
(0.000185808 2.67769e-07 22.3993)
(0.000185471 -0.000184845 22.3995)
(0.00018487 -0.000114374 22.3998)
(5.9903e-05 3.70294e-05 22.3997)
(6.0108e-05 6.0099e-05 22.3996)
(6.02292e-05 2.40009e-07 22.3995)
(6.01323e-05 -5.98199e-05 22.3996)
(5.99968e-05 -3.69902e-05 22.3997)
(1.86358e-05 1.15141e-05 22.3997)
(1.87009e-05 1.86997e-05 22.3997)
(1.87813e-05 -8.70298e-08 22.3996)
(1.8848e-05 -1.88317e-05 22.3997)
(1.90258e-05 -1.1559e-05 22.3997)
(4.3706e-06 2.67297e-06 22.3997)
(4.29059e-06 4.29114e-06 22.3997)
(4.28261e-06 1.10298e-09 22.3997)
(4.28368e-06 -4.08543e-06 22.3997)
(4.37468e-06 -2.46836e-06 22.3997)
(-2.11084e-05 0.692101 1.19617)
(-2.14442e-05 1.4893 1.08184)
(-2.11683e-05 1.3823 0.959798)
(-2.05413e-05 0.796801 0.876023)
(-1.96222e-05 -9.45313e-06 0.846808)
(-1.85096e-05 -0.796819 0.876023)
(-1.73545e-05 -1.38231 0.959797)
(-1.63375e-05 -1.4893 1.08184)
(-1.56137e-05 -0.692103 1.19617)
(-2.16831e-05 0.577771 3.37066)
(-2.1892e-05 1.25292 3.04791)
(-2.15576e-05 1.17648 2.72099)
(-2.08711e-05 0.683811 2.50023)
(-1.98852e-05 -9.67414e-06 2.42356)
(-1.87047e-05 -0.683829 2.50023)
(-1.74883e-05 -1.17649 2.72099)
(-1.64186e-05 -1.25293 3.04791)
(-1.56303e-05 -0.577774 3.37066)
(-2.18771e-05 0.369352 4.80041)
(-2.20498e-05 0.839627 4.43612)
(-2.16708e-05 0.834617 4.05285)
(-2.09348e-05 0.499368 3.78713)
(-1.98983e-05 -9.87651e-06 3.69361)
(-1.86705e-05 -0.499387 3.78713)
(-1.74138e-05 -0.834633 4.05285)
(-1.63123e-05 -0.839636 4.43612)
(-1.5499e-05 -0.369356 4.80041)
(-2.18752e-05 0.213486 5.44537)
(-2.202e-05 0.505361 5.19438)
(-2.1601e-05 0.527487 4.89368)
(-2.08206e-05 0.324579 4.67052)
(-1.97409e-05 -1.00672e-05 4.5896)
(-1.84749e-05 -0.324598 4.67052)
(-1.71889e-05 -0.527503 4.89368)
(-1.60664e-05 -0.505371 5.19437)
(-1.52523e-05 -0.213489 5.44537)
(-2.16379e-05 0.118355 5.72123)
(-2.17521e-05 0.287938 5.57199)
(-2.13037e-05 0.310757 5.37482)
(-2.04901e-05 0.195284 5.21971)
(-1.93794e-05 -1.02041e-05 5.16192)
(-1.80895e-05 -0.195303 5.21971)
(-1.67893e-05 -0.310773 5.37482)
(-1.56622e-05 -0.287948 5.57199)
(-1.48425e-05 -0.118358 5.72123)
(-2.11698e-05 0.0642496 5.83856)
(-2.1265e-05 0.158956 5.75463)
(-2.07913e-05 0.175205 5.63663)
(-1.99539e-05 0.111681 5.53989)
(-1.88242e-05 -1.02814e-05 5.50312)
(-1.75241e-05 -0.111701 5.53989)
(-1.62227e-05 -0.175221 5.63663)
(-1.51022e-05 -0.158966 5.75463)
(-1.43073e-05 -0.064253 5.83856)
(-2.05054e-05 0.034425 5.88844)
(-2.05703e-05 0.0860117 5.84249)
(-2.00809e-05 0.0960203 5.77545)
(-1.92299e-05 0.0617682 5.71898)
(-1.80933e-05 -1.02891e-05 5.69721)
(-1.67961e-05 -0.0617876 5.71898)
(-1.55072e-05 -0.0960362 5.77545)
(-1.44071e-05 -0.0860219 5.84249)
(-1.3623e-05 -0.0344284 5.88844)
(-1.96547e-05 0.0182944 5.90953)
(-1.97055e-05 0.0459647 5.88484)
(-1.92024e-05 0.0516971 5.84805)
(-1.83448e-05 0.0334411 5.81651)
(-1.72115e-05 -1.02355e-05 5.80423)
(-1.59275e-05 -0.0334604 5.81651)
(-1.46607e-05 -0.051713 5.84805)
(-1.35865e-05 -0.0459749 5.88484)
(-1.28447e-05 -0.0182977 5.90954)
(-1.86622e-05 0.00973504 5.91813)
(-1.86827e-05 0.0245241 5.90523)
(-1.8176e-05 0.0276813 5.88573)
(-1.7321e-05 0.0179537 5.8688)
(-1.62004e-05 -1.01173e-05 5.86216)
(-1.49401e-05 -0.0179727 5.8688)
(-1.37062e-05 -0.027697 5.88573)
(-1.26693e-05 -0.0245341 5.90523)
(-1.19476e-05 -0.0097383 5.91813)
(-1.75223e-05 0.00539399 5.92076)
(-1.75353e-05 0.0135626 5.91467)
(-1.70233e-05 0.0152648 5.90525)
(-1.61761e-05 0.00987423 5.89687)
(-1.50755e-05 -9.94117e-06 5.89354)
(-1.38476e-05 -0.00989293 5.89687)
(-1.26529e-05 -0.0152801 5.90525)
(-1.16562e-05 -0.0135725 5.91468)
(-1.09886e-05 -0.00539724 5.92076)
(-1.62866e-05 0.0036509 5.91908)
(-1.62669e-05 0.00901382 5.91796)
(-1.57591e-05 0.00987947 5.91551)
(-1.49273e-05 0.00624898 5.91281)
(-1.38557e-05 -9.7042e-06 5.91161)
(-1.26691e-05 -0.00626723 5.91281)
(-1.15234e-05 -0.0098944 5.91551)
(-1.05778e-05 -0.00902332 5.91796)
(-9.9368e-06 -0.00365402 5.91909)
(-1.49245e-05 0.00426658 5.91063)
(-1.49002e-05 0.00999014 5.91605)
(-1.43952e-05 0.0101159 5.92144)
(-1.35831e-05 0.00597445 5.92422)
(-1.25477e-05 -9.40994e-06 5.9249)
(-1.14094e-05 -0.00599214 5.92422)
(-1.03186e-05 -0.0101303 5.92144)
(-9.42457e-06 -0.00999939 5.91605)
(-8.8467e-06 -0.00426963 5.91063)
(-1.34902e-05 0.00906731 5.88471)
(-1.34341e-05 0.01982 5.90599)
(-1.29432e-05 0.018054 5.92641)
(-1.21591e-05 0.009709 5.93772)
(-1.11673e-05 -9.05729e-06 5.94088)
(-1.00856e-05 -0.00972601 5.93772)
(-9.05844e-06 -0.0180678 5.92641)
(-8.22657e-06 -0.0198288 5.90599)
(-7.68026e-06 -0.0090702 5.88471)
(-1.19439e-05 0.0255507 5.80489)
(-1.18895e-05 0.0516887 5.87804)
(-1.14083e-05 0.0418416 5.93475)
(-1.06557e-05 0.0204502 5.96236)
(-9.71284e-06 -8.64666e-06 5.96953)
(-8.69425e-06 -0.0204665 5.96236)
(-7.73455e-06 -0.0418548 5.93475)
(-6.96426e-06 -0.0516971 5.87805)
(-6.48816e-06 -0.0255534 5.80489)
(-1.03463e-05 0.0822242 5.53706)
(-1.02588e-05 0.149683 5.8118)
(-9.79757e-06 0.102369 5.95732)
(-9.08294e-06 0.0444837 6.01396)
(-8.19648e-06 -8.17725e-06 6.02684)
(-7.24835e-06 -0.044499 6.01396)
(-6.36449e-06 -0.102381 5.95732)
(-5.66664e-06 -0.149691 5.8118)
(-5.22651e-06 -0.0822267 5.53706)
(-8.63454e-06 0.300293 4.51929)
(-8.55002e-06 0.47195 5.70885)
(-8.10504e-06 0.244002 6.02932)
(-7.43116e-06 0.089967 6.11864)
(-6.6068e-06 -7.64664e-06 6.13565)
(-5.7343e-06 -0.0899813 6.11864)
(-4.93061e-06 -0.244013 6.02932)
(-4.30331e-06 -0.471958 5.70885)
(-3.93912e-06 -0.300295 4.5193)
(-6.86644e-06 6.27178 5.06423)
(-6.74945e-06 1.65971 6.03564)
(-6.33219e-06 0.512161 6.25178)
(-5.7063e-06 0.150817 6.30357)
(-4.9502e-06 -7.05661e-06 6.31249)
(-4.16073e-06 -0.150831 6.30357)
(-3.44529e-06 -0.512171 6.25179)
(-2.89948e-06 -1.65971 6.03564)
(-2.57565e-06 -6.27179 5.06423)
(-4.97235e-06 6.2717 7.7748)
(-4.86143e-06 1.65951 6.80304)
(-4.46496e-06 0.511934 6.58635)
(-3.88899e-06 0.15067 6.53409)
(-3.20515e-06 -6.4033e-06 6.52499)
(-2.50418e-06 -0.150682 6.53409)
(-1.88006e-06 -0.511943 6.58635)
(-1.41425e-06 -1.65951 6.80304)
(-1.17231e-06 -6.27171 7.77481)
(-3.01542e-06 0.300018 8.31974)
(-2.86764e-06 0.471255 7.12966)
(-2.50147e-06 0.243212 6.80839)
(-1.98035e-06 0.0894524 6.71836)
(-1.37494e-06 -5.6914e-06 6.70107)
(-7.69232e-07 -0.089463 6.71836)
(-2.45175e-07 -0.24322 6.80839)
(1.28335e-07 -0.47126 7.12966)
(3.23331e-07 -0.30002 8.31975)
(-9.10897e-07 0.0816208 7.30199)
(-7.63436e-07 0.148157 7.0263)
(-4.20807e-07 0.100635 6.87932)
(4.47353e-08 0.0433535 6.82141)
(5.67395e-07 -4.91771e-06 6.80803)
(1.07318e-06 -0.0433627 6.82141)
(1.49249e-06 -0.100642 6.87933)
(1.77476e-06 -0.148161 7.0263)
(1.88004e-06 -0.0816223 7.30199)
(1.27215e-06 0.0243258 7.03422)
(1.46262e-06 0.0485893 6.95922)
(1.77244e-06 0.0383205 6.89969)
(2.17748e-06 0.0181552 6.8696)
(2.613e-06 -4.09356e-06 6.86146)
(3.01207e-06 -0.0181629 6.8696)
(3.31782e-06 -0.0383266 6.89969)
(3.49577e-06 -0.0485931 6.95922)
(3.54437e-06 -0.0243271 7.03422)
(3.60257e-06 0.00662023 6.9546)
(3.79912e-06 0.0136278 6.92965)
(4.08575e-06 0.0110204 6.90364)
(4.43105e-06 0.00512498 6.88742)
(4.7778e-06 -3.21922e-06 6.88232)
(5.06619e-06 -0.00513097 6.88742)
(5.25551e-06 -0.0110252 6.90364)
(5.3296e-06 -0.0136307 6.92966)
(5.27798e-06 -0.00662118 6.9546)
(5.97939e-06 -0.000618432 6.92931)
(6.22985e-06 -0.00237001 6.91655)
(6.48554e-06 -0.00391746 6.89993)
(6.76923e-06 -0.00316695 6.88732)
(7.02477e-06 -2.31252e-06 6.88278)
(7.19903e-06 0.00316267 6.88732)
(7.26544e-06 0.00391414 6.89993)
(7.22404e-06 0.00236803 6.91656)
(7.10412e-06 0.000617803 6.92932)
(8.44597e-06 -0.00613794 6.92272)
(8.71253e-06 -0.0157526 6.90901)
(8.94416e-06 -0.0182159 6.88873)
(9.16837e-06 -0.0120295 6.87163)
(9.33382e-06 -1.37229e-06 6.86507)
(9.39549e-06 0.012027 6.87163)
(9.34054e-06 0.018214 6.88873)
(9.18926e-06 0.0157516 6.90901)
(8.96215e-06 0.00613761 6.92273)
(1.08611e-05 -0.0143334 6.92631)
(1.11827e-05 -0.036364 6.90217)
(1.13789e-05 -0.0412935 6.86515)
(1.15416e-05 -0.0268252 6.83339)
(1.16201e-05 -4.13904e-07 6.82112)
(1.15724e-05 0.0268245 6.8334)
(1.13989e-05 0.0412931 6.86515)
(1.11354e-05 0.0363639 6.90217)
(1.08372e-05 0.0143334 6.92632)
(1.32182e-05 -0.0302828 6.94336)
(1.35486e-05 -0.0769189 6.89434)
(1.3715e-05 -0.0869907 6.81755)
(1.38226e-05 -0.0560569 6.75275)
(1.38258e-05 5.92496e-07 6.72807)
(1.36805e-05 0.0560581 6.75275)
(1.34024e-05 0.0869918 6.81755)
(1.30424e-05 0.0769198 6.89434)
(1.26452e-05 0.0302831 6.94337)
(1.53417e-05 -0.0633567 6.99048)
(1.5711e-05 -0.162175 6.88842)
(1.58408e-05 -0.182886 6.72126)
(1.59021e-05 -0.116306 6.5861)
(1.58432e-05 1.66507e-06 6.53631)
(1.56121e-05 0.116309 6.5861)
(1.52376e-05 0.182888 6.72126)
(1.47847e-05 0.162177 6.88842)
(1.43244e-05 0.0633573 6.99048)
(1.72166e-05 -0.132341 7.11158)
(1.75835e-05 -0.346137 6.90354)
(1.77079e-05 -0.38931 6.5227)
(1.77561e-05 -0.241005 6.24242)
(1.76655e-05 2.90541e-06 6.1454)
(1.73646e-05 0.241011 6.24242)
(1.68994e-05 0.389315 6.52271)
(1.63547e-05 0.346139 6.90354)
(1.58055e-05 0.132342 7.11159)
(1.87079e-05 -0.271401 7.40957)
(1.91066e-05 -0.751055 7.02522)
(1.92757e-05 -0.844003 6.09469)
(1.93456e-05 -0.493608 5.53848)
(1.92267e-05 4.28997e-06 5.3664)
(1.88508e-05 0.493616 5.53848)
(1.8263e-05 0.84401 6.0947)
(1.76002e-05 0.751059 7.02522)
(1.69818e-05 0.271402 7.40957)
(1.98454e-05 -0.516692 8.0867)
(2.03022e-05 -1.66101 7.6223)
(2.05704e-05 -1.87605 5.07786)
(2.07093e-05 -0.969291 4.13846)
(2.05714e-05 5.70456e-06 3.89911)
(2.00951e-05 0.969302 4.13846)
(1.9358e-05 1.87606 5.07786)
(1.84009e-05 1.66102 7.62231)
(1.76808e-05 0.516693 8.0867)
(2.07183e-05 -0.735796 9.33045)
(2.11946e-05 -3.7599 10.3279)
(2.13859e-05 -4.32785 2.17749)
(2.13798e-05 -1.67235 1.60547)
(2.10805e-05 6.49861e-06 1.47443)
(2.04613e-05 1.67236 1.60547)
(1.94546e-05 4.32786 2.17749)
(1.80005e-05 3.7599 10.3279)
(1.70712e-05 0.735796 9.33045)
(2.12033e-05 0.480769 9.92738)
(2.14753e-05 0.480769 13.3675)
(1.60399e-05 -0.48077 13.3675)
(1.55363e-05 -0.48077 9.92737)
(2.11533e-05 2.70431 7.66785)
(2.09349e-05 9.76133 10.7769)
(1.95714e-05 10.7934 5.01524)
(1.78098e-05 4.88135 4.73803)
(1.58207e-05 1.58116e-06 4.57969)
(1.41107e-05 -4.88135 4.73803)
(1.30362e-05 -10.7934 5.01523)
(1.36762e-05 -9.76132 10.7769)
(1.38038e-05 -2.70431 7.66784)
(2.04903e-05 3.58981 2.79455)
(1.9203e-05 11.982 3.68005)
(1.53206e-05 11.8514 16.5285)
(1.29811e-05 4.4458 13.8225)
(1.12373e-05 -1.63238e-06 13.1057)
(1.002e-05 -4.4458 13.8225)
(9.73943e-06 -11.8514 16.5285)
(1.15726e-05 -11.982 3.68004)
(1.21057e-05 -3.5898 2.79455)
(7.86458e-06 1.03042 22.7353)
(6.63834e-06 1.45856 19.5931)
(5.73872e-06 -3.44837e-06 18.7646)
(5.11792e-06 -1.45857 19.5931)
(4.90741e-06 -1.03042 22.7353)
(3.49126e-06 0.316999 22.4134)
(2.92166e-06 0.475048 21.4827)
(2.51696e-06 -3.24463e-06 21.1093)
(2.17455e-06 -0.475053 21.4827)
(1.90727e-06 -0.317001 22.4134)
(1.35961e-06 0.0997151 22.3853)
(1.30793e-06 0.154459 22.1001)
(1.24618e-06 -2.09747e-06 21.9605)
(1.11366e-06 -0.154463 22.1001)
(9.11157e-07 -0.0997167 22.3853)
(7.81665e-07 0.031828 22.3912)
(7.50972e-07 0.0502456 22.3018)
(7.49244e-07 -1.0839e-06 22.2531)
(6.6359e-07 -0.0502478 22.3018)
(4.23827e-07 -0.0318292 22.3912)
(2.61554e-07 0.0102546 22.3962)
(4.51331e-07 0.0163637 22.3677)
(5.92488e-07 -3.70366e-07 22.3512)
(6.58976e-07 -0.0163647 22.3677)
(6.20646e-07 -0.0102552 22.3962)
(4.29728e-07 0.00332319 22.3984)
(4.83868e-07 0.00533553 22.3892)
(5.63293e-07 8.36637e-08 22.3837)
(5.92632e-07 -0.00533569 22.3892)
(5.17174e-07 -0.00332342 22.3984)
(1.76963e-07 0.00108087 22.3992)
(3.85937e-07 0.00174151 22.3962)
(5.41923e-07 3.14909e-07 22.3944)
(6.62529e-07 -0.00174115 22.3962)
(7.37442e-07 -0.00108083 22.3992)
(4.22861e-07 0.000352143 22.3995)
(4.59782e-07 0.000568719 22.3985)
(5.16521e-07 4.17713e-07 22.3979)
(5.57493e-07 -0.000568153 22.3985)
(5.45771e-07 -0.000351994 22.3995)
(1.29264e-07 0.000114823 22.3996)
(3.06422e-07 0.000185776 22.3993)
(4.19692e-07 3.81366e-07 22.3991)
(5.23011e-07 -0.000185212 22.3993)
(6.17696e-07 -0.00011464 22.3996)
(2.36415e-07 3.70807e-05 22.3996)
(2.51901e-07 6.02195e-05 22.3995)
(2.59512e-07 2.47881e-07 22.3995)
(2.60407e-07 -5.99453e-05 22.3995)
(2.2594e-07 -3.70543e-05 22.3996)
(-1.69893e-07 1.15772e-05 22.3997)
(-8.49506e-08 1.87799e-05 22.3996)
(-2.32646e-08 -2.52471e-08 22.3996)
(3.03929e-08 -1.87497e-05 22.3996)
(1.23972e-07 -1.15218e-05 22.3997)
(2.99152e-08 2.64501e-06 22.3997)
(8.42533e-10 4.28311e-06 22.3997)
(2.29333e-08 2.32353e-08 22.3996)
(3.27564e-08 -4.0513e-06 22.3997)
(7.43079e-08 -2.43644e-06 22.3997)
(-4.29334 1.04277 1.36227)
(-2.34554 2.05958 1.18451)
(-1.45843 1.72446 1.01986)
(-0.958981 0.958955 0.912659)
(-0.796827 -8.43389e-06 0.876023)
(-0.958979 -0.958971 0.912659)
(-1.45843 -1.72447 1.01986)
(-2.34553 -2.05959 1.18451)
(-4.29333 -1.04277 1.36227)
(-3.60101 0.865009 3.90441)
(-1.93872 1.71717 3.33893)
(-1.21876 1.45261 2.88258)
(-0.815143 0.815117 2.59685)
(-0.683837 -8.59918e-06 2.50023)
(-0.815141 -0.815133 2.59685)
(-1.21875 -1.45262 2.88258)
(-1.93871 -1.71718 3.33893)
(-3.601 -0.865012 3.90441)
(-1.58877 0.477291 5.37494)
(-1.13987 1.03775 4.76059)
(-0.800148 0.982374 4.23958)
(-0.576634 0.576607 3.90279)
(-0.499394 -8.76012e-06 3.78713)
(-0.576632 -0.576624 3.90279)
(-0.800144 -0.982388 4.23958)
(-1.13986 -1.03776 4.76059)
(-1.58876 -0.477293 5.37494)
(-0.747561 0.250665 5.75543)
(-0.610387 0.581813 5.40954)
(-0.467732 0.594806 5.03477)
(-0.362699 0.362673 4.76649)
(-0.324605 -8.91562e-06 4.67052)
(-0.362697 -0.36269 4.76649)
(-0.467728 -0.59482 5.03477)
(-0.610381 -0.581822 5.40954)
(-0.747555 -0.250668 5.75543)
(-0.361954 0.131405 5.8751)
(-0.315602 0.317099 5.69344)
(-0.257938 0.339317 5.46346)
(-0.212376 0.21235 5.28555)
(-0.19531 -9.02843e-06 5.21971)
(-0.212374 -0.212367 5.28555)
(-0.257934 -0.339331 5.46346)
(-0.315597 -0.317108 5.69344)
(-0.361948 -0.131407 5.8751)
(-0.177613 0.0690046 5.91425)
(-0.160861 0.170166 5.81905)
(-0.137892 0.186908 5.6875)
(-0.118948 0.118922 5.58046)
(-0.111707 -9.09286e-06 5.53989)
(-0.118946 -0.11894 5.58046)
(-0.137888 -0.186922 5.6875)
(-0.160856 -0.170175 5.81905)
(-0.177607 -0.0690077 5.91425)
(-0.0878017 0.0362087 5.92582)
(-0.0815159 0.0903518 5.87578)
(-0.0724423 0.100721 5.80328)
(-0.0647652 0.06474 5.74241)
(-0.0617934 -9.09916e-06 5.71898)
(-0.064763 -0.0647571 5.74241)
(-0.0724382 -0.100736 5.80328)
(-0.0815104 -0.0903608 5.87578)
(-0.0877955 -0.0362117 5.92582)
(-0.0435632 0.0189671 5.92813)
(-0.0411888 0.0476305 5.90189)
(-0.0376685 0.0535391 5.86288)
(-0.034645 0.0346206 5.82949)
(-0.0334655 -9.05347e-06 5.81651)
(-0.0346428 -0.0346376 5.82949)
(-0.0376644 -0.0535532 5.86288)
(-0.0411833 -0.0476395 5.90189)
(-0.043557 -0.0189701 5.92813)
(-0.0214954 0.00996554 5.92756)
(-0.0206796 0.0251003 5.914)
(-0.0194538 0.0283256 5.89352)
(-0.0183927 0.0183693 5.87576)
(-0.0179771 -8.95282e-06 5.8688)
(-0.0183906 -0.0183862 5.87576)
(-0.0194497 -0.0283395 5.89352)
(-0.0206742 -0.0251091 5.914)
(-0.0214893 -0.00996844 5.92756)
(-0.0100859 0.00540393 5.92595)
(-0.0100431 0.0135896 5.91943)
(-0.0099753 0.0152971 5.90935)
(-0.00991784 0.00989552 5.90042)
(-0.00989651 -8.80177e-06 5.89687)
(-0.00991574 -0.00991208 5.90042)
(-0.00997137 -0.0153107 5.90935)
(-0.0100378 -0.0135983 5.91943)
(-0.0100801 -0.00540684 5.92596)
(-0.00327162 0.00344026 5.92304)
(-0.003975 0.00849987 5.92121)
(-0.00501098 0.00931809 5.91781)
(-0.00591033 0.00588927 5.91432)
(-0.00627001 -8.5985e-06 5.91281)
(-0.00590829 -0.00590544 5.91432)
(-0.00500716 -0.00933134 5.91781)
(-0.00396988 -0.00850831 5.92121)
(-0.00326587 -0.00344303 5.92304)
(0.00311671 0.00357827 5.91666)
(0.000911253 0.00836244 5.92013)
(-0.00222731 0.00840002 5.92322)
(-0.0049123 0.00489263 5.92424)
(-0.00599409 -8.3447e-06 5.92422)
(-0.00491033 -0.00490832 5.92424)
(-0.00222363 -0.00841286 5.92322)
(0.000916197 -0.00837068 5.92014)
(0.00312221 -0.00358101 5.91666)
(0.0145696 0.00691646 5.90102)
(0.00827412 0.01506 5.91538)
(-2.82552e-05 0.0134199 5.92927)
(-0.00691182 0.00689367 5.93622)
(-0.00972713 -8.04029e-06 5.93772)
(-0.00690994 -0.00690877 5.93622)
(-2.47383e-05 -0.0134323 5.92927)
(0.00827883 -0.0150678 5.91538)
(0.0145749 -0.00691904 5.90102)
(0.0444354 0.0179368 5.86232)
(0.0253354 0.0366184 5.90542)
(0.00359201 0.0292452 5.94219)
(-0.0133558 0.0133392 5.9591)
(-0.0204667 -7.68364e-06 5.96236)
(-0.013354 -0.0133537 5.95911)
(0.00359535 -0.029257 5.94219)
(0.0253399 -0.036626 5.90542)
(0.0444404 -0.0179393 5.86232)
(0.135288 0.0500208 5.77465)
(0.0700682 0.0949345 5.89476)
(0.0127768 0.0671027 5.97705)
(-0.0270782 0.0270634 6.0093)
(-0.0444985 -7.27548e-06 6.01396)
(-0.0270765 -0.0270771 6.0093)
(0.0127799 -0.0671138 5.97705)
(0.0700724 -0.0949416 5.89476)
(0.135293 -0.0500231 5.77466)
(0.443351 0.138045 5.64316)
(0.184659 0.239009 5.92853)
(0.0353235 0.143783 6.06965)
(-0.0502675 0.0502546 6.11468)
(-0.0899799 -6.81146e-06 6.11865)
(-0.050266 -0.0502673 6.11469)
(0.0353264 -0.143793 6.06965)
(0.184663 -0.239016 5.92854)
(0.443355 -0.138047 5.64317)
(1.61363 0.33539 5.9957)
(0.423022 0.52142 6.19297)
(0.0738676 0.253253 6.27792)
(-0.0760695 0.0760585 6.30222)
(-0.150828 -6.29489e-06 6.30357)
(-0.076068 -0.0760703 6.30222)
(0.0738703 -0.253263 6.27792)
(0.423026 -0.521426 6.19297)
(1.61364 -0.335392 5.99571)
(1.61378 0.335312 6.84351)
(0.423166 0.521222 6.64589)
(0.0740143 0.253027 6.56041)
(-0.0759204 0.0759116 6.53563)
(-0.150679 -5.71982e-06 6.53409)
(-0.0759192 -0.0759223 6.53564)
(0.0740167 -0.253036 6.56041)
(0.423169 -0.521227 6.64589)
(1.61378 -0.335314 6.84351)
(0.443842 0.137772 7.19613)
(0.185157 0.238319 6.91024)
(0.0358318 0.142998 6.76833)
(-0.0497501 0.0497435 6.7226)
(-0.089459 -5.09272e-06 6.71836)
(-0.049749 -0.049753 6.7226)
(0.0358339 -0.143006 6.76833)
(0.185159 -0.238324 6.91024)
(0.443845 -0.137774 7.19613)
(0.136348 0.0494227 7.06485)
(0.0711466 0.0934211 6.9438)
(0.0138834 0.0653833 6.86008)
(-0.025947 0.0259428 6.82657)
(-0.0433578 -4.40832e-06 6.82141)
(-0.025946 -0.025951 6.82657)
(0.0138851 -0.0653899 6.86009)
(0.071149 -0.0934253 6.94381)
(0.13635 -0.0494241 7.06485)
(0.0465375 0.0167254 6.97764)
(0.0274849 0.0335529 6.93272)
(0.00581387 0.0257624 6.89317)
(-0.0110706 0.0110689 6.87382)
(-0.0181569 -3.67912e-06 6.8696)
(-0.0110698 -0.0110758 6.87382)
(0.00581533 -0.0257678 6.89318)
(0.0274868 -0.0335563 6.93273)
(0.0465396 -0.0167266 6.97765)
(0.0186434 0.00450345 6.93991)
(0.0124685 0.00895388 6.92196)
(0.00435042 0.00648393 6.90258)
(-0.00237181 0.0023728 6.89081)
(-0.00512401 -2.90221e-06 6.88742)
(-0.0023712 -0.00237821 6.89082)
(0.00435154 -0.0064882 6.90258)
(0.01247 -0.00895655 6.92197)
(0.018645 -0.00450435 6.93991)
(0.0109364 -0.00122031 6.92634)
(0.0090373 -0.00377918 6.91571)
(0.00636734 -0.00538577 6.90168)
(0.00409201 -0.00408822 6.89107)
(0.00317072 -2.09511e-06 6.88732)
(0.00409244 0.00408434 6.89108)
(0.00636811 0.00538274 6.90168)
(0.00903829 0.00377737 6.91571)
(0.0109375 0.00121974 6.92635)
(0.0116243 -0.00613014 6.9245)
(0.0116975 -0.0157134 6.91194)
(0.0118519 -0.0181507 6.89333)
(0.0119901 -0.0119834 6.87764)
(0.0120361 -1.25173e-06 6.87164)
(0.0119903 0.0119811 6.87765)
(0.0118524 0.018149 6.89334)
(0.011698 0.0157124 6.91195)
(0.0116249 0.00612982 6.9245)
(0.0180231 -0.013774 6.93166)
(0.020029 -0.0349421 6.9091)
(0.0231186 -0.0396822 6.87452)
(0.0257946 -0.025785 6.84486)
(0.0268347 -3.85206e-07 6.8334)
(0.0257947 0.0257844 6.84486)
(0.0231188 0.0396818 6.87453)
(0.0200291 0.034942 6.90911)
(0.0180232 0.0137741 6.93166)
(0.030852 -0.0286847 6.95284)
(0.0365973 -0.0728497 6.90727)
(0.0454886 -0.082394 6.83591)
(0.0531221 -0.0531096 6.77569)
(0.0560694 5.41802e-07 6.75275)
(0.053122 0.0531107 6.77569)
(0.0454885 0.082395 6.83591)
(0.036597 0.0728504 6.90727)
(0.0308517 0.028685 6.95285)
(0.052071 -0.0593482 7.00452)
(0.0666539 -0.151875 6.91045)
(0.0896031 -0.171266 6.7564)
(0.108961 -0.108946 6.63193)
(0.116322 1.54514e-06 6.5861)
(0.108961 0.108948 6.63194)
(0.0896028 0.171268 6.7564)
(0.0666534 0.151877 6.91046)
(0.0520704 0.0593487 7.00452)
(0.0820171 -0.122746 7.12716)
(0.117652 -0.320968 6.93665)
(0.175907 -0.360915 6.58715)
(0.223423 -0.223404 6.33092)
(0.241023 2.72817e-06 6.24242)
(0.223422 0.22341 6.33092)
(0.175906 0.360919 6.58716)
(0.117651 0.32097 6.93666)
(0.0820161 0.122747 7.12717)
(0.11138 -0.249857 7.41218)
(0.194133 -0.691887 7.06061)
(0.341189 -0.776999 6.20195)
(0.453696 -0.453675 5.69445)
(0.493628 4.03675e-06 5.53848)
(0.453695 0.453682 5.69445)
(0.341188 0.777004 6.20196)
(0.194132 0.69189 7.06061)
(0.111379 0.249858 7.41218)
(0.100402 -0.474315 8.03559)
(0.27201 -1.53119 7.60807)
(0.638921 -1.72707 5.2171)
(0.886897 -0.886873 4.35492)
(0.969315 5.34971e-06 4.13846)
(0.886896 0.886883 4.35492)
(0.63892 1.72708 5.2171)
(0.272007 1.5312 7.60807)
(0.100399 0.474315 8.03559)
(-0.0594434 -0.677375 9.15513)
(0.197165 -3.51038 10.0875)
(1.07223 -4.03015 2.25091)
(1.53234 -1.53231 1.72396)
(1.67238 5.94841e-06 1.60547)
(1.53234 1.53232 1.72396)
(1.07223 4.03016 2.25091)
(0.197161 3.51038 10.0875)
(-0.0594472 0.677375 9.15513)
(-0.543472 0.458051 9.63555)
(-0.628469 0.458051 12.8621)
(-0.628474 -0.458051 12.8621)
(-0.543478 -0.458051 9.63554)
(-1.17385 2.54914 7.42022)
(-1.8496 9.22678 10.3884)
(-3.60752 10.1881 5.08005)
(-4.58373 4.58375 4.87441)
(-4.88134 -6.95067e-08 4.73803)
(-4.58374 -4.58375 4.87441)
(-3.60753 -10.1881 5.08005)
(-1.84961 -9.22678 10.3884)
(-1.17386 -2.54914 7.42021)
(-1.51178 3.42626 2.7097)
(-2.28012 11.5971 3.58682)
(-3.545 11.4757 17.0061)
(-4.24171 4.24172 14.4847)
(-4.44579 -2.77821e-06 13.8224)
(-4.24171 -4.24173 14.4847)
(-3.54501 -11.4757 17.0061)
(-2.28013 -11.5971 3.58682)
(-1.51178 -3.42625 2.7097)
(-1.25084 0.98906 23.3747)
(-1.40005 1.40005 20.3767)
(-1.45856 -4.02133e-06 19.5931)
(-1.40005 -1.40006 20.3767)
(-1.25084 -0.989062 23.3747)
(-0.42793 0.306907 22.7319)
(-0.460136 0.460135 21.8402)
(-0.475049 -3.56206e-06 21.4827)
(-0.460136 -0.460141 21.8402)
(-0.427931 -0.306909 22.7319)
(-0.143884 0.0973588 22.5109)
(-0.150876 0.150874 22.2352)
(-0.154461 -2.21864e-06 22.1001)
(-0.150876 -0.150878 22.2352)
(-0.143884 -0.0973606 22.5109)
(-0.047888 0.0312908 22.4365)
(-0.0494125 0.0494117 22.3493)
(-0.0502464 -1.1669e-06 22.3018)
(-0.0494128 -0.0494142 22.3493)
(-0.0478887 -0.0312921 22.4365)
(-0.0158407 0.0101338 22.4118)
(-0.0161739 0.0161738 22.3838)
(-0.0163639 -3.03107e-07 22.3677)
(-0.0161739 -0.0161746 22.3838)
(-0.0158407 -0.0101344 22.4118)
(-0.00521955 0.00329628 22.4036)
(-0.0052925 0.00529279 22.3946)
(-0.00533529 1.12038e-07 22.3892)
(-0.00529255 -0.00529294 22.3946)
(-0.00521964 -0.00329654 22.4036)
(-0.00171573 0.00107496 22.401)
(-0.00173152 0.00173212 22.398)
(-0.00174096 4.34929e-07 22.3962)
(-0.00173133 -0.00173152 22.398)
(-0.0017153 -0.0010748 22.401)
(-0.000562562 0.000350865 22.4001)
(-0.000565966 0.000566645 22.3991)
(-0.000568065 4.58005e-07 22.3985)
(-0.000565942 -0.000566028 22.3991)
(-0.000562409 -0.000350707 22.4001)
(-0.000184236 0.000114586 22.3998)
(-0.000184806 0.000185439 22.3995)
(-0.000185175 4.84358e-07 22.3993)
(-0.000184612 -0.000184647 22.3995)
(-0.000183753 -0.000114279 22.3998)
(-5.96981e-05 3.70449e-05 22.3997)
(-5.98049e-05 6.01221e-05 22.3996)
(-5.99315e-05 2.48515e-07 22.3995)
(-5.98408e-05 -5.98534e-05 22.3996)
(-5.96315e-05 -3.70247e-05 22.3997)
(-1.89895e-05 1.1599e-05 22.3997)
(-1.88267e-05 1.88464e-05 22.3997)
(-1.87454e-05 2.83137e-08 22.3996)
(-1.86808e-05 -1.86844e-05 22.3997)
(-1.85955e-05 -1.14654e-05 22.3997)
(-4.14235e-06 2.6439e-06 22.3997)
(-4.08431e-06 4.28416e-06 22.3997)
(-4.05046e-06 3.30169e-08 22.3997)
(-4.03348e-06 -4.03405e-06 22.3997)
(-3.89126e-06 -2.42681e-06 22.3997)
(-6.22679 7.6399 1.8885)
(-4.03716 4.3242 1.48866)
(-2.76887 2.76885 1.19948)
(-1.72448 1.45841 1.01986)
(-1.38232 -7.56208e-06 0.959797)
(-1.72448 -1.45842 1.01986)
(-2.76887 -2.76886 1.19948)
(-4.03716 -4.32421 1.48866)
(-6.22679 -7.63991 1.8885)
(-5.1842 7.24006 6.07523)
(-3.32711 3.63517 4.25358)
(-2.30007 2.30005 3.37928)
(-1.45263 1.21873 2.88258)
(-1.1765 -7.69137e-06 2.72099)
(-1.45263 -1.21874 2.88258)
(-2.30007 -2.30006 3.37928)
(-3.3271 -3.63518 4.25358)
(-5.18419 -7.24007 6.07523)
(-2.45538 0.818251 7.65385)
(-1.90117 1.62825 5.76445)
(-1.39787 1.39785 4.80387)
(-0.982395 0.800121 4.23958)
(-0.834638 -7.82289e-06 4.05285)
(-0.982393 -0.800136 4.23958)
(-1.39787 -1.39786 4.80387)
(-1.90117 -1.62825 5.76445)
(-2.45537 -0.818254 7.65385)
(-1.17667 0.350661 6.67219)
(-0.991531 0.78519 6.01864)
(-0.775195 0.775174 5.43589)
(-0.594827 0.467705 5.03477)
(-0.527508 -7.9521e-06 4.89368)
(-0.594825 -0.46772 5.03477)
(-0.775192 -0.775187 5.43589)
(-0.991527 -0.785198 6.01864)
(-1.17667 -0.350663 6.67219)
(-0.568969 0.164706 6.29117)
(-0.502451 0.391953 6.02152)
(-0.414004 0.413984 5.70466)
(-0.339338 0.257912 5.46346)
(-0.310778 -8.04641e-06 5.37482)
(-0.339336 -0.257927 5.46346)
(-0.414001 -0.413996 5.70466)
(-0.502446 -0.391962 6.02151)
(-0.568964 -0.164709 6.29117)
(-0.277426 0.0810015 6.11271)
(-0.25252 0.198677 5.98872)
(-0.217138 0.217118 5.82213)
(-0.186928 0.137866 5.6875)
(-0.175225 -8.09991e-06 5.63663)
(-0.186926 -0.137881 5.6875)
(-0.217135 -0.21713 5.82213)
(-0.252516 -0.198686 5.98872)
(-0.277421 -0.0810043 6.11271)
(-0.136294 0.0407108 6.02249)
(-0.126779 0.101371 5.96216)
(-0.112791 0.112771 5.87568)
(-0.100741 0.0724172 5.80328)
(-0.0960399 -8.10463e-06 5.77545)
(-0.100739 -0.0724324 5.80328)
(-0.112788 -0.112784 5.87568)
(-0.126775 -0.101379 5.96216)
(-0.136289 -0.0407134 6.02249)
(-0.0673086 0.0206687 5.97584)
(-0.0636841 0.0518594 5.94568)
(-0.0582601 0.0582409 5.90104)
(-0.0535583 0.0376441 5.86288)
(-0.0517161 -8.06394e-06 5.84805)
(-0.0535566 -0.0376593 5.86288)
(-0.0582569 -0.0582535 5.90104)
(-0.0636798 -0.0518675 5.94568)
(-0.067304 -0.0206714 5.97584)
(-0.0331277 0.0105508 5.95161)
(-0.0318759 0.0265657 5.93637)
(-0.0299866 0.0299682 5.91342)
(-0.028344 0.0194303 5.89352)
(-0.0276996 -7.97667e-06 5.88573)
(-0.0283424 -0.0194454 5.89352)
(-0.0299834 -0.0299805 5.91342)
(-0.0318717 -0.0265736 5.93638)
(-0.033123 -0.0105534 5.95161)
(-0.0156006 0.00543686 5.93898)
(-0.0155233 0.0136733 5.93138)
(-0.0154076 0.01539 5.91969)
(-0.0153146 0.00995302 5.90936)
(-0.0152823 -7.84419e-06 5.90525)
(-0.0153129 -0.00996779 5.90936)
(-0.0154045 -0.0154022 5.91969)
(-0.0155192 -0.0136811 5.93138)
(-0.0155962 -0.0054395 5.93898)
(-0.00539598 0.00294752 5.93229)
(-0.00641769 0.00727445 5.92891)
(-0.00796074 0.00794414 5.92326)
(-0.00933466 0.00498995 5.91781)
(-0.00989595 -7.66759e-06 5.91551)
(-0.00933305 -0.00500438 5.91781)
(-0.00795773 -0.00795599 5.92326)
(-0.00641367 -0.00728202 5.92891)
(-0.00539156 -0.00295001 5.93229)
(0.00339053 0.00206111 5.92847)
(0.000295493 0.00464612 5.9283)
(-0.00430787 0.00429233 5.92642)
(-0.00841553 0.00220767 5.92322)
(-0.0101313 -7.4449e-06 5.92144)
(-0.00841397 -0.00222167 5.92322)
(-0.00430495 -0.00430381 5.92642)
(0.000299347 -0.00465355 5.9283)
(0.00339473 -0.00206362 5.92847)
(0.0170367 0.00277182 5.92603)
(0.00887148 0.0052221 5.93042)
(-0.00288239 0.00286802 5.93223)
(-0.0134343 1.01237e-05 5.92927)
(-0.0180682 -7.17918e-06 5.92641)
(-0.0134328 -2.36202e-05 5.92927)
(-0.00287959 -0.00287906 5.93223)
(0.00887521 -0.00522915 5.93042)
(0.0170408 -0.00277414 5.92603)
(0.0469971 0.00645066 5.92561)
(0.0256559 0.0108453 5.93984)
(-0.00316357 0.00315044 5.94756)
(-0.0292583 -0.00360852 5.94219)
(-0.0418546 -6.86478e-06 5.93475)
(-0.0292569 0.00359563 5.94219)
(-0.0031609 -0.00316098 5.94756)
(0.0256594 -0.0108521 5.93984)
(0.0470009 -0.00645297 5.92561)
(0.118596 0.0170045 5.93597)
(0.0623618 0.0271724 5.97112)
(-0.00523424 0.00522247 5.98905)
(-0.0671144 -0.0127915 5.97705)
(-0.102381 -6.50644e-06 5.95732)
(-0.0671131 0.0127793 5.97705)
(-0.00523174 -0.00523244 5.98905)
(0.0623652 -0.0271787 5.97112)
(0.1186 -0.0170066 5.93597)
(0.283184 0.0416004 5.99764)
(0.136198 0.0639229 6.06181)
(-0.00908563 0.00907528 6.09041)
(-0.143793 -0.0353365 6.06965)
(-0.244012 -6.09548e-06 6.02932)
(-0.143792 0.035325 6.06965)
(-0.00908328 -0.0090846 6.09041)
(0.136201 -0.0639289 6.06181)
(0.283188 -0.0416024 5.99764)
(0.588028 0.0811718 6.23465)
(0.242814 0.119941 6.27415)
(-0.0130778 0.013069 6.29048)
(-0.253262 -0.0738786 6.27792)
(-0.512169 -5.63934e-06 6.25179)
(-0.253261 0.073868 6.27792)
(-0.0130757 -0.0130776 6.29048)
(0.242817 -0.119946 6.27415)
(0.588031 -0.0811736 6.23466)
(0.588245 0.0810945 6.60501)
(0.243033 0.119745 6.56517)
(-0.0128543 0.0128471 6.54832)
(-0.253035 -0.0740232 6.56041)
(-0.511941 -5.1275e-06 6.58636)
(-0.253034 0.0740136 6.56041)
(-0.0128523 -0.0128549 6.54832)
(0.243036 -0.11975 6.56517)
(0.588248 -0.0810962 6.60501)
(0.283933 0.0413325 6.84231)
(0.136957 0.0632449 6.77764)
(-0.00831043 0.00830499 6.74826)
(-0.143004 -0.0358384 6.76833)
(-0.243217 -4.57107e-06 6.8084)
(-0.143003 0.0358299 6.76833)
(-0.00830871 -0.00831191 6.74826)
(0.136959 -0.0632493 6.77764)
(0.283935 -0.0413339 6.84232)
(0.120214 0.0164196 6.90469)
(0.0640083 0.0256924 6.86863)
(-0.00354456 0.00354098 6.84931)
(-0.0653868 -0.0138876 6.86009)
(-0.100638 -3.95984e-06 6.87933)
(-0.065386 0.0138802 6.86009)
(-0.00354307 -0.00354694 6.84931)
(0.0640102 -0.0256962 6.86863)
(0.120216 -0.016421 6.90469)
(0.0502101 0.00527332 6.91651)
(0.0289417 0.00786576 6.90054)
(0.000233399 -0.000234997 6.89015)
(-0.0257639 -0.00581558 6.89318)
(-0.0383221 -3.31006e-06 6.89969)
(-0.0257633 0.0058094 6.89318)
(0.000234622 0.000230042 6.89016)
(0.0289433 -0.00786884 6.90054)
(0.0502119 -0.00527431 6.91652)
(0.023271 0.000445273 6.919)
(0.015291 -0.000665219 6.91121)
(0.00382035 -0.00381985 6.90419)
(-0.00648342 -0.00434945 6.90258)
(-0.01102 -2.61254e-06 6.90364)
(-0.0064829 0.00434458 6.90258)
(0.00382133 0.00381599 6.9042)
(0.0152922 0.000662766 6.91121)
(0.0232723 -0.000446119 6.919)
(0.0153709 -0.00251756 6.92229)
(0.0127473 -0.0069391 6.91578)
(0.00886543 -0.00886274 6.90743)
(0.00538845 -0.00636357 6.90168)
(0.00392009 -1.88696e-06 6.89994)
(0.00538884 0.00636006 6.90168)
(0.00886614 0.00885999 6.90743)
(0.0127483 0.00693747 6.91579)
(0.015372 0.00251706 6.9223)
(0.0174555 -0.00606478 6.92981)
(0.0176329 -0.015525 6.92)
(0.0179282 -0.0179233 6.90548)
(0.0181556 -0.0118453 6.89333)
(0.0182207 -1.11894e-06 6.88874)
(0.0181559 0.0118432 6.89334)
(0.0179287 0.0179217 6.90548)
(0.0176335 0.0155241 6.92)
(0.0174561 0.00606446 6.92981)
(0.0275984 -0.0123275 6.94554)
(0.0307251 -0.0312684 6.92707)
(0.0355351 -0.0355278 6.89878)
(0.0396895 -0.0231091 6.87453)
(0.0413006 -3.22005e-07 6.86515)
(0.0396896 0.0231085 6.87453)
(0.0355353 0.0355275 6.89879)
(0.0307255 0.0312683 6.92707)
(0.0275988 0.0123275 6.94555)
(0.0475541 -0.0245376 6.97741)
(0.0565449 -0.0622823 6.94096)
(0.0704753 -0.0704658 6.88404)
(0.0824035 -0.0454762 6.83591)
(0.0870001 5.47233e-07 6.81756)
(0.0824036 0.0454772 6.83591)
(0.0704754 0.0704668 6.88404)
(0.056545 0.062283 6.94097)
(0.0475541 0.0245378 6.97741)
(0.0808155 -0.0487738 7.04164)
(0.103982 -0.124643 6.96947)
(0.140591 -0.140579 6.85168)
(0.171278 -0.0895878 6.7564)
(0.182897 1.49322e-06 6.72127)
(0.171277 0.0895906 6.7564)
(0.140591 0.140581 6.85168)
(0.103982 0.124644 6.96948)
(0.0808153 0.0487743 7.04165)
(0.128963 -0.0967062 7.17089)
(0.187181 -0.252247 7.03102)
(0.283554 -0.28354 6.77429)
(0.360928 -0.175889 6.58715)
(0.389324 2.59873e-06 6.52271)
(0.360928 0.175894 6.58716)
(0.283553 0.283543 6.77429)
(0.187181 0.252249 7.03102)
(0.128963 0.0967068 7.1709)
(0.180328 -0.188648 7.42795)
(0.322547 -0.521246 7.17957)
(0.584457 -0.584441 6.55771)
(0.777015 -0.341169 6.20195)
(0.844019 3.76627e-06 6.0947)
(0.777014 0.341176 6.20196)
(0.584456 0.584446 6.55771)
(0.322546 0.521249 7.17958)
(0.180327 0.188648 7.42796)
(0.17804 -0.345084 7.91587)
(0.501414 -1.12249 7.62533)
(1.26118 -1.26116 5.8089)
(1.72709 -0.638898 5.2171)
(1.87607 4.82038e-06 5.07786)
(1.72709 0.638907 5.2171)
(1.26118 1.26117 5.8089)
(0.501412 1.1225 7.62534)
(0.178038 0.345085 7.91588)
(-0.0513333 -0.479188 8.68657)
(0.52664 -2.62823 9.42743)
(2.99269 -2.99267 2.61079)
(4.03017 -1.0722 2.25091)
(4.32786 5.127e-06 2.17749)
(4.03017 1.07221 2.25091)
(2.99269 2.99268 2.6108)
(0.526636 2.62823 9.42743)
(-0.0513367 0.479188 8.68657)
(-0.855618 0.395772 8.81297)
(-0.946461 0.395772 11.3207)
(-0.946466 -0.395773 11.3207)
(-0.855622 -0.395773 8.81296)
(-1.96444 2.02856 6.69954)
(-3.40766 7.32766 9.12524)
(-8.0593 8.05931 5.07776)
(-10.1881 3.60754 5.08005)
(-10.7934 -9.06135e-07 5.01523)
(-10.1881 -3.60754 5.08005)
(-8.0593 -8.05931 5.07776)
(-3.40766 -7.32766 9.12523)
(-1.96444 -2.02856 6.69954)
(-2.59316 2.82146 2.45663)
(-4.49425 9.94879 3.24953)
(-9.88983 9.88984 18.8852)
(-11.4757 3.54501 17.0061)
(-11.8514 -2.98639e-06 16.5285)
(-11.4757 -3.54502 17.0061)
(-9.88983 -9.88984 18.8851)
(-4.49425 -9.94879 3.24952)
(-2.59316 -2.82146 2.45662)
(-0.881199 0.881201 25.8524)
(-0.989059 1.25084 23.3747)
(-1.03041 -4.10422e-06 22.7353)
(-0.989059 -1.25085 23.3747)
(-0.8812 -0.881203 25.8524)
(-0.284794 0.284793 23.5204)
(-0.306907 0.427929 22.7319)
(-0.317 -3.72349e-06 22.4134)
(-0.306907 -0.427935 22.7319)
(-0.284794 -0.284796 23.5204)
(-0.0927238 0.0927232 22.7653)
(-0.0973595 0.143882 22.5109)
(-0.0997158 -2.36711e-06 22.3853)
(-0.0973596 -0.143887 22.5109)
(-0.0927242 -0.0927252 22.7653)
(-0.0303042 0.0303036 22.5193)
(-0.0312914 0.0478872 22.4365)
(-0.0318287 -1.38903e-06 22.3912)
(-0.0312916 -0.0478902 22.4365)
(-0.0303046 -0.0303052 22.5193)
(-0.00992164 0.0099214 22.4388)
(-0.010134 0.0158405 22.4118)
(-0.0102549 -3.39863e-07 22.3962)
(-0.0101341 -0.0158415 22.4118)
(-0.00992175 -0.00992204 22.4388)
(-0.00325028 0.00325024 22.4125)
(-0.00329631 0.00521979 22.4036)
(-0.00332327 3.16591e-08 22.3984)
(-0.00329639 -0.00522003 22.4036)
(-0.00325036 -0.00325051 22.4125)
(-0.00106491 0.00106508 22.4039)
(-0.00107479 0.00171628 22.401)
(-0.00108075 5.04426e-07 22.3992)
(-0.00107473 -0.00171549 22.401)
(-0.00106473 -0.0010648 22.4039)
(-0.000348529 0.000348739 22.401)
(-0.000350655 0.000563216 22.4001)
(-0.000351957 4.41708e-07 22.3995)
(-0.000350672 -0.000562497 22.4001)
(-0.000348426 -0.000348461 22.401)
(-0.000114022 0.000114253 22.4001)
(-0.000114356 0.000184837 22.3998)
(-0.000114624 5.75894e-07 22.3996)
(-0.000114264 -0.00018379 22.3998)
(-0.000113766 -0.000113782 22.4001)
(-3.69111e-05 3.69739e-05 22.3998)
(-3.69821e-05 5.99861e-05 22.3997)
(-3.70471e-05 2.11931e-07 22.3996)
(-3.70186e-05 -5.96452e-05 22.3997)
(-3.68389e-05 -3.6845e-05 22.3998)
(-1.16965e-05 1.174e-05 22.3997)
(-1.15556e-05 1.9024e-05 22.3997)
(-1.15189e-05 1.20637e-07 22.3997)
(-1.14632e-05 -1.85998e-05 22.3997)
(-1.14343e-05 -1.14365e-05 22.3997)
(-2.52649e-06 2.70305e-06 22.3997)
(-2.46733e-06 4.375e-06 22.3997)
(-2.43564e-06 7.40624e-08 22.3997)
(-2.42629e-06 -3.89211e-06 22.3997)
(-2.2937e-06 -2.29422e-06 22.3997)
(-6.39247 8.23239 2.40486)
(-5.51751 5.5175 1.89457)
(-4.32421 4.03714 1.48866)
(-2.05959 2.34551 1.18451)
(-1.48931 -6.92863e-06 1.08184)
(-2.05959 -2.34552 1.18451)
(-4.32421 -4.03715 1.48866)
(-5.51751 -5.51751 1.89457)
(-6.39246 -8.2324 2.40486)
(-5.3107 7.7221 7.67582)
(-4.60131 4.6013 5.47492)
(-3.63519 3.32708 4.25358)
(-1.71719 1.93869 3.33893)
(-1.25293 -7.03425e-06 3.04791)
(-1.71719 -1.9387 3.33893)
(-3.63518 -3.3271 4.25358)
(-4.60131 -4.60131 5.47492)
(-5.3107 -7.7221 7.67582)
(-2.42607 1.0315 9.38246)
(-2.09527 2.09526 7.09617)
(-1.62826 1.90115 5.76445)
(-1.03777 1.13984 4.76059)
(-0.839639 -7.14433e-06 4.43612)
(-1.03777 -1.13986 4.76059)
(-1.62826 -1.90116 5.76445)
(-2.09527 -2.09526 7.09617)
(-2.42607 -1.0315 9.38246)
(-1.11994 0.435809 7.64184)
(-0.983305 0.983292 6.80826)
(-0.785203 0.99151 6.01864)
(-0.581826 0.61036 5.40954)
(-0.505373 -7.25295e-06 5.19438)
(-0.581824 -0.610374 5.40954)
(-0.785201 -0.991521 6.01864)
(-0.983303 -0.9833 6.80826)
(-1.11993 -0.435812 7.64184)
(-0.526337 0.197923 6.77435)
(-0.472076 0.472063 6.43245)
(-0.391966 0.50243 6.02152)
(-0.317112 0.315576 5.69344)
(-0.28795 -7.3335e-06 5.57199)
(-0.31711 -0.31559 5.69344)
(-0.391964 -0.502442 6.02152)
(-0.472073 -0.472071 6.43245)
(-0.526335 -0.197925 6.77435)
(-0.251731 0.0939099 6.34692)
(-0.230467 0.230454 6.19473)
(-0.19869 0.2525 5.98872)
(-0.170179 0.160835 5.81905)
(-0.158969 -7.37703e-06 5.75463)
(-0.170178 -0.160849 5.81905)
(-0.198688 -0.252512 5.98872)
(-0.230464 -0.230462 6.19473)
(-0.251728 -0.0939125 6.34692)
(-0.122154 0.0457237 6.13594)
(-0.113867 0.113855 6.06462)
(-0.101384 0.126759 5.96216)
(-0.0903641 0.0814909 5.87578)
(-0.0860237 -7.38048e-06 5.84249)
(-0.0903629 -0.0815048 5.87578)
(-0.101381 -0.126771 5.96216)
(-0.113865 -0.113862 6.06462)
(-0.122151 -0.0457263 6.13594)
(-0.0598733 0.0225916 6.03129)
(-0.0566912 0.056679 5.99679)
(-0.0518716 0.0636649 5.94568)
(-0.0476425 0.0411646 5.90189)
(-0.0459765 -7.34065e-06 5.88485)
(-0.0476414 -0.0411784 5.90189)
(-0.0518695 -0.0636764 5.94568)
(-0.0566886 -0.0566866 5.99679)
(-0.0598708 -0.0225942 6.0313)
(-0.0293568 0.0112173 5.97927)
(-0.0282531 0.0282414 5.96216)
(-0.0265774 0.0318575 5.93638)
(-0.0251118 0.0206563 5.914)
(-0.0245354 -7.26303e-06 5.90523)
(-0.0251107 -0.02067 5.914)
(-0.0265752 -0.0318688 5.93638)
(-0.0282504 -0.0282488 5.96216)
(-0.0293542 -0.0112198 5.97927)
(-0.0138696 0.00548131 5.95369)
(-0.0137939 0.0137826 5.94489)
(-0.0136845 0.0155057 5.93138)
(-0.0136007 0.0100209 5.91943)
(-0.0135735 -7.14066e-06 5.91468)
(-0.0135995 -0.0100344 5.91943)
(-0.0136824 -0.0155169 5.93138)
(-0.0137913 -0.01379 5.94489)
(-0.0138672 -0.00548385 5.95369)
(-0.00507949 0.00241855 5.94203)
(-0.00594572 0.0059351 5.93703)
(-0.00728501 0.00640112 5.92891)
(-0.00851029 0.00395407 5.92122)
(-0.00902401 -6.98341e-06 5.91796)
(-0.00850919 -0.00396723 5.92122)
(-0.00728296 -0.00641196 5.92891)
(-0.00594308 -0.00594214 5.93703)
(-0.00507695 -0.00242092 5.94203)
(0.00190035 0.000483225 5.93909)
(-0.000674036 0.000664032 5.93542)
(-0.00465607 -0.000311008 5.9283)
(-0.00837227 -0.000930804 5.92014)
(-0.00999977 -6.77935e-06 5.91605)
(-0.00837121 0.000918039 5.92014)
(-0.00465413 0.000300455 5.9283)
(-0.000671581 -0.000671007 5.93543)
(0.00190272 -0.000485632 5.93909)
(0.0113557 -0.00124876 5.94462)
(0.0048499 -0.00485913 5.94074)
(-0.00523128 -0.00888582 5.93042)
(-0.015069 -0.00829217 5.91538)
(-0.0198288 -6.54187e-06 5.906)
(-0.015068 0.00827985 5.91538)
(-0.00522936 0.00887572 5.93042)
(0.00485239 0.0048526 5.94074)
(0.0113581 0.00124656 5.94463)
(0.0292621 -0.00340439 5.96388)
(0.0135337 -0.0135422 5.95891)
(-0.0108538 -0.025669 5.93984)
(-0.0366268 -0.0253518 5.90542)
(-0.0516969 -6.25397e-06 5.87805)
(-0.0366258 0.0253401 5.90542)
(-0.010852 0.0256593 5.93984)
(0.013536 0.0135358 5.95891)
(0.0292643 0.00340218 5.96388)
(0.0651496 -0.00621333 6.01084)
(0.028888 -0.0288957 6.0053)
(-0.02718 -0.0623736 5.97112)
(-0.094942 -0.0700829 5.89477)
(-0.149691 -5.93224e-06 5.8118)
(-0.0949411 0.0700718 5.89477)
(-0.0271782 0.0623645 5.97112)
(0.0288903 0.0288898 6.00531)
(0.0651519 0.00621137 6.01084)
(0.129749 -0.00894167 6.1126)
(0.0532539 -0.0532606 6.10899)
(-0.0639296 -0.136208 6.06181)
(-0.239016 -0.184672 5.92854)
(-0.471957 -5.55561e-06 5.70886)
(-0.239015 0.184661 5.92854)
(-0.063928 0.1362 6.06181)
(0.0532559 0.053255 6.10899)
(0.129751 0.00893972 6.1126)
(0.212264 -0.00982388 6.30077)
(0.0796798 -0.0796856 6.29981)
(-0.119946 -0.242823 6.27415)
(-0.521426 -0.423033 6.19298)
(-1.65971 -5.14427e-06 6.03565)
(-0.521425 0.423023 6.19298)
(-0.119945 0.242815 6.27415)
(0.0796818 0.0796806 6.29981)
(0.212266 0.00982221 6.30077)
(0.212455 -0.00989975 6.53941)
(0.0798727 -0.0798775 6.54003)
(-0.11975 -0.24304 6.56517)
(-0.521226 -0.423175 6.64589)
(-1.65951 -4.67457e-06 6.80304)
(-0.521226 0.423166 6.64589)
(-0.119749 0.243033 6.56518)
(0.0798744 0.0798728 6.54003)
(0.212457 0.00989812 6.53941)
(0.130406 -0.00920391 6.7281)
(0.0539206 -0.0539243 6.73122)
(-0.0632486 -0.136962 6.77764)
(-0.238322 -0.185163 6.91024)
(-0.471259 -4.17106e-06 7.12966)
(-0.238322 0.185155 6.91025)
(-0.0632473 0.136956 6.77764)
(0.0539223 0.0539203 6.73122)
(0.130408 0.00920258 6.7281)
(0.0665716 -0.00678314 6.83113)
(0.030335 -0.0303375 6.83579)
(-0.0256949 -0.0640118 6.86863)
(-0.0934235 -0.0711509 6.94381)
(-0.148159 -3.60962e-06 7.0263)
(-0.093423 0.0711441 6.94381)
(-0.0256938 0.0640063 6.86863)
(0.0303364 0.030334 6.83579)
(0.066573 0.00678189 6.83113)
(0.0320866 -0.00454299 6.8807)
(0.0164225 -0.0164238 6.884)
(-0.00786695 -0.0289432 6.90054)
(-0.0335541 -0.0274866 6.93273)
(-0.0485905 -3.01951e-06 6.95922)
(-0.0335536 0.027481 6.93273)
(-0.00786602 0.0289387 6.90054)
(0.0164238 0.016421 6.88401)
(0.032088 0.00454208 6.8807)
(0.0168393 -0.00347657 6.90507)
(0.0104969 -0.0104968 6.90577)
(0.000665336 -0.0152905 6.91121)
(-0.00895376 -0.0124675 6.92197)
(-0.0136277 -2.37626e-06 6.92966)
(-0.00895337 0.0124631 6.92197)
(0.000666038 0.0152869 6.91121)
(0.0104978 0.0104945 6.90577)
(0.0168403 0.00347578 6.90507)
(0.0124445 -0.00384392 6.92053)
(0.0102862 -0.0102847 6.91805)
(0.00694063 -0.0127446 6.91578)
(0.0037807 -0.00903356 6.91571)
(0.00237147 -1.71091e-06 6.91656)
(0.00378101 0.00903038 6.91572)
(0.00694122 0.0127422 6.91579)
(0.010287 0.0102832 6.91805)
(0.0124455 0.00384348 6.92053)
(0.0150501 -0.00595264 6.93672)
(0.0152436 -0.0152406 6.92992)
(0.015528 -0.017628 6.92)
(0.0157163 -0.0116909 6.91195)
(0.0157554 -9.92183e-07 6.90902)
(0.0157165 0.011689 6.91195)
(0.0155284 0.0176266 6.92)
(0.015244 0.0152397 6.92992)
(0.0150507 0.00595235 6.93673)
(0.024234 -0.0106473 6.96176)
(0.0270098 -0.0270054 6.94802)
(0.0312728 -0.0307179 6.92707)
(0.0349464 -0.0200195 6.90911)
(0.0363682 -2.44135e-07 6.90218)
(0.0349466 0.0200191 6.90911)
(0.0312731 0.0307177 6.92707)
(0.0270103 0.0270054 6.94802)
(0.0242346 0.0106474 6.96176)
(0.0419586 -0.0196939 7.00606)
(0.0499343 -0.0499284 6.98053)
(0.0622881 -0.0565354 6.94097)
(0.0728554 -0.0365849 6.90727)
(0.0769245 5.88414e-07 6.89435)
(0.0728555 0.036586 6.90728)
(0.0622883 0.0565364 6.94097)
(0.0499344 0.0499291 6.98053)
(0.0419588 0.0196941 7.00606)
(0.0715057 -0.0361812 7.08593)
(0.0921072 -0.0921 7.04109)
(0.12465 -0.103971 6.96948)
(0.151882 -0.0666387 6.91046)
(0.162182 1.48409e-06 6.88843)
(0.151882 0.0666415 6.91046)
(0.12465 0.103973 6.96948)
(0.0921073 0.0921015 7.0411)
(0.0715059 0.0361818 7.08593)
(0.114472 -0.0645281 7.22668)
(0.166386 -0.166378 7.15522)
(0.252255 -0.187167 7.03102)
(0.320976 -0.117634 6.93666)
(0.346145 2.50214e-06 6.90354)
(0.320976 0.117639 6.93666)
(0.252255 0.187171 7.03102)
(0.166386 0.16638 7.15522)
(0.114472 0.0645287 7.22668)
(0.16071 -0.107638 7.46125)
(0.287767 -0.287758 7.37484)
(0.521255 -0.322531 7.17958)
(0.691896 -0.194113 7.06061)
(0.751064 3.4754e-06 7.02522)
(0.691895 0.194119 7.06061)
(0.521255 0.322536 7.17958)
(0.287767 0.287761 7.37484)
(0.160709 0.107639 7.46126)
(0.159388 -0.150941 7.80393)
(0.448064 -0.448053 7.81216)
(1.1225 -0.501396 7.62534)
(1.5312 -0.271987 7.60807)
(1.66102 4.20069e-06 7.62231)
(1.5312 0.271995 7.60807)
(1.1225 0.501402 7.62534)
(0.448062 0.448056 7.81216)
(0.159386 0.150942 7.80393)
(-0.0462857 -0.0994021 8.12147)
(0.466361 -0.466349 8.63962)
(2.62824 -0.52662 9.42743)
(3.51039 -0.197141 10.0875)
(3.75991 3.98283e-06 10.3279)
(3.51038 0.197149 10.0875)
(2.62823 0.526626 9.42743)
(0.466358 0.466352 8.63962)
(-0.0462879 0.0994023 8.12147)
(-0.77239 0.367208 7.72245)
(-0.857894 0.857908 8.92776)
(-0.395771 0.946482 11.3207)
(-0.45805 0.628492 12.8621)
(-0.480769 2.4627e-06 13.3675)
(-0.45805 -0.628487 12.8621)
(-0.395772 -0.946477 11.3207)
(-0.857898 -0.857905 8.92776)
(-0.772392 -0.367208 7.72244)
(-1.79189 1.10592 5.68268)
(-3.13191 3.13192 6.84064)
(-7.32765 3.40768 9.12523)
(-9.22677 1.84962 10.3884)
(-9.76132 -7.51113e-08 10.7769)
(-9.22677 -1.84962 10.3884)
(-7.32765 -3.40767 9.12523)
(-3.13191 -3.13192 6.84063)
(-1.79189 -1.10591 5.68267)
(-2.40217 1.52517 2.08098)
(-4.30046 4.30047 2.50024)
(-9.94878 4.49426 3.24953)
(-11.5971 2.28014 3.58682)
(-11.982 -1.85156e-06 3.68004)
(-11.5971 -2.28014 3.58682)
(-9.94878 -4.49426 3.24952)
(-4.30045 -4.30046 2.50023)
(-2.40217 -1.52517 2.08098)
(-8.51486 8.51486 2.97027)
(-8.2324 6.39246 2.40486)
(-7.63991 6.22677 1.8885)
(-1.04277 4.29331 1.36227)
(-0.692104 -6.56231e-06 1.19617)
(-1.04277 -4.29333 1.36227)
(-7.63991 -6.22678 1.8885)
(-8.2324 -6.39246 2.40486)
(-8.51486 -8.51486 2.97027)
(-7.94945 7.94945 10.0416)
(-7.7221 5.31069 7.67582)
(-7.24007 5.18418 6.07523)
(-0.865014 3.60098 3.90441)
(-0.577774 -6.65107e-06 3.37066)
(-0.865013 -3.601 3.90441)
(-7.24007 -5.18419 6.07523)
(-7.7221 -5.31069 7.67582)
(-7.94945 -7.94945 10.0416)
(-1.14905 1.14905 11.8446)
(-1.0315 2.42605 9.38246)
(-0.818255 2.45536 7.65385)
(-0.477295 1.58874 5.37494)
(-0.369356 -6.74161e-06 4.80041)
(-0.477294 -1.58875 5.37494)
(-0.818255 -2.45537 7.65385)
(-1.0315 -2.42606 9.38246)
(-1.14905 -1.14905 11.8446)
(-0.487296 0.487292 8.57192)
(-0.435814 1.11992 7.64184)
(-0.350665 1.17665 6.67219)
(-0.250669 0.747535 5.75543)
(-0.21349 -6.8444e-06 5.44537)
(-0.250669 -0.747548 5.75543)
(-0.350664 -1.17667 6.67219)
(-0.435813 -1.11993 7.64184)
(-0.487296 -0.487295 8.57192)
(-0.218972 0.218967 7.15938)
(-0.197927 0.526324 6.77435)
(-0.164711 0.568948 6.29117)
(-0.131409 0.361928 5.8751)
(-0.118359 -6.90566e-06 5.72123)
(-0.131408 -0.361941 5.8751)
(-0.16471 -0.568959 6.29117)
(-0.197926 -0.526332 6.77435)
(-0.218971 -0.21897 7.15938)
(-0.10227 0.102266 6.51689)
(-0.0939142 0.251718 6.34692)
(-0.0810058 0.277406 6.11271)
(-0.0690088 0.177588 5.91425)
(-0.0642536 -6.95314e-06 5.83856)
(-0.0690084 -0.177601 5.91425)
(-0.0810051 -0.277417 6.11271)
(-0.0939133 -0.251726 6.34692)
(-0.102269 -0.102268 6.51689)
(-0.0490013 0.0489971 6.21435)
(-0.045728 0.122141 6.13594)
(-0.040715 0.136274 6.02249)
(-0.0362128 0.087777 5.92582)
(-0.0344289 -6.94236e-06 5.88845)
(-0.0362124 -0.0877901 5.92582)
(-0.0407142 -0.136285 6.02249)
(-0.045727 -0.122149 6.13594)
(-0.0490007 -0.0489999 6.21435)
(-0.023855 0.0238508 6.06864)
(-0.0225957 0.0598611 6.0313)
(-0.0206728 0.0672896 5.97584)
(-0.0189711 0.0435392 5.92813)
(-0.0182982 -6.91585e-06 5.90954)
(-0.0189706 -0.0435523 5.92813)
(-0.0206721 -0.0673006 5.97584)
(-0.0225948 -0.0598689 6.0313)
(-0.0238543 -0.0238537 6.06864)
(-0.0116585 0.0116545 5.99761)
(-0.0112213 0.0293451 5.97927)
(-0.0105548 0.0331094 5.95161)
(-0.00996935 0.0214724 5.92757)
(-0.00973867 -6.82782e-06 5.91813)
(-0.00996891 -0.0214852 5.92757)
(-0.010554 -0.0331202 5.95161)
(-0.0112203 -0.0293526 5.97927)
(-0.0116578 -0.0116572 5.99761)
(-0.00551649 0.00551264 5.96326)
(-0.00548517 0.0138584 5.95369)
(-0.00544065 0.0155833 5.93898)
(-0.00540763 0.010064 5.92596)
(-0.00539752 -6.72636e-06 5.92076)
(-0.00540721 -0.0100767 5.92596)
(-0.00543991 -0.0155939 5.93898)
(-0.00548427 -0.0138659 5.95369)
(-0.00551584 -0.00551542 5.96326)
(-0.00208492 0.00208129 5.94806)
(-0.00242218 0.00506893 5.94203)
(-0.00295109 0.00537957 5.93229)
(-0.00344373 0.00325095 5.92304)
(-0.00365421 -6.56204e-06 5.91909)
(-0.00344331 -0.00326333 5.92304)
(-0.00295031 -0.00538988 5.93229)
(-0.00242122 -0.00507602 5.94203)
(-0.00208418 -0.00208388 5.94806)
(0.000509825 -0.000513272 5.94491)
(-0.000486672 -0.0019103 5.93909)
(-0.00206451 -0.00340591 5.92847)
(-0.00358157 -0.00313603 5.91666)
(-0.00426973 -6.38552e-06 5.91063)
(-0.00358118 0.00312397 5.91666)
(-0.0020638 0.00339582 5.92847)
(-0.000485812 0.00190329 5.93909)
(0.000510498 0.000510679 5.94491)
(0.00373079 -0.00373396 5.95339)
(0.00124558 -0.0113649 5.94462)
(-0.00277494 -0.0170509 5.92603)
(-0.00691949 -0.0145874 5.90102)
(-0.00907021 -6.14433e-06 5.88471)
(-0.00691909 0.0145759 5.90102)
(-0.0027742 0.0170413 5.92603)
(0.0012465 0.0113583 5.94463)
(0.00373154 0.0037316 5.95339)
(0.0092747 -0.00927766 5.9794)
(0.00340144 -0.0292705 5.96388)
(-0.00645357 -0.0470101 5.92561)
(-0.0179396 -0.0444516 5.86232)
(-0.0255534 -5.88992e-06 5.80489)
(-0.0179393 0.0444405 5.86232)
(-0.00645292 0.0470008 5.92561)
(0.00340224 0.0292641 5.96388)
(0.00927538 0.00927532 5.9794)
(0.0192544 -0.019257 6.03646)
(0.00621069 -0.0651572 6.01084)
(-0.0170071 -0.118608 5.93597)
(-0.0500233 -0.135302 5.77466)
(-0.0822266 -5.56826e-06 5.53706)
(-0.050023 0.135292 5.77466)
(-0.0170065 0.118599 5.93598)
(0.00621155 0.0651514 6.01084)
(0.0192551 0.0192549 6.03646)
(0.0348921 -0.0348945 6.14475)
(0.00893929 -0.129755 6.1126)
(-0.0416027 -0.283194 5.99764)
(-0.138047 -0.443364 5.64317)
(-0.300295 -5.2307e-06 4.5193)
(-0.138047 0.443354 5.64317)
(-0.0416021 0.283186 5.99764)
(0.00894002 0.12975 6.1126)
(0.0348928 0.0348925 6.14476)
(0.0514105 -0.0514125 6.31736)
(0.00982186 -0.21227 6.30077)
(-0.0811738 -0.588037 6.23466)
(-0.335392 -1.61364 5.99571)
(-6.27179 -4.82389e-06 5.06423)
(-0.335392 1.61364 5.99571)
(-0.0811732 0.588029 6.23466)
(0.00982263 0.212265 6.30077)
(0.0514113 0.0514108 6.31736)
(0.0514858 -0.0514875 6.52315)
(0.00989805 -0.212459 6.53941)
(-0.0810962 -0.588252 6.60501)
(-0.335314 -1.61379 6.84351)
(-6.27171 -4.39871e-06 7.77481)
(-0.335313 1.61378 6.84351)
(-0.0810957 0.588245 6.60502)
(0.00989867 0.212455 6.53942)
(0.0514864 0.0514859 6.52316)
(0.0351516 -0.0351529 6.69643)
(0.0092026 -0.13041 6.7281)
(-0.0413338 -0.283938 6.84231)
(-0.137773 -0.443848 7.19613)
(-0.300019 -3.90496e-06 8.31975)
(-0.137773 0.443841 7.19614)
(-0.0413333 0.283932 6.84232)
(0.00920326 0.130406 6.7281)
(0.0351523 0.0351516 6.69643)
(0.019816 -0.0198169 6.80637)
(0.00678221 -0.0665741 6.83113)
(-0.0164205 -0.120218 6.90469)
(-0.0494236 -0.136352 7.06485)
(-0.0816216 -3.39313e-06 7.302)
(-0.0494234 0.136346 7.06486)
(-0.0164202 0.120212 6.90469)
(0.00678271 0.0665706 6.83113)
(0.0198165 0.0198157 6.80637)
(0.0103903 -0.0103908 6.86678)
(0.00454251 -0.0320878 6.8807)
(-0.00527377 -0.0502116 6.91651)
(-0.0167259 -0.0465391 6.97765)
(-0.0243263 -2.81774e-06 7.03422)
(-0.0167257 0.0465339 6.97765)
(-0.00527338 0.0502075 6.91652)
(0.00454303 0.0320852 6.8807)
(0.0103909 0.0103899 6.86678)
(0.00589713 -0.00589717 6.89936)
(0.00347653 -0.0168392 6.90507)
(-0.000445303 -0.0232705 6.919)
(-0.00450348 -0.0186425 6.93991)
(-0.00662026 -2.22682e-06 6.95461)
(-0.00450333 0.0186383 6.93991)
(-0.00044504 0.0232671 6.919)
(0.00347688 0.0168371 6.90507)
(0.00589755 0.00589645 6.89936)
(0.00467633 -0.00467586 6.9205)
(0.00384439 -0.012443 6.92053)
(0.00251803 -0.0153682 6.92229)
(0.00122077 -0.0109327 6.92635)
(0.000618856 -1.57752e-06 6.92932)
(0.0012209 0.0109298 6.92635)
(0.0025183 0.015366 6.9223)
(0.00384475 0.0124417 6.92053)
(0.00467677 0.0046755 6.92051)
(0.00587227 -0.00587133 6.9416)
(0.00595359 -0.0150471 6.93672)
(0.00606572 -0.0174505 6.92981)
(0.00613106 -0.0116178 6.9245)
(0.0061388 -9.07227e-07 6.92273)
(0.00613114 0.0116161 6.9245)
(0.00606587 0.0174493 6.92982)
(0.00595379 0.0150464 6.93673)
(0.00587256 0.00587111 6.9416)
(0.00955313 -0.00955166 6.97245)
(0.0106488 -0.0242296 6.96176)
(0.0123289 -0.0275912 6.94554)
(0.0137755 -0.0180137 6.93166)
(0.0143347 -1.69827e-07 6.92632)
(0.0137755 0.0180134 6.93167)
(0.0123291 0.0275912 6.94555)
(0.010649 0.0242298 6.96176)
(0.00955343 0.00955181 6.97245)
(0.0165638 -0.0165619 7.02468)
(0.0196958 -0.0419528 7.00606)
(0.0245395 -0.0475447 6.97741)
(0.0286866 -0.0308398 6.95285)
(0.0302846 6.2165e-07 6.94337)
(0.0286866 0.0308409 6.95285)
(0.0245395 0.0475457 6.97742)
(0.0196959 0.0419535 7.00606)
(0.016564 0.0165622 7.02469)
(0.0281748 -0.0281724 7.11416)
(0.0361836 -0.0714986 7.08593)
(0.0487762 -0.0808038 7.04165)
(0.0593505 -0.052056 7.00452)
(0.0633588 1.49726e-06 6.99049)
(0.0593505 0.0520589 7.00452)
(0.0487762 0.0808062 7.04165)
(0.0361837 0.0715002 7.08593)
(0.0281749 0.028173 7.11416)
(0.0447953 -0.0447926 7.26009)
(0.0645308 -0.114464 7.22668)
(0.0967089 -0.128949 7.17089)
(0.122749 -0.0819995 7.12717)
(0.132344 2.43052e-06 7.11159)
(0.122748 0.082004 7.12717)
(0.0967088 0.128953 7.1709)
(0.0645307 0.114466 7.22668)
(0.0447952 0.0447932 7.2601)
(0.0615931 -0.0615901 7.47287)
(0.107641 -0.160701 7.46125)
(0.18865 -0.180313 7.42795)
(0.249859 -0.11136 7.41218)
(0.271403 3.27529e-06 7.40957)
(0.249859 0.111366 7.41218)
(0.18865 0.180318 7.42796)
(0.107641 0.160703 7.46126)
(0.0615928 0.0615908 7.47287)
(0.0564119 -0.0564088 7.70888)
(0.150944 -0.159378 7.80393)
(0.345087 -0.178023 7.91588)
(0.474317 -0.10038 8.03559)
(0.516694 3.77592e-06 8.0867)
(0.474317 0.100387 8.03559)
(0.345086 0.178028 7.91588)
(0.150943 0.159381 7.80393)
(0.0564112 0.0564094 7.70888)
(-0.0334555 0.0334587 7.7548)
(0.0994053 0.0462968 8.12147)
(0.479191 0.0513517 8.68658)
(0.677377 0.0594659 9.15513)
(0.735798 3.52892e-06 9.33045)
(0.677377 -0.0594591 9.15513)
(0.47919 -0.051346 8.68657)
(0.0994044 -0.046294 8.12147)
(-0.0334562 -0.0334583 7.75479)
(-0.310265 0.310268 7.06736)
(-0.367205 0.772402 7.72245)
(-0.395771 0.855637 8.81297)
(-0.45805 0.543494 9.63555)
(-0.480769 2.29702e-06 9.92737)
(-0.45805 -0.54349 9.63555)
(-0.395772 -0.855632 8.81296)
(-0.367206 -0.772399 7.72244)
(-0.310265 -0.310267 7.06736)
(-0.68854 0.688544 5.06977)
(-1.10591 1.7919 5.68268)
(-2.02856 1.96445 6.69954)
(-2.54914 1.17387 7.42021)
(-2.70431 5.01937e-07 7.66785)
(-2.54913 -1.17387 7.42021)
(-2.02856 -1.96445 6.69954)
(-1.10591 -1.7919 5.68267)
(-0.688539 -0.688541 5.06976)
(-0.923175 0.92318 1.84635)
(-1.52517 2.40218 2.08098)
(-2.82146 2.59317 2.45663)
(-3.42625 1.5118 2.7097)
(-3.5898 -1.10968e-06 2.79455)
(-3.42625 -1.5118 2.7097)
(-2.82146 -2.59317 2.45662)
(-1.52516 -2.40217 2.08098)
(-0.923172 -0.923174 1.84635)
)
;

boundaryField
{
    injectionXMinus
    {
        type            uniformFixedValue;
        uniformValue    constant (-10 0 0);
        value           uniform (-10 0 0);
    }
    injectionXPlus
    {
        type            uniformFixedValue;
        uniformValue    constant (10 0 0);
        value           uniform (10 0 0);
    }
    injectionYMinus
    {
        type            uniformFixedValue;
        uniformValue    constant (0 -10 0);
        value           uniform (0 -10 0);
    }
    injectionYPlus
    {
        type            uniformFixedValue;
        uniformValue    constant (0 10 0);
        value           uniform (0 10 0);
    }
    inletXMinus
    {
        type            uniformFixedValue;
        uniformValue    constant (-10 0 0);
        value           uniform (-10 0 0);
    }
    inletXPlus
    {
        type            uniformFixedValue;
        uniformValue    constant (10 0 0);
        value           uniform (10 0 0);
    }
    inletYMinus
    {
        type            uniformFixedValue;
        uniformValue    constant (0 -10 0);
        value           uniform (0 -10 0);
    }
    inletYPlus
    {
        type            uniformFixedValue;
        uniformValue    constant (0 10 0);
        value           uniform (0 10 0);
    }
    outlet
    {
        type            zeroGradient;
    }
    valve
    {
        type            noSlip;
    }
    walls
    {
        type            noSlip;
    }
}


// ************************************************************************* //
