/*--------------------------------*- C++ -*----------------------------------*\
  =========                 |
  \\      /  F ield         | OpenFOAM: The Open Source CFD Toolbox
   \\    /   O peration     | Website:  https://openfoam.org
    \\  /    A nd           | Version:  6
     \\/     M anipulation  |
\*---------------------------------------------------------------------------*/
FoamFile
{
    version     2.0;
    format      ascii;
    class       vectorField;
    location    "constant/polyMesh";
    object      points;
}
// * * * * * * * * * * * * * * * * * * * * * * * * * * * * * * * * * * * * * //


3932
(
(-0.45 -0.45 -1.7)
(-0.45 -0.35 -1.7)
(-0.45 -0.25 -1.7)
(-0.45 -0.15 -1.7)
(-0.45 -0.05 -1.7)
(-0.45 0.05 -1.7)
(-0.45 0.15 -1.7)
(-0.45 0.25 -1.7)
(-0.45 0.35 -1.7)
(-0.45 0.45 -1.7)
(-0.45 -0.45 -1.6)
(-0.45 -0.35 -1.6)
(-0.45 -0.25 -1.6)
(-0.45 -0.15 -1.6)
(-0.45 -0.05 -1.6)
(-0.45 0.05 -1.6)
(-0.45 0.15 -1.6)
(-0.45 0.25 -1.6)
(-0.45 0.35 -1.6)
(-0.45 0.45 -1.6)
(-0.45 -0.45 -1.5)
(-0.45 -0.35 -1.5)
(-0.45 -0.25 -1.5)
(-0.45 -0.15 -1.5)
(-0.45 -0.05 -1.5)
(-0.45 0.05 -1.5)
(-0.45 0.15 -1.5)
(-0.45 0.25 -1.5)
(-0.45 0.35 -1.5)
(-0.45 0.45 -1.5)
(-0.45 -0.45 -1.4)
(-0.45 -0.35 -1.4)
(-0.45 -0.25 -1.4)
(-0.45 -0.15 -1.4)
(-0.45 -0.05 -1.4)
(-0.45 0.05 -1.4)
(-0.45 0.15 -1.4)
(-0.45 0.25 -1.4)
(-0.45 0.35 -1.4)
(-0.45 0.45 -1.4)
(-0.45 -0.45 -1.3)
(-0.45 -0.35 -1.3)
(-0.45 -0.25 -1.3)
(-0.45 -0.15 -1.3)
(-0.45 -0.05 -1.3)
(-0.45 0.05 -1.3)
(-0.45 0.15 -1.3)
(-0.45 0.25 -1.3)
(-0.45 0.35 -1.3)
(-0.45 0.45 -1.3)
(-0.45 -0.45 -1.2)
(-0.45 -0.35 -1.2)
(-0.45 -0.25 -1.2)
(-0.45 -0.15 -1.2)
(-0.45 -0.05 -1.2)
(-0.45 0.05 -1.2)
(-0.45 0.15 -1.2)
(-0.45 0.25 -1.2)
(-0.45 0.35 -1.2)
(-0.45 0.45 -1.2)
(-0.45 -0.45 -1.1)
(-0.45 -0.35 -1.1)
(-0.45 -0.25 -1.1)
(-0.45 -0.15 -1.1)
(-0.45 -0.05 -1.1)
(-0.45 0.05 -1.1)
(-0.45 0.15 -1.1)
(-0.45 0.25 -1.1)
(-0.45 0.35 -1.1)
(-0.45 0.45 -1.1)
(-0.45 -0.45 -1)
(-0.45 -0.35 -1)
(-0.45 -0.25 -1)
(-0.45 -0.15 -1)
(-0.45 -0.05 -1)
(-0.45 0.05 -1)
(-0.45 0.15 -1)
(-0.45 0.25 -1)
(-0.45 0.35 -1)
(-0.45 0.45 -1)
(-0.45 -0.45 -0.9)
(-0.45 -0.35 -0.9)
(-0.45 -0.25 -0.9)
(-0.45 -0.15 -0.9)
(-0.45 -0.05 -0.9)
(-0.45 0.05 -0.9)
(-0.45 0.15 -0.9)
(-0.45 0.25 -0.9)
(-0.45 0.35 -0.9)
(-0.45 0.45 -0.9)
(-0.45 -0.45 -0.8)
(-0.45 -0.35 -0.8)
(-0.45 -0.25 -0.8)
(-0.45 -0.15 -0.8)
(-0.45 -0.05 -0.8)
(-0.45 0.05 -0.8)
(-0.45 0.15 -0.8)
(-0.45 0.25 -0.8)
(-0.45 0.35 -0.8)
(-0.45 0.45 -0.8)
(-0.45 -0.45 -0.7)
(-0.45 -0.35 -0.7)
(-0.45 -0.25 -0.7)
(-0.45 -0.15 -0.7)
(-0.45 -0.05 -0.7)
(-0.45 0.05 -0.7)
(-0.45 0.15 -0.7)
(-0.45 0.25 -0.7)
(-0.45 0.35 -0.7)
(-0.45 0.45 -0.7)
(-0.45 -0.45 -0.6)
(-0.45 -0.35 -0.6)
(-0.45 -0.25 -0.6)
(-0.45 -0.15 -0.6)
(-0.45 -0.05 -0.6)
(-0.45 0.05 -0.6)
(-0.45 0.15 -0.6)
(-0.45 0.25 -0.6)
(-0.45 0.35 -0.6)
(-0.45 0.45 -0.6)
(-0.45 -0.45 -0.5)
(-0.45 -0.35 -0.5)
(-0.45 -0.25 -0.5)
(-0.45 -0.15 -0.5)
(-0.45 -0.05 -0.5)
(-0.45 0.05 -0.5)
(-0.45 0.15 -0.5)
(-0.45 0.25 -0.5)
(-0.45 0.35 -0.5)
(-0.45 0.45 -0.5)
(-0.45 -0.45 -0.4)
(-0.45 -0.35 -0.4)
(-0.45 -0.25 -0.4)
(-0.45 -0.15 -0.4)
(-0.45 -0.05 -0.4)
(-0.45 0.05 -0.4)
(-0.45 0.15 -0.4)
(-0.45 0.25 -0.4)
(-0.45 0.35 -0.4)
(-0.45 0.45 -0.4)
(-0.45 -0.45 -0.3)
(-0.45 -0.35 -0.3)
(-0.45 -0.25 -0.3)
(-0.45 -0.15 -0.3)
(-0.45 -0.05 -0.3)
(-0.45 0.05 -0.3)
(-0.45 0.15 -0.3)
(-0.45 0.25 -0.3)
(-0.45 0.35 -0.3)
(-0.45 0.45 -0.3)
(-0.45 -0.45 -0.2)
(-0.45 -0.35 -0.2)
(-0.45 -0.25 -0.2)
(-0.45 -0.15 -0.2)
(-0.45 -0.05 -0.2)
(-0.45 0.05 -0.2)
(-0.45 0.15 -0.2)
(-0.45 0.25 -0.2)
(-0.45 0.35 -0.2)
(-0.45 0.45 -0.2)
(-0.45 -0.45 -0.1)
(-0.45 -0.35 -0.1)
(-0.45 -0.25 -0.1)
(-0.45 -0.15 -0.1)
(-0.45 -0.05 -0.1)
(-0.45 0.05 -0.1)
(-0.45 0.15 -0.1)
(-0.45 0.25 -0.1)
(-0.45 0.35 -0.1)
(-0.45 0.45 -0.1)
(-0.45 -0.45 -3.78956e-17)
(-0.45 -0.35 -7.57912e-17)
(-0.45 -0.25 -7.57912e-17)
(-0.45 -0.15 -7.57912e-17)
(-0.45 -0.05 3.78956e-17)
(-0.45 0.05 3.78956e-17)
(-0.45 0.15 -1.89478e-17)
(-0.45 0.25 -7.57912e-17)
(-0.45 0.35 -1.89478e-17)
(-0.45 0.45 -5.68434e-17)
(-0.45 -0.45 0.1)
(-0.45 -0.35 0.1)
(-0.45 -0.25 0.1)
(-0.45 -0.15 0.1)
(-0.45 -0.05 0.1)
(-0.45 0.05 0.1)
(-0.45 0.15 0.1)
(-0.45 0.25 0.1)
(-0.45 0.35 0.1)
(-0.45 0.45 0.1)
(-0.45 -0.45 0.2)
(-0.45 -0.35 0.2)
(-0.45 -0.25 0.2)
(-0.45 -0.15 0.2)
(-0.45 -0.05 0.2)
(-0.45 0.05 0.2)
(-0.45 0.15 0.2)
(-0.45 0.25 0.2)
(-0.45 0.35 0.2)
(-0.45 0.45 0.2)
(-0.45 -0.45 0.3)
(-0.45 -0.35 0.3)
(-0.45 -0.25 0.3)
(-0.45 -0.15 0.3)
(-0.45 -0.05 0.3)
(-0.45 0.05 0.3)
(-0.45 0.15 0.3)
(-0.45 0.25 0.3)
(-0.45 0.35 0.3)
(-0.45 0.45 0.3)
(-0.45 -0.45 0.4)
(-0.45 -0.35 0.4)
(-0.45 -0.25 0.4)
(-0.45 -0.15 0.4)
(-0.45 -0.05 0.4)
(-0.45 0.05 0.4)
(-0.45 0.15 0.4)
(-0.45 0.25 0.4)
(-0.45 0.35 0.4)
(-0.45 0.45 0.4)
(-0.45 -0.45 0.5)
(-0.45 -0.35 0.5)
(-0.45 -0.25 0.5)
(-0.45 -0.15 0.5)
(-0.45 -0.05 0.5)
(-0.45 0.05 0.5)
(-0.45 0.15 0.5)
(-0.45 0.25 0.5)
(-0.45 0.35 0.5)
(-0.45 0.45 0.5)
(-0.45 -0.45 0.6)
(-0.45 -0.35 0.6)
(-0.45 -0.25 0.6)
(-0.45 -0.15 0.6)
(-0.45 -0.05 0.6)
(-0.45 0.05 0.6)
(-0.45 0.15 0.6)
(-0.45 0.25 0.6)
(-0.45 0.35 0.6)
(-0.45 0.45 0.6)
(-0.45 -0.45 0.7)
(-0.45 -0.35 0.7)
(-0.45 -0.25 0.7)
(-0.45 -0.15 0.7)
(-0.45 -0.05 0.7)
(-0.45 0.05 0.7)
(-0.45 0.15 0.7)
(-0.45 0.25 0.7)
(-0.45 0.35 0.7)
(-0.45 0.45 0.7)
(-0.45 -0.45 0.8)
(-0.45 -0.35 0.8)
(-0.45 -0.25 0.8)
(-0.45 -0.15 0.8)
(-0.45 -0.05 0.8)
(-0.45 0.05 0.8)
(-0.45 0.15 0.8)
(-0.45 0.25 0.8)
(-0.45 0.35 0.8)
(-0.45 0.45 0.8)
(-0.45 -0.45 0.9)
(-0.45 -0.35 0.9)
(-0.45 -0.25 0.9)
(-0.45 -0.15 0.9)
(-0.45 -0.05 0.9)
(-0.45 0.05 0.9)
(-0.45 0.15 0.9)
(-0.45 0.25 0.9)
(-0.45 0.35 0.9)
(-0.45 0.45 0.9)
(-0.45 -0.45 1)
(-0.45 -0.35 1)
(-0.45 -0.25 1)
(-0.45 -0.15 1)
(-0.45 -0.05 1)
(-0.45 0.05 1)
(-0.45 0.15 1)
(-0.45 0.25 1)
(-0.45 0.35 1)
(-0.45 0.45 1)
(-0.45 -0.45 1.1)
(-0.45 -0.35 1.1)
(-0.45 -0.25 1.1)
(-0.45 -0.15 1.1)
(-0.45 -0.05 1.1)
(-0.45 0.05 1.1)
(-0.45 0.15 1.1)
(-0.45 0.25 1.1)
(-0.45 0.35 1.1)
(-0.45 0.45 1.1)
(-0.45 -0.45 1.2)
(-0.45 -0.35 1.2)
(-0.45 -0.25 1.2)
(-0.45 -0.15 1.2)
(-0.45 -0.05 1.2)
(-0.45 0.05 1.2)
(-0.45 0.15 1.2)
(-0.45 0.25 1.2)
(-0.45 0.35 1.2)
(-0.45 0.45 1.2)
(-0.45 -0.45 1.3)
(-0.45 -0.35 1.3)
(-0.45 -0.25 1.3)
(-0.45 -0.15 1.3)
(-0.45 -0.05 1.3)
(-0.45 0.05 1.3)
(-0.45 0.15 1.3)
(-0.45 0.25 1.3)
(-0.45 0.35 1.3)
(-0.45 0.45 1.3)
(-0.45 -0.45 1.4)
(-0.45 -0.35 1.4)
(-0.45 -0.25 1.4)
(-0.45 -0.15 1.4)
(-0.45 -0.05 1.4)
(-0.45 0.05 1.4)
(-0.45 0.15 1.4)
(-0.45 0.25 1.4)
(-0.45 0.35 1.4)
(-0.45 0.45 1.4)
(-0.45 -0.45 1.5)
(-0.45 -0.35 1.5)
(-0.45 -0.25 1.5)
(-0.45 -0.15 1.5)
(-0.45 -0.05 1.5)
(-0.45 0.05 1.5)
(-0.45 0.15 1.5)
(-0.45 0.25 1.5)
(-0.45 0.35 1.5)
(-0.45 0.45 1.5)
(-0.45 -0.45 1.6)
(-0.45 -0.35 1.6)
(-0.45 -0.25 1.6)
(-0.45 -0.15 1.6)
(-0.45 -0.05 1.6)
(-0.45 0.05 1.6)
(-0.45 0.15 1.6)
(-0.45 0.25 1.6)
(-0.45 0.35 1.6)
(-0.45 0.45 1.6)
(-0.45 -0.45 1.7)
(-0.45 -0.35 1.7)
(-0.45 -0.25 1.7)
(-0.45 -0.15 1.7)
(-0.45 -0.05 1.7)
(-0.45 0.05 1.7)
(-0.45 0.15 1.7)
(-0.45 0.25 1.7)
(-0.45 0.35 1.7)
(-0.45 0.45 1.7)
(-0.35 -0.45 -1.7)
(-0.35 -0.35 -1.7)
(-0.35 -0.25 -1.7)
(-0.35 -0.15 -1.7)
(-0.35 -0.05 -1.7)
(-0.35 0.05 -1.7)
(-0.35 0.15 -1.7)
(-0.35 0.25 -1.7)
(-0.35 0.35 -1.7)
(-0.35 0.45 -1.7)
(-0.35 -0.45 -1.6)
(-0.35 -0.35 -1.6)
(-0.35 -0.25 -1.6)
(-0.35 -0.15 -1.6)
(-0.35 -0.05 -1.6)
(-0.35 0.05 -1.6)
(-0.35 0.15 -1.6)
(-0.35 0.25 -1.6)
(-0.35 0.35 -1.6)
(-0.35 0.45 -1.6)
(-0.35 -0.45 -1.5)
(-0.35 -0.35 -1.5)
(-0.35 -0.25 -1.5)
(-0.35 -0.15 -1.5)
(-0.35 -0.05 -1.5)
(-0.35 0.05 -1.5)
(-0.35 0.15 -1.5)
(-0.35 0.25 -1.5)
(-0.35 0.35 -1.5)
(-0.35 0.45 -1.5)
(-0.35 -0.45 -1.4)
(-0.35 -0.35 -1.4)
(-0.35 -0.25 -1.4)
(-0.35 -0.15 -1.4)
(-0.35 -0.05 -1.4)
(-0.35 0.05 -1.4)
(-0.35 0.15 -1.4)
(-0.35 0.25 -1.4)
(-0.35 0.35 -1.4)
(-0.35 0.45 -1.4)
(-0.35 -0.45 -1.3)
(-0.35 -0.35 -1.3)
(-0.35 -0.25 -1.3)
(-0.35 -0.15 -1.3)
(-0.35 -0.05 -1.3)
(-0.35 0.05 -1.3)
(-0.35 0.15 -1.3)
(-0.35 0.25 -1.3)
(-0.35 0.35 -1.3)
(-0.35 0.45 -1.3)
(-0.35 -0.45 -1.2)
(-0.35 -0.35 -1.2)
(-0.35 -0.25 -1.2)
(-0.35 -0.15 -1.2)
(-0.35 -0.05 -1.2)
(-0.35 0.05 -1.2)
(-0.35 0.15 -1.2)
(-0.35 0.25 -1.2)
(-0.35 0.35 -1.2)
(-0.35 0.45 -1.2)
(-0.35 -0.45 -1.1)
(-0.35 -0.35 -1.1)
(-0.35 -0.25 -1.1)
(-0.35 -0.15 -1.1)
(-0.35 -0.05 -1.1)
(-0.35 0.05 -1.1)
(-0.35 0.15 -1.1)
(-0.35 0.25 -1.1)
(-0.35 0.35 -1.1)
(-0.35 0.45 -1.1)
(-0.35 -0.45 -1)
(-0.35 -0.35 -1)
(-0.35 -0.25 -1)
(-0.35 -0.15 -1)
(-0.35 -0.05 -1)
(-0.35 0.05 -1)
(-0.35 0.15 -1)
(-0.35 0.25 -1)
(-0.35 0.35 -1)
(-0.35 0.45 -1)
(-0.35 -0.45 -0.9)
(-0.35 -0.35 -0.9)
(-0.35 -0.25 -0.9)
(-0.35 -0.15 -0.9)
(-0.35 -0.05 -0.9)
(-0.35 0.05 -0.9)
(-0.35 0.15 -0.9)
(-0.35 0.25 -0.9)
(-0.35 0.35 -0.9)
(-0.35 0.45 -0.9)
(-0.35 -0.45 -0.8)
(-0.35 -0.35 -0.8)
(-0.35 -0.25 -0.8)
(-0.35 -0.15 -0.8)
(-0.35 -0.05 -0.8)
(-0.35 0.05 -0.8)
(-0.35 0.15 -0.8)
(-0.35 0.25 -0.8)
(-0.35 0.35 -0.8)
(-0.35 0.45 -0.8)
(-0.35 -0.45 -0.7)
(-0.35 -0.35 -0.7)
(-0.35 -0.25 -0.7)
(-0.35 -0.15 -0.7)
(-0.35 -0.05 -0.7)
(-0.35 0.05 -0.7)
(-0.35 0.15 -0.7)
(-0.35 0.25 -0.7)
(-0.35 0.35 -0.7)
(-0.35 0.45 -0.7)
(-0.35 -0.45 -0.6)
(-0.35 -0.35 -0.6)
(-0.35 -0.25 -0.6)
(-0.35 -0.15 -0.6)
(-0.35 -0.05 -0.6)
(-0.35 0.05 -0.6)
(-0.35 0.15 -0.6)
(-0.35 0.25 -0.6)
(-0.35 0.35 -0.6)
(-0.35 0.45 -0.6)
(-0.35 -0.45 -0.5)
(-0.35 -0.35 -0.5)
(-0.35 -0.25 -0.5)
(-0.35 -0.15 -0.5)
(-0.35 -0.05 -0.5)
(-0.35 0.05 -0.5)
(-0.35 0.15 -0.5)
(-0.35 0.25 -0.5)
(-0.35 0.35 -0.5)
(-0.35 0.45 -0.5)
(-0.35 -0.45 -0.4)
(-0.35 -0.35 -0.4)
(-0.35 -0.25 -0.4)
(-0.35 -0.15 -0.4)
(-0.35 -0.05 -0.4)
(-0.35 0.05 -0.4)
(-0.35 0.15 -0.4)
(-0.35 0.25 -0.4)
(-0.35 0.35 -0.4)
(-0.35 0.45 -0.4)
(-0.35 -0.45 -0.3)
(-0.35 -0.35 -0.3)
(-0.35 -0.25 -0.3)
(-0.35 -0.15 -0.3)
(-0.35 -0.05 -0.3)
(-0.35 0.05 -0.3)
(-0.35 0.15 -0.3)
(-0.35 0.25 -0.3)
(-0.35 0.35 -0.3)
(-0.35 0.45 -0.3)
(-0.35 -0.45 -0.2)
(-0.35 -0.35 -0.2)
(-0.35 -0.25 -0.2)
(-0.35 -0.15 -0.2)
(-0.35 -0.05 -0.2)
(-0.35 0.05 -0.2)
(-0.35 0.15 -0.2)
(-0.35 0.25 -0.2)
(-0.35 0.35 -0.2)
(-0.35 0.45 -0.2)
(-0.35 -0.45 -0.1)
(-0.35 -0.35 -0.1)
(-0.35 -0.25 -0.1)
(-0.35 -0.15 -0.1)
(-0.35 -0.05 -0.1)
(-0.35 0.05 -0.1)
(-0.35 0.15 -0.1)
(-0.35 0.25 -0.1)
(-0.35 0.35 -0.1)
(-0.35 0.45 -0.1)
(-0.35 -0.45 -3.78956e-17)
(-0.35 -0.35 -7.57912e-17)
(-0.35 -0.25 -7.57912e-17)
(-0.35 -0.15 -1.51582e-16)
(-0.35 -0.05 -3.78956e-17)
(-0.35 0.05 -3.78956e-17)
(-0.35 0.15 1.89478e-17)
(-0.35 0.25 -7.57912e-17)
(-0.35 0.35 -9.4739e-17)
(-0.35 0.45 -1.89478e-17)
(-0.35 -0.45 0.1)
(-0.35 -0.35 0.1)
(-0.35 -0.25 0.1)
(-0.35 -0.15 0.1)
(-0.35 -0.05 0.1)
(-0.35 0.05 0.1)
(-0.35 0.15 0.1)
(-0.35 0.25 0.1)
(-0.35 0.35 0.1)
(-0.35 0.45 0.1)
(-0.35 -0.45 0.2)
(-0.35 -0.35 0.2)
(-0.35 -0.25 0.2)
(-0.35 -0.15 0.2)
(-0.35 -0.05 0.2)
(-0.35 0.05 0.2)
(-0.35 0.15 0.2)
(-0.35 0.25 0.2)
(-0.35 0.35 0.2)
(-0.35 0.45 0.2)
(-0.35 -0.45 0.3)
(-0.35 -0.35 0.3)
(-0.35 -0.25 0.3)
(-0.35 -0.15 0.3)
(-0.35 -0.05 0.3)
(-0.35 0.05 0.3)
(-0.35 0.15 0.3)
(-0.35 0.25 0.3)
(-0.35 0.35 0.3)
(-0.35 0.45 0.3)
(-0.35 -0.45 0.4)
(-0.35 -0.35 0.4)
(-0.35 -0.25 0.4)
(-0.35 -0.15 0.4)
(-0.35 -0.05 0.4)
(-0.35 0.05 0.4)
(-0.35 0.15 0.4)
(-0.35 0.25 0.4)
(-0.35 0.35 0.4)
(-0.35 0.45 0.4)
(-0.35 -0.45 0.5)
(-0.35 -0.35 0.5)
(-0.35 -0.25 0.5)
(-0.35 -0.15 0.5)
(-0.35 -0.05 0.5)
(-0.35 0.05 0.5)
(-0.35 0.15 0.5)
(-0.35 0.25 0.5)
(-0.35 0.35 0.5)
(-0.35 0.45 0.5)
(-0.35 -0.45 0.6)
(-0.35 -0.35 0.6)
(-0.35 -0.25 0.6)
(-0.35 -0.15 0.6)
(-0.35 -0.05 0.6)
(-0.35 0.05 0.6)
(-0.35 0.15 0.6)
(-0.35 0.25 0.6)
(-0.35 0.35 0.6)
(-0.35 0.45 0.6)
(-0.35 -0.45 0.7)
(-0.35 -0.35 0.7)
(-0.35 -0.25 0.7)
(-0.35 -0.15 0.7)
(-0.35 -0.05 0.7)
(-0.35 0.05 0.7)
(-0.35 0.15 0.7)
(-0.35 0.25 0.7)
(-0.35 0.35 0.7)
(-0.35 0.45 0.7)
(-0.35 -0.45 0.8)
(-0.35 -0.35 0.8)
(-0.35 -0.25 0.8)
(-0.35 -0.15 0.8)
(-0.35 -0.05 0.8)
(-0.35 0.05 0.8)
(-0.35 0.15 0.8)
(-0.35 0.25 0.8)
(-0.35 0.35 0.8)
(-0.35 0.45 0.8)
(-0.35 -0.45 0.9)
(-0.35 -0.35 0.9)
(-0.35 -0.25 0.9)
(-0.35 -0.15 0.9)
(-0.35 -0.05 0.9)
(-0.35 0.05 0.9)
(-0.35 0.15 0.9)
(-0.35 0.25 0.9)
(-0.35 0.35 0.9)
(-0.35 0.45 0.9)
(-0.35 -0.45 1)
(-0.35 -0.35 1)
(-0.35 -0.25 1)
(-0.35 -0.15 1)
(-0.35 -0.05 1)
(-0.35 0.05 1)
(-0.35 0.15 1)
(-0.35 0.25 1)
(-0.35 0.35 1)
(-0.35 0.45 1)
(-0.35 -0.45 1.1)
(-0.35 -0.35 1.1)
(-0.35 -0.25 1.1)
(-0.35 -0.15 1.1)
(-0.35 -0.05 1.1)
(-0.35 0.05 1.1)
(-0.35 0.15 1.1)
(-0.35 0.25 1.1)
(-0.35 0.35 1.1)
(-0.35 0.45 1.1)
(-0.35 -0.45 1.2)
(-0.35 -0.35 1.2)
(-0.35 -0.25 1.2)
(-0.35 -0.15 1.2)
(-0.35 -0.05 1.2)
(-0.35 0.05 1.2)
(-0.35 0.15 1.2)
(-0.35 0.25 1.2)
(-0.35 0.35 1.2)
(-0.35 0.45 1.2)
(-0.35 -0.45 1.3)
(-0.35 -0.35 1.3)
(-0.35 -0.25 1.3)
(-0.35 -0.15 1.3)
(-0.35 -0.05 1.3)
(-0.35 0.05 1.3)
(-0.35 0.15 1.3)
(-0.35 0.25 1.3)
(-0.35 0.35 1.3)
(-0.35 0.45 1.3)
(-0.35 -0.45 1.4)
(-0.35 -0.35 1.4)
(-0.35 -0.25 1.4)
(-0.35 -0.15 1.4)
(-0.35 -0.05 1.4)
(-0.35 0.05 1.4)
(-0.35 0.15 1.4)
(-0.35 0.25 1.4)
(-0.35 0.35 1.4)
(-0.35 0.45 1.4)
(-0.35 -0.45 1.5)
(-0.35 -0.35 1.5)
(-0.35 -0.25 1.5)
(-0.35 -0.15 1.5)
(-0.35 -0.05 1.5)
(-0.35 0.05 1.5)
(-0.35 0.15 1.5)
(-0.35 0.25 1.5)
(-0.35 0.35 1.5)
(-0.35 0.45 1.5)
(-0.35 -0.45 1.6)
(-0.35 -0.35 1.6)
(-0.35 -0.25 1.6)
(-0.35 -0.15 1.6)
(-0.35 -0.05 1.6)
(-0.35 0.05 1.6)
(-0.35 0.15 1.6)
(-0.35 0.25 1.6)
(-0.35 0.35 1.6)
(-0.35 0.45 1.6)
(-0.35 -0.45 1.7)
(-0.35 -0.35 1.7)
(-0.35 -0.25 1.7)
(-0.35 -0.15 1.7)
(-0.35 -0.05 1.7)
(-0.35 0.05 1.7)
(-0.35 0.15 1.7)
(-0.35 0.25 1.7)
(-0.35 0.35 1.7)
(-0.35 0.45 1.7)
(-0.25 -0.45 -1.7)
(-0.25 -0.35 -1.7)
(-0.25 -0.25 -1.7)
(-0.25 -0.15 -1.7)
(-0.25 -0.05 -1.7)
(-0.25 0.05 -1.7)
(-0.25 0.15 -1.7)
(-0.25 0.25 -1.7)
(-0.25 0.35 -1.7)
(-0.25 0.45 -1.7)
(-0.25 -0.45 -1.6)
(-0.25 -0.35 -1.6)
(-0.25 -0.25 -1.6)
(-0.25 -0.15 -1.6)
(-0.25 -0.05 -1.6)
(-0.25 0.05 -1.6)
(-0.25 0.15 -1.6)
(-0.25 0.25 -1.6)
(-0.25 0.35 -1.6)
(-0.25 0.45 -1.6)
(-0.25 -0.45 -1.5)
(-0.25 -0.35 -1.5)
(-0.25 -0.25 -1.5)
(-0.25 -0.15 -1.5)
(-0.25 -0.05 -1.5)
(-0.25 0.05 -1.5)
(-0.25 0.15 -1.5)
(-0.25 0.25 -1.5)
(-0.25 0.35 -1.5)
(-0.25 0.45 -1.5)
(-0.25 -0.45 -1.4)
(-0.25 -0.35 -1.4)
(-0.25 -0.25 -1.4)
(-0.25 -0.15 -1.4)
(-0.25 -0.05 -1.4)
(-0.25 0.05 -1.4)
(-0.25 0.15 -1.4)
(-0.25 0.25 -1.4)
(-0.25 0.35 -1.4)
(-0.25 0.45 -1.4)
(-0.25 -0.45 -1.3)
(-0.25 -0.35 -1.3)
(-0.25 -0.25 -1.3)
(-0.25 -0.15 -1.3)
(-0.25 -0.05 -1.3)
(-0.25 0.05 -1.3)
(-0.25 0.15 -1.3)
(-0.25 0.25 -1.3)
(-0.25 0.35 -1.3)
(-0.25 0.45 -1.3)
(-0.25 -0.45 -1.2)
(-0.25 -0.35 -1.2)
(-0.25 -0.25 -1.2)
(-0.25 -0.15 -1.2)
(-0.25 -0.05 -1.2)
(-0.25 0.05 -1.2)
(-0.25 0.15 -1.2)
(-0.25 0.25 -1.2)
(-0.25 0.35 -1.2)
(-0.25 0.45 -1.2)
(-0.25 -0.45 -1.1)
(-0.25 -0.35 -1.1)
(-0.25 -0.25 -1.1)
(-0.25 -0.15 -1.1)
(-0.25 -0.05 -1.1)
(-0.25 0.05 -1.1)
(-0.25 0.15 -1.1)
(-0.25 0.25 -1.1)
(-0.25 0.35 -1.1)
(-0.25 0.45 -1.1)
(-0.25 -0.45 -1)
(-0.25 -0.35 -1)
(-0.25 -0.25 -1)
(-0.25 -0.15 -1)
(-0.25 -0.05 -1)
(-0.25 0.05 -1)
(-0.25 0.15 -1)
(-0.25 0.25 -1)
(-0.25 0.35 -1)
(-0.25 0.45 -1)
(-0.25 -0.45 -0.9)
(-0.25 -0.35 -0.9)
(-0.25 -0.25 -0.9)
(-0.25 -0.15 -0.9)
(-0.25 -0.05 -0.9)
(-0.25 0.05 -0.9)
(-0.25 0.15 -0.9)
(-0.25 0.25 -0.9)
(-0.25 0.35 -0.9)
(-0.25 0.45 -0.9)
(-0.25 -0.45 -0.8)
(-0.25 -0.35 -0.8)
(-0.25 -0.25 -0.8)
(-0.25 -0.15 -0.8)
(-0.25 -0.05 -0.8)
(-0.25 0.05 -0.8)
(-0.25 0.15 -0.8)
(-0.25 0.25 -0.8)
(-0.25 0.35 -0.8)
(-0.25 0.45 -0.8)
(-0.25 -0.45 -0.7)
(-0.25 -0.35 -0.7)
(-0.25 -0.25 -0.7)
(-0.25 -0.15 -0.7)
(-0.25 -0.05 -0.7)
(-0.25 0.05 -0.7)
(-0.25 0.15 -0.7)
(-0.25 0.25 -0.7)
(-0.25 0.35 -0.7)
(-0.25 0.45 -0.7)
(-0.25 -0.45 -0.6)
(-0.25 -0.35 -0.6)
(-0.25 -0.25 -0.6)
(-0.25 -0.15 -0.6)
(-0.25 -0.05 -0.6)
(-0.25 0.05 -0.6)
(-0.25 0.15 -0.6)
(-0.25 0.25 -0.6)
(-0.25 0.35 -0.6)
(-0.25 0.45 -0.6)
(-0.25 -0.45 -0.5)
(-0.25 -0.35 -0.5)
(-0.25 -0.25 -0.5)
(-0.25 -0.15 -0.5)
(-0.25 -0.05 -0.5)
(-0.25 0.05 -0.5)
(-0.25 0.15 -0.5)
(-0.25 0.25 -0.5)
(-0.25 0.35 -0.5)
(-0.25 0.45 -0.5)
(-0.25 -0.45 -0.4)
(-0.25 -0.35 -0.4)
(-0.25 -0.25 -0.4)
(-0.25 -0.15 -0.4)
(-0.25 -0.05 -0.4)
(-0.25 0.05 -0.4)
(-0.25 0.15 -0.4)
(-0.25 0.25 -0.4)
(-0.25 0.35 -0.4)
(-0.25 0.45 -0.4)
(-0.25 -0.45 -0.3)
(-0.25 -0.35 -0.3)
(-0.25 -0.25 -0.3)
(-0.25 -0.15 -0.3)
(-0.25 -0.05 -0.3)
(-0.25 0.05 -0.3)
(-0.25 0.15 -0.3)
(-0.25 0.25 -0.3)
(-0.25 0.35 -0.3)
(-0.25 0.45 -0.3)
(-0.25 -0.45 -0.2)
(-0.25 -0.35 -0.2)
(-0.25 -0.25 -0.2)
(-0.25 -0.15 -0.2)
(-0.25 -0.05 -0.2)
(-0.25 0.05 -0.2)
(-0.25 0.15 -0.2)
(-0.25 0.25 -0.2)
(-0.25 0.35 -0.2)
(-0.25 0.45 -0.2)
(-0.25 -0.45 -0.1)
(-0.25 -0.35 -0.1)
(-0.25 -0.25 -0.1)
(-0.25 -0.15 -0.1)
(-0.25 -0.05 -0.1)
(-0.25 0.05 -0.1)
(-0.25 0.15 -0.1)
(-0.25 0.25 -0.1)
(-0.25 0.35 -0.1)
(-0.25 0.45 -0.1)
(-0.25 -0.45 -3.78956e-17)
(-0.25 -0.35 0)
(-0.25 -0.25 0)
(-0.25 -0.15 -1.13687e-16)
(-0.25 -0.05 0)
(-0.25 0.05 0)
(-0.25 0.15 -1.89478e-17)
(-0.25 0.25 0)
(-0.25 0.35 -1.89478e-17)
(-0.25 0.45 -3.78956e-17)
(-0.25 -0.45 0.1)
(-0.25 -0.35 0.1)
(-0.25 -0.25 0.1)
(-0.25 -0.15 0.1)
(-0.25 -0.05 0.1)
(-0.25 0.05 0.1)
(-0.25 0.15 0.1)
(-0.25 0.25 0.1)
(-0.25 0.35 0.1)
(-0.25 0.45 0.1)
(-0.25 -0.45 0.2)
(-0.25 -0.35 0.2)
(-0.25 -0.25 0.2)
(-0.25 -0.15 0.2)
(-0.25 -0.05 0.2)
(-0.25 0.05 0.2)
(-0.25 0.15 0.2)
(-0.25 0.25 0.2)
(-0.25 0.35 0.2)
(-0.25 0.45 0.2)
(-0.25 -0.45 0.3)
(-0.25 -0.35 0.3)
(-0.25 -0.25 0.3)
(-0.25 -0.15 0.3)
(-0.25 -0.05 0.3)
(-0.25 0.05 0.3)
(-0.25 0.15 0.3)
(-0.25 0.25 0.3)
(-0.25 0.35 0.3)
(-0.25 0.45 0.3)
(-0.25 -0.45 0.4)
(-0.25 -0.35 0.4)
(-0.25 -0.25 0.4)
(-0.25 -0.15 0.4)
(-0.25 -0.05 0.4)
(-0.25 0.05 0.4)
(-0.25 0.15 0.4)
(-0.25 0.25 0.4)
(-0.25 0.35 0.4)
(-0.25 0.45 0.4)
(-0.25 -0.45 0.5)
(-0.25 -0.35 0.5)
(-0.25 -0.25 0.5)
(-0.25 -0.15 0.5)
(-0.25 -0.05 0.5)
(-0.25 0.05 0.5)
(-0.25 0.15 0.5)
(-0.25 0.25 0.5)
(-0.25 0.35 0.5)
(-0.25 0.45 0.5)
(-0.25 -0.45 0.6)
(-0.25 -0.35 0.6)
(-0.25 -0.25 0.6)
(-0.25 -0.15 0.6)
(-0.25 -0.05 0.6)
(-0.25 0.05 0.6)
(-0.25 0.15 0.6)
(-0.25 0.25 0.6)
(-0.25 0.35 0.6)
(-0.25 0.45 0.6)
(-0.25 -0.45 0.7)
(-0.25 -0.35 0.7)
(-0.25 -0.25 0.7)
(-0.25 -0.15 0.7)
(-0.25 -0.05 0.7)
(-0.25 0.05 0.7)
(-0.25 0.15 0.7)
(-0.25 0.25 0.7)
(-0.25 0.35 0.7)
(-0.25 0.45 0.7)
(-0.25 -0.45 0.8)
(-0.25 -0.35 0.8)
(-0.25 -0.25 0.8)
(-0.25 -0.15 0.8)
(-0.25 -0.05 0.8)
(-0.25 0.05 0.8)
(-0.25 0.15 0.8)
(-0.25 0.25 0.8)
(-0.25 0.35 0.8)
(-0.25 0.45 0.8)
(-0.25 -0.45 0.9)
(-0.25 -0.35 0.9)
(-0.25 -0.25 0.9)
(-0.25 -0.15 0.9)
(-0.25 -0.05 0.9)
(-0.25 0.05 0.9)
(-0.25 0.15 0.9)
(-0.25 0.25 0.9)
(-0.25 0.35 0.9)
(-0.25 0.45 0.9)
(-0.25 -0.45 1)
(-0.25 -0.35 1)
(-0.25 -0.25 1)
(-0.25 -0.15 1)
(-0.25 -0.05 1)
(-0.25 0.05 1)
(-0.25 0.15 1)
(-0.25 0.25 1)
(-0.25 0.35 1)
(-0.25 0.45 1)
(-0.25 -0.45 1.1)
(-0.25 -0.35 1.1)
(-0.25 -0.25 1.1)
(-0.25 -0.15 1.1)
(-0.25 -0.05 1.1)
(-0.25 0.05 1.1)
(-0.25 0.15 1.1)
(-0.25 0.25 1.1)
(-0.25 0.35 1.1)
(-0.25 0.45 1.1)
(-0.25 -0.45 1.2)
(-0.25 -0.35 1.2)
(-0.25 -0.25 1.2)
(-0.25 -0.15 1.2)
(-0.25 -0.05 1.2)
(-0.25 0.05 1.2)
(-0.25 0.15 1.2)
(-0.25 0.25 1.2)
(-0.25 0.35 1.2)
(-0.25 0.45 1.2)
(-0.25 -0.45 1.3)
(-0.25 -0.35 1.3)
(-0.25 -0.25 1.3)
(-0.25 -0.15 1.3)
(-0.25 -0.05 1.3)
(-0.25 0.05 1.3)
(-0.25 0.15 1.3)
(-0.25 0.25 1.3)
(-0.25 0.35 1.3)
(-0.25 0.45 1.3)
(-0.25 -0.45 1.4)
(-0.25 -0.35 1.4)
(-0.25 -0.25 1.4)
(-0.25 -0.15 1.4)
(-0.25 -0.05 1.4)
(-0.25 0.05 1.4)
(-0.25 0.15 1.4)
(-0.25 0.25 1.4)
(-0.25 0.35 1.4)
(-0.25 0.45 1.4)
(-0.25 -0.45 1.5)
(-0.25 -0.35 1.5)
(-0.25 -0.25 1.5)
(-0.25 -0.15 1.5)
(-0.25 -0.05 1.5)
(-0.25 0.05 1.5)
(-0.25 0.15 1.5)
(-0.25 0.25 1.5)
(-0.25 0.35 1.5)
(-0.25 0.45 1.5)
(-0.25 -0.45 1.6)
(-0.25 -0.35 1.6)
(-0.25 -0.25 1.6)
(-0.25 -0.15 1.6)
(-0.25 -0.05 1.6)
(-0.25 0.05 1.6)
(-0.25 0.15 1.6)
(-0.25 0.25 1.6)
(-0.25 0.35 1.6)
(-0.25 0.45 1.6)
(-0.25 -0.45 1.7)
(-0.25 -0.35 1.7)
(-0.25 -0.25 1.7)
(-0.25 -0.15 1.7)
(-0.25 -0.05 1.7)
(-0.25 0.05 1.7)
(-0.25 0.15 1.7)
(-0.25 0.25 1.7)
(-0.25 0.35 1.7)
(-0.25 0.45 1.7)
(-0.25 -0.25 1.8)
(-0.25 -0.15 1.8)
(-0.25 -0.05 1.8)
(-0.25 0.05 1.8)
(-0.25 0.15 1.8)
(-0.25 0.25 1.8)
(-0.25 -0.25 1.9)
(-0.25 -0.15 1.9)
(-0.25 -0.05 1.9)
(-0.25 0.05 1.9)
(-0.25 0.15 1.9)
(-0.25 0.25 1.9)
(-0.25 -0.25 2)
(-0.25 -0.15 2)
(-0.25 -0.05 2)
(-0.25 0.05 2)
(-0.25 0.15 2)
(-0.25 0.25 2)
(-0.25 -0.25 2.1)
(-0.25 -0.15 2.1)
(-0.25 -0.05 2.1)
(-0.25 0.05 2.1)
(-0.25 0.15 2.1)
(-0.25 0.25 2.1)
(-0.25 -0.25 2.2)
(-0.25 -0.15 2.2)
(-0.25 -0.05 2.2)
(-0.25 0.05 2.2)
(-0.25 0.15 2.2)
(-0.25 0.25 2.2)
(-0.25 -0.25 2.3)
(-0.25 -0.15 2.3)
(-0.25 -0.05 2.3)
(-0.25 0.05 2.3)
(-0.25 0.15 2.3)
(-0.25 0.25 2.3)
(-0.25 -0.25 2.4)
(-0.25 -0.15 2.4)
(-0.25 -0.05 2.4)
(-0.25 0.05 2.4)
(-0.25 0.15 2.4)
(-0.25 0.25 2.4)
(-0.25 -0.25 2.5)
(-0.25 -0.15 2.5)
(-0.25 -0.05 2.5)
(-0.25 0.05 2.5)
(-0.25 0.15 2.5)
(-0.25 0.25 2.5)
(-0.25 -0.25 2.6)
(-0.25 -0.15 2.6)
(-0.25 -0.05 2.6)
(-0.25 0.05 2.6)
(-0.25 0.15 2.6)
(-0.25 0.25 2.6)
(-0.25 -0.25 2.7)
(-0.25 -0.15 2.7)
(-0.25 -0.05 2.7)
(-0.25 0.05 2.7)
(-0.25 0.15 2.7)
(-0.25 0.25 2.7)
(-0.25 -0.25 2.8)
(-0.25 -0.15 2.8)
(-0.25 -0.05 2.8)
(-0.25 0.05 2.8)
(-0.25 0.15 2.8)
(-0.25 0.25 2.8)
(-0.25 -0.25 2.9)
(-0.25 -0.15 2.9)
(-0.25 -0.05 2.9)
(-0.25 0.05 2.9)
(-0.25 0.15 2.9)
(-0.25 0.25 2.9)
(-0.15 -0.45 -1.7)
(-0.15 -0.35 -1.7)
(-0.15 -0.25 -1.7)
(-0.15 -0.15 -1.7)
(-0.15 -0.05 -1.7)
(-0.15 0.05 -1.7)
(-0.15 0.15 -1.7)
(-0.15 0.25 -1.7)
(-0.15 0.35 -1.7)
(-0.15 0.45 -1.7)
(-0.15 -0.45 -1.6)
(-0.15 -0.35 -1.6)
(-0.15 -0.25 -1.6)
(-0.15 -0.15 -1.6)
(-0.15 -0.05 -1.6)
(-0.15 0.05 -1.6)
(-0.15 0.15 -1.6)
(-0.15 0.25 -1.6)
(-0.15 0.35 -1.6)
(-0.15 0.45 -1.6)
(-0.15 -0.45 -1.5)
(-0.15 -0.35 -1.5)
(-0.15 -0.25 -1.5)
(-0.15 -0.15 -1.5)
(-0.15 -0.05 -1.5)
(-0.15 0.05 -1.5)
(-0.15 0.15 -1.5)
(-0.15 0.25 -1.5)
(-0.15 0.35 -1.5)
(-0.15 0.45 -1.5)
(-0.15 -0.45 -1.4)
(-0.15 -0.35 -1.4)
(-0.15 -0.25 -1.4)
(-0.15 -0.15 -1.4)
(-0.15 -0.05 -1.4)
(-0.15 0.05 -1.4)
(-0.15 0.15 -1.4)
(-0.15 0.25 -1.4)
(-0.15 0.35 -1.4)
(-0.15 0.45 -1.4)
(-0.15 -0.45 -1.3)
(-0.15 -0.35 -1.3)
(-0.15 -0.25 -1.3)
(-0.15 -0.15 -1.3)
(-0.15 -0.05 -1.3)
(-0.15 0.05 -1.3)
(-0.15 0.15 -1.3)
(-0.15 0.25 -1.3)
(-0.15 0.35 -1.3)
(-0.15 0.45 -1.3)
(-0.15 -0.45 -1.2)
(-0.15 -0.35 -1.2)
(-0.15 -0.25 -1.2)
(-0.15 -0.15 -1.2)
(-0.15 -0.05 -1.2)
(-0.15 0.05 -1.2)
(-0.15 0.15 -1.2)
(-0.15 0.25 -1.2)
(-0.15 0.35 -1.2)
(-0.15 0.45 -1.2)
(-0.15 -0.45 -1.1)
(-0.15 -0.35 -1.1)
(-0.15 -0.25 -1.1)
(-0.15 -0.15 -1.1)
(-0.15 -0.05 -1.1)
(-0.15 0.05 -1.1)
(-0.15 0.15 -1.1)
(-0.15 0.25 -1.1)
(-0.15 0.35 -1.1)
(-0.15 0.45 -1.1)
(-0.15 -0.45 -1)
(-0.15 -0.35 -1)
(-0.15 -0.25 -1)
(-0.15 -0.15 -1)
(-0.15 -0.05 -1)
(-0.15 0.05 -1)
(-0.15 0.15 -1)
(-0.15 0.25 -1)
(-0.15 0.35 -1)
(-0.15 0.45 -1)
(-0.15 -0.45 -0.9)
(-0.15 -0.35 -0.9)
(-0.15 -0.25 -0.9)
(-0.15 -0.15 -0.9)
(-0.15 -0.05 -0.9)
(-0.15 0.05 -0.9)
(-0.15 0.15 -0.9)
(-0.15 0.25 -0.9)
(-0.15 0.35 -0.9)
(-0.15 0.45 -0.9)
(-0.15 -0.45 -0.8)
(-0.15 -0.35 -0.8)
(-0.15 -0.25 -0.8)
(-0.15 -0.15 -0.8)
(-0.15 -0.05 -0.8)
(-0.15 0.05 -0.8)
(-0.15 0.15 -0.8)
(-0.15 0.25 -0.8)
(-0.15 0.35 -0.8)
(-0.15 0.45 -0.8)
(-0.15 -0.45 -0.7)
(-0.15 -0.35 -0.7)
(-0.15 -0.25 -0.7)
(-0.15 -0.15 -0.7)
(-0.15 -0.05 -0.7)
(-0.15 0.05 -0.7)
(-0.15 0.15 -0.7)
(-0.15 0.25 -0.7)
(-0.15 0.35 -0.7)
(-0.15 0.45 -0.7)
(-0.15 -0.45 -0.6)
(-0.15 -0.35 -0.6)
(-0.15 -0.25 -0.6)
(-0.15 -0.15 -0.6)
(-0.15 -0.05 -0.6)
(-0.15 0.05 -0.6)
(-0.15 0.15 -0.6)
(-0.15 0.25 -0.6)
(-0.15 0.35 -0.6)
(-0.15 0.45 -0.6)
(-0.15 -0.45 -0.5)
(-0.15 -0.35 -0.5)
(-0.15 -0.25 -0.5)
(-0.15 -0.15 -0.5)
(-0.15 -0.05 -0.5)
(-0.15 0.05 -0.5)
(-0.15 0.15 -0.5)
(-0.15 0.25 -0.5)
(-0.15 0.35 -0.5)
(-0.15 0.45 -0.5)
(-0.15 -0.45 -0.4)
(-0.15 -0.35 -0.4)
(-0.15 -0.25 -0.4)
(-0.15 -0.15 -0.4)
(-0.15 -0.05 -0.4)
(-0.15 0.05 -0.4)
(-0.15 0.15 -0.4)
(-0.15 0.25 -0.4)
(-0.15 0.35 -0.4)
(-0.15 0.45 -0.4)
(-0.15 -0.45 -0.3)
(-0.15 -0.35 -0.3)
(-0.15 -0.25 -0.3)
(-0.15 -0.15 -0.3)
(-0.15 -0.05 -0.3)
(-0.15 0.05 -0.3)
(-0.15 0.15 -0.3)
(-0.15 0.25 -0.3)
(-0.15 0.35 -0.3)
(-0.15 0.45 -0.3)
(-0.15 -0.45 -0.2)
(-0.15 -0.35 -0.2)
(-0.15 -0.25 -0.2)
(-0.15 -0.15 -0.2)
(-0.15 -0.05 -0.2)
(-0.15 0.05 -0.2)
(-0.15 0.15 -0.2)
(-0.15 0.25 -0.2)
(-0.15 0.35 -0.2)
(-0.15 0.45 -0.2)
(-0.15 -0.45 -0.1)
(-0.15 -0.35 -0.1)
(-0.15 -0.25 -0.1)
(-0.15 -0.15 -0.1)
(-0.15 -0.05 -0.1)
(-0.15 0.05 -0.1)
(-0.15 0.15 -0.1)
(-0.15 0.25 -0.1)
(-0.15 0.35 -0.1)
(-0.15 0.45 -0.1)
(-0.15 -0.45 -3.78956e-17)
(-0.15 -0.35 0)
(-0.15 -0.25 -3.78956e-17)
(-0.15 -0.15 -1.89478e-16)
(-0.15 -0.05 0)
(-0.15 0.05 0)
(-0.15 0.15 -9.4739e-17)
(-0.15 0.25 -3.78956e-17)
(-0.15 0.35 -3.78956e-17)
(-0.15 0.45 -7.57912e-17)
(-0.15 -0.45 0.1)
(-0.15 -0.35 0.1)
(-0.15 -0.25 0.1)
(-0.15 -0.15 0.1)
(-0.15 -0.05 0.1)
(-0.15 0.05 0.1)
(-0.15 0.15 0.1)
(-0.15 0.25 0.1)
(-0.15 0.35 0.1)
(-0.15 0.45 0.1)
(-0.15 -0.45 0.2)
(-0.15 -0.35 0.2)
(-0.15 -0.25 0.2)
(-0.15 -0.15 0.2)
(-0.15 -0.05 0.2)
(-0.15 0.05 0.2)
(-0.15 0.15 0.2)
(-0.15 0.25 0.2)
(-0.15 0.35 0.2)
(-0.15 0.45 0.2)
(-0.15 -0.45 0.3)
(-0.15 -0.35 0.3)
(-0.15 -0.25 0.3)
(-0.15 -0.15 0.3)
(-0.15 -0.05 0.3)
(-0.15 0.05 0.3)
(-0.15 0.15 0.3)
(-0.15 0.25 0.3)
(-0.15 0.35 0.3)
(-0.15 0.45 0.3)
(-0.15 -0.45 0.4)
(-0.15 -0.35 0.4)
(-0.15 -0.25 0.4)
(-0.15 -0.15 0.4)
(-0.15 -0.05 0.4)
(-0.15 0.05 0.4)
(-0.15 0.15 0.4)
(-0.15 0.25 0.4)
(-0.15 0.35 0.4)
(-0.15 0.45 0.4)
(-0.15 -0.45 0.5)
(-0.15 -0.35 0.5)
(-0.15 -0.25 0.5)
(-0.15 -0.15 0.5)
(-0.15 -0.05 0.5)
(-0.15 0.05 0.5)
(-0.15 0.15 0.5)
(-0.15 0.25 0.5)
(-0.15 0.35 0.5)
(-0.15 0.45 0.5)
(-0.15 -0.45 0.6)
(-0.15 -0.35 0.6)
(-0.15 -0.25 0.6)
(-0.15 -0.15 0.6)
(-0.15 -0.05 0.6)
(-0.15 0.05 0.6)
(-0.15 0.15 0.6)
(-0.15 0.25 0.6)
(-0.15 0.35 0.6)
(-0.15 0.45 0.6)
(-0.15 -0.45 0.7)
(-0.15 -0.35 0.7)
(-0.15 -0.25 0.7)
(-0.15 -0.15 0.7)
(-0.15 -0.05 0.7)
(-0.15 0.05 0.7)
(-0.15 0.15 0.7)
(-0.15 0.25 0.7)
(-0.15 0.35 0.7)
(-0.15 0.45 0.7)
(-0.15 -0.45 0.8)
(-0.15 -0.35 0.8)
(-0.15 -0.25 0.8)
(-0.15 -0.15 0.8)
(-0.15 -0.05 0.8)
(-0.15 0.05 0.8)
(-0.15 0.15 0.8)
(-0.15 0.25 0.8)
(-0.15 0.35 0.8)
(-0.15 0.45 0.8)
(-0.15 -0.45 0.9)
(-0.15 -0.35 0.9)
(-0.15 -0.25 0.9)
(-0.15 -0.15 0.9)
(-0.15 -0.05 0.9)
(-0.15 0.05 0.9)
(-0.15 0.15 0.9)
(-0.15 0.25 0.9)
(-0.15 0.35 0.9)
(-0.15 0.45 0.9)
(-0.15 -0.45 1)
(-0.15 -0.35 1)
(-0.15 -0.25 1)
(-0.15 -0.15 1)
(-0.15 -0.05 1)
(-0.15 0.05 1)
(-0.15 0.15 1)
(-0.15 0.25 1)
(-0.15 0.35 1)
(-0.15 0.45 1)
(-0.15 -0.45 1.1)
(-0.15 -0.35 1.1)
(-0.15 -0.25 1.1)
(-0.15 -0.15 1.1)
(-0.15 -0.05 1.1)
(-0.15 0.05 1.1)
(-0.15 0.15 1.1)
(-0.15 0.25 1.1)
(-0.15 0.35 1.1)
(-0.15 0.45 1.1)
(-0.15 -0.45 1.2)
(-0.15 -0.35 1.2)
(-0.15 -0.25 1.2)
(-0.15 -0.15 1.2)
(-0.15 -0.05 1.2)
(-0.15 0.05 1.2)
(-0.15 0.15 1.2)
(-0.15 0.25 1.2)
(-0.15 0.35 1.2)
(-0.15 0.45 1.2)
(-0.15 -0.45 1.3)
(-0.15 -0.35 1.3)
(-0.15 -0.25 1.3)
(-0.15 -0.15 1.3)
(-0.15 -0.05 1.3)
(-0.15 0.05 1.3)
(-0.15 0.15 1.3)
(-0.15 0.25 1.3)
(-0.15 0.35 1.3)
(-0.15 0.45 1.3)
(-0.15 -0.45 1.4)
(-0.15 -0.35 1.4)
(-0.15 -0.25 1.4)
(-0.15 -0.15 1.4)
(-0.15 -0.05 1.4)
(-0.15 0.05 1.4)
(-0.15 0.15 1.4)
(-0.15 0.25 1.4)
(-0.15 0.35 1.4)
(-0.15 0.45 1.4)
(-0.15 -0.45 1.5)
(-0.15 -0.35 1.5)
(-0.15 -0.25 1.5)
(-0.15 -0.15 1.5)
(-0.15 -0.05 1.5)
(-0.15 0.05 1.5)
(-0.15 0.15 1.5)
(-0.15 0.25 1.5)
(-0.15 0.35 1.5)
(-0.15 0.45 1.5)
(-0.15 -0.45 1.6)
(-0.15 -0.35 1.6)
(-0.15 -0.25 1.6)
(-0.15 -0.15 1.6)
(-0.15 -0.05 1.6)
(-0.15 0.05 1.6)
(-0.15 0.15 1.6)
(-0.15 0.25 1.6)
(-0.15 0.35 1.6)
(-0.15 0.45 1.6)
(-0.15 -0.45 1.7)
(-0.15 -0.35 1.7)
(-0.15 -0.25 1.7)
(-0.15 -0.15 1.7)
(-0.15 -0.05 1.7)
(-0.15 0.05 1.7)
(-0.15 0.15 1.7)
(-0.15 0.25 1.7)
(-0.15 0.35 1.7)
(-0.15 0.45 1.7)
(-0.15 -0.25 1.8)
(-0.15 -0.15 1.8)
(-0.15 -0.05 1.8)
(-0.15 0.05 1.8)
(-0.15 0.15 1.8)
(-0.15 0.25 1.8)
(-0.15 -0.25 1.9)
(-0.15 -0.15 1.9)
(-0.15 -0.05 1.9)
(-0.15 0.05 1.9)
(-0.15 0.15 1.9)
(-0.15 0.25 1.9)
(-0.15 -0.25 2)
(-0.15 -0.15 2)
(-0.15 -0.05 2)
(-0.15 0.05 2)
(-0.15 0.15 2)
(-0.15 0.25 2)
(-0.15 -0.25 2.1)
(-0.15 -0.15 2.1)
(-0.15 -0.05 2.1)
(-0.15 0.05 2.1)
(-0.15 0.15 2.1)
(-0.15 0.25 2.1)
(-0.15 -0.25 2.2)
(-0.15 -0.15 2.2)
(-0.15 -0.05 2.2)
(-0.15 0.05 2.2)
(-0.15 0.15 2.2)
(-0.15 0.25 2.2)
(-0.15 -0.25 2.3)
(-0.15 -0.15 2.3)
(-0.15 -0.05 2.3)
(-0.15 0.05 2.3)
(-0.15 0.15 2.3)
(-0.15 0.25 2.3)
(-0.15 -0.25 2.4)
(-0.15 -0.15 2.4)
(-0.15 -0.05 2.4)
(-0.15 0.05 2.4)
(-0.15 0.15 2.4)
(-0.15 0.25 2.4)
(-0.15 -0.25 2.5)
(-0.15 -0.15 2.5)
(-0.15 -0.05 2.5)
(-0.15 0.05 2.5)
(-0.15 0.15 2.5)
(-0.15 0.25 2.5)
(-0.15 -0.25 2.6)
(-0.15 -0.15 2.6)
(-0.15 -0.05 2.6)
(-0.15 0.05 2.6)
(-0.15 0.15 2.6)
(-0.15 0.25 2.6)
(-0.15 -0.25 2.7)
(-0.15 -0.15 2.7)
(-0.15 -0.05 2.7)
(-0.15 0.05 2.7)
(-0.15 0.15 2.7)
(-0.15 0.25 2.7)
(-0.15 -0.25 2.8)
(-0.15 -0.15 2.8)
(-0.15 -0.05 2.8)
(-0.15 0.05 2.8)
(-0.15 0.15 2.8)
(-0.15 0.25 2.8)
(-0.15 -0.25 2.9)
(-0.15 -0.15 2.9)
(-0.15 -0.05 2.9)
(-0.15 0.05 2.9)
(-0.15 0.15 2.9)
(-0.15 0.25 2.9)
(-0.05 -0.45 -1.7)
(-0.05 -0.35 -1.7)
(-0.05 -0.25 -1.7)
(-0.05 -0.15 -1.7)
(-0.05 -0.05 -1.7)
(-0.05 0.05 -1.7)
(-0.05 0.15 -1.7)
(-0.05 0.25 -1.7)
(-0.05 0.35 -1.7)
(-0.05 0.45 -1.7)
(-0.05 -0.45 -1.6)
(-0.05 -0.35 -1.6)
(-0.05 -0.25 -1.6)
(-0.05 -0.15 -1.6)
(-0.05 -0.05 -1.6)
(-0.05 0.05 -1.6)
(-0.05 0.15 -1.6)
(-0.05 0.25 -1.6)
(-0.05 0.35 -1.6)
(-0.05 0.45 -1.6)
(-0.05 -0.45 -1.5)
(-0.05 -0.35 -1.5)
(-0.05 -0.25 -1.5)
(-0.05 -0.15 -1.5)
(-0.05 -0.05 -1.5)
(-0.05 0.05 -1.5)
(-0.05 0.15 -1.5)
(-0.05 0.25 -1.5)
(-0.05 0.35 -1.5)
(-0.05 0.45 -1.5)
(-0.05 -0.45 -1.4)
(-0.05 -0.35 -1.4)
(-0.05 -0.25 -1.4)
(-0.05 -0.15 -1.4)
(-0.05 -0.05 -1.4)
(-0.05 0.05 -1.4)
(-0.05 0.15 -1.4)
(-0.05 0.25 -1.4)
(-0.05 0.35 -1.4)
(-0.05 0.45 -1.4)
(-0.05 -0.45 -1.3)
(-0.05 -0.35 -1.3)
(-0.05 -0.25 -1.3)
(-0.05 -0.15 -1.3)
(-0.05 -0.05 -1.3)
(-0.05 0.05 -1.3)
(-0.05 0.15 -1.3)
(-0.05 0.25 -1.3)
(-0.05 0.35 -1.3)
(-0.05 0.45 -1.3)
(-0.05 -0.45 -1.2)
(-0.05 -0.35 -1.2)
(-0.05 -0.25 -1.2)
(-0.05 -0.15 -1.2)
(-0.05 -0.05 -1.2)
(-0.05 0.05 -1.2)
(-0.05 0.15 -1.2)
(-0.05 0.25 -1.2)
(-0.05 0.35 -1.2)
(-0.05 0.45 -1.2)
(-0.05 -0.45 -1.1)
(-0.05 -0.35 -1.1)
(-0.05 -0.25 -1.1)
(-0.05 -0.15 -1.1)
(-0.05 -0.05 -1.1)
(-0.05 0.05 -1.1)
(-0.05 0.15 -1.1)
(-0.05 0.25 -1.1)
(-0.05 0.35 -1.1)
(-0.05 0.45 -1.1)
(-0.05 -0.45 -1)
(-0.05 -0.35 -1)
(-0.05 -0.25 -1)
(-0.05 -0.15 -1)
(-0.05 -0.05 -1)
(-0.05 0.05 -1)
(-0.05 0.15 -1)
(-0.05 0.25 -1)
(-0.05 0.35 -1)
(-0.05 0.45 -1)
(-0.05 -0.45 -0.9)
(-0.05 -0.35 -0.9)
(-0.05 -0.25 -0.9)
(-0.05 -0.15 -0.9)
(-0.05 -0.05 -0.9)
(-0.05 0.05 -0.9)
(-0.05 0.15 -0.9)
(-0.05 0.25 -0.9)
(-0.05 0.35 -0.9)
(-0.05 0.45 -0.9)
(-0.05 -0.45 -0.8)
(-0.05 -0.35 -0.8)
(-0.05 -0.25 -0.8)
(-0.05 -0.15 -0.8)
(-0.05 -0.05 -0.8)
(-0.05 0.05 -0.8)
(-0.05 0.15 -0.8)
(-0.05 0.25 -0.8)
(-0.05 0.35 -0.8)
(-0.05 0.45 -0.8)
(-0.05 -0.45 -0.7)
(-0.05 -0.35 -0.7)
(-0.05 -0.25 -0.7)
(-0.05 -0.15 -0.7)
(-0.05 -0.05 -0.7)
(-0.05 0.05 -0.7)
(-0.05 0.15 -0.7)
(-0.05 0.25 -0.7)
(-0.05 0.35 -0.7)
(-0.05 0.45 -0.7)
(-0.05 -0.45 -0.6)
(-0.05 -0.35 -0.6)
(-0.05 -0.25 -0.6)
(-0.05 -0.15 -0.6)
(-0.05 -0.05 -0.6)
(-0.05 0.05 -0.6)
(-0.05 0.15 -0.6)
(-0.05 0.25 -0.6)
(-0.05 0.35 -0.6)
(-0.05 0.45 -0.6)
(-0.05 -0.45 -0.5)
(-0.05 -0.35 -0.5)
(-0.05 -0.25 -0.5)
(-0.05 -0.15 -0.5)
(-0.05 -0.05 -0.5)
(-0.05 0.05 -0.5)
(-0.05 0.15 -0.5)
(-0.05 0.25 -0.5)
(-0.05 0.35 -0.5)
(-0.05 0.45 -0.5)
(-0.05 -0.45 -0.4)
(-0.05 -0.35 -0.4)
(-0.05 -0.25 -0.4)
(-0.05 -0.15 -0.4)
(-0.05 -0.05 -0.4)
(-0.05 0.05 -0.4)
(-0.05 0.15 -0.4)
(-0.05 0.25 -0.4)
(-0.05 0.35 -0.4)
(-0.05 0.45 -0.4)
(-0.05 -0.45 -0.3)
(-0.05 -0.35 -0.3)
(-0.05 -0.25 -0.3)
(-0.05 -0.15 -0.3)
(-0.05 -0.05 -0.3)
(-0.05 0.05 -0.3)
(-0.05 0.15 -0.3)
(-0.05 0.25 -0.3)
(-0.05 0.35 -0.3)
(-0.05 0.45 -0.3)
(-0.05 -0.45 -0.2)
(-0.05 -0.35 -0.2)
(-0.05 -0.25 -0.2)
(-0.05 -0.15 -0.2)
(-0.05 -0.05 -0.2)
(-0.05 0.05 -0.2)
(-0.05 0.15 -0.2)
(-0.05 0.25 -0.2)
(-0.05 0.35 -0.2)
(-0.05 0.45 -0.2)
(-0.05 -0.45 -0.1)
(-0.05 -0.35 -0.1)
(-0.05 -0.25 -0.1)
(-0.05 -0.15 -0.1)
(-0.05 -0.05 -0.1)
(-0.05 0.05 -0.1)
(-0.05 0.15 -0.1)
(-0.05 0.25 -0.1)
(-0.05 0.35 -0.1)
(-0.05 0.45 -0.1)
(-0.05 -0.45 3.78956e-17)
(-0.05 -0.35 -7.57912e-17)
(-0.05 -0.25 -7.57912e-17)
(-0.05 -0.15 -1.89478e-16)
(-0.05 -0.05 -3.78956e-17)
(-0.05 0.05 -3.78956e-17)
(-0.05 0.15 -9.4739e-17)
(-0.05 0.25 -7.57912e-17)
(-0.05 0.35 -9.4739e-17)
(-0.05 0.45 -3.78956e-17)
(-0.05 -0.45 0.1)
(-0.05 -0.35 0.1)
(-0.05 -0.25 0.1)
(-0.05 -0.15 0.1)
(-0.05 -0.05 0.1)
(-0.05 0.05 0.1)
(-0.05 0.15 0.1)
(-0.05 0.25 0.1)
(-0.05 0.35 0.1)
(-0.05 0.45 0.1)
(-0.05 -0.45 0.2)
(-0.05 -0.35 0.2)
(-0.05 -0.25 0.2)
(-0.05 -0.15 0.2)
(-0.05 -0.05 0.2)
(-0.05 0.05 0.2)
(-0.05 0.15 0.2)
(-0.05 0.25 0.2)
(-0.05 0.35 0.2)
(-0.05 0.45 0.2)
(-0.05 -0.45 0.3)
(-0.05 -0.35 0.3)
(-0.05 -0.25 0.3)
(-0.05 -0.15 0.3)
(-0.05 -0.05 0.3)
(-0.05 0.05 0.3)
(-0.05 0.15 0.3)
(-0.05 0.25 0.3)
(-0.05 0.35 0.3)
(-0.05 0.45 0.3)
(-0.05 -0.45 0.4)
(-0.05 -0.35 0.4)
(-0.05 -0.25 0.4)
(-0.05 -0.15 0.4)
(-0.05 -0.05 0.4)
(-0.05 0.05 0.4)
(-0.05 0.15 0.4)
(-0.05 0.25 0.4)
(-0.05 0.35 0.4)
(-0.05 0.45 0.4)
(-0.05 -0.45 0.5)
(-0.05 -0.35 0.5)
(-0.05 -0.25 0.5)
(-0.05 -0.15 0.5)
(-0.05 -0.05 0.5)
(-0.05 0.05 0.5)
(-0.05 0.15 0.5)
(-0.05 0.25 0.5)
(-0.05 0.35 0.5)
(-0.05 0.45 0.5)
(-0.05 -0.45 0.6)
(-0.05 -0.35 0.6)
(-0.05 -0.25 0.6)
(-0.05 -0.15 0.6)
(-0.05 -0.05 0.6)
(-0.05 0.05 0.6)
(-0.05 0.15 0.6)
(-0.05 0.25 0.6)
(-0.05 0.35 0.6)
(-0.05 0.45 0.6)
(-0.05 -0.45 0.7)
(-0.05 -0.35 0.7)
(-0.05 -0.25 0.7)
(-0.05 -0.15 0.7)
(-0.05 -0.05 0.7)
(-0.05 0.05 0.7)
(-0.05 0.15 0.7)
(-0.05 0.25 0.7)
(-0.05 0.35 0.7)
(-0.05 0.45 0.7)
(-0.05 -0.45 0.8)
(-0.05 -0.35 0.8)
(-0.05 -0.25 0.8)
(-0.05 -0.15 0.8)
(-0.05 -0.05 0.8)
(-0.05 0.05 0.8)
(-0.05 0.15 0.8)
(-0.05 0.25 0.8)
(-0.05 0.35 0.8)
(-0.05 0.45 0.8)
(-0.05 -0.45 0.9)
(-0.05 -0.35 0.9)
(-0.05 -0.25 0.9)
(-0.05 -0.15 0.9)
(-0.05 -0.05 0.9)
(-0.05 0.05 0.9)
(-0.05 0.15 0.9)
(-0.05 0.25 0.9)
(-0.05 0.35 0.9)
(-0.05 0.45 0.9)
(-0.05 -0.45 1)
(-0.05 -0.35 1)
(-0.05 -0.25 1)
(-0.05 -0.15 1)
(-0.05 -0.05 1)
(-0.05 0.05 1)
(-0.05 0.15 1)
(-0.05 0.25 1)
(-0.05 0.35 1)
(-0.05 0.45 1)
(-0.05 -0.45 1.1)
(-0.05 -0.35 1.1)
(-0.05 -0.25 1.1)
(-0.05 -0.15 1.1)
(-0.05 -0.05 1.1)
(-0.05 0.05 1.1)
(-0.05 0.15 1.1)
(-0.05 0.25 1.1)
(-0.05 0.35 1.1)
(-0.05 0.45 1.1)
(-0.05 -0.45 1.2)
(-0.05 -0.35 1.2)
(-0.05 -0.25 1.2)
(-0.05 -0.15 1.2)
(-0.05 -0.05 1.2)
(-0.05 0.05 1.2)
(-0.05 0.15 1.2)
(-0.05 0.25 1.2)
(-0.05 0.35 1.2)
(-0.05 0.45 1.2)
(-0.05 -0.45 1.3)
(-0.05 -0.35 1.3)
(-0.05 -0.25 1.3)
(-0.05 -0.15 1.3)
(-0.05 -0.05 1.3)
(-0.05 0.05 1.3)
(-0.05 0.15 1.3)
(-0.05 0.25 1.3)
(-0.05 0.35 1.3)
(-0.05 0.45 1.3)
(-0.05 -0.45 1.4)
(-0.05 -0.35 1.4)
(-0.05 -0.25 1.4)
(-0.05 -0.15 1.4)
(-0.05 -0.05 1.4)
(-0.05 0.05 1.4)
(-0.05 0.15 1.4)
(-0.05 0.25 1.4)
(-0.05 0.35 1.4)
(-0.05 0.45 1.4)
(-0.05 -0.45 1.5)
(-0.05 -0.35 1.5)
(-0.05 -0.25 1.5)
(-0.05 -0.15 1.5)
(-0.05 -0.05 1.5)
(-0.05 0.05 1.5)
(-0.05 0.15 1.5)
(-0.05 0.25 1.5)
(-0.05 0.35 1.5)
(-0.05 0.45 1.5)
(-0.05 -0.45 1.6)
(-0.05 -0.35 1.6)
(-0.05 -0.25 1.6)
(-0.05 -0.15 1.6)
(-0.05 -0.05 1.6)
(-0.05 0.05 1.6)
(-0.05 0.15 1.6)
(-0.05 0.25 1.6)
(-0.05 0.35 1.6)
(-0.05 0.45 1.6)
(-0.05 -0.45 1.7)
(-0.05 -0.35 1.7)
(-0.05 -0.25 1.7)
(-0.05 -0.15 1.7)
(-0.05 -0.05 1.7)
(-0.05 0.05 1.7)
(-0.05 0.15 1.7)
(-0.05 0.25 1.7)
(-0.05 0.35 1.7)
(-0.05 0.45 1.7)
(-0.05 -0.25 1.8)
(-0.05 -0.15 1.8)
(-0.05 -0.05 1.8)
(-0.05 0.05 1.8)
(-0.05 0.15 1.8)
(-0.05 0.25 1.8)
(-0.05 -0.25 1.9)
(-0.05 -0.15 1.9)
(-0.05 -0.05 1.9)
(-0.05 0.05 1.9)
(-0.05 0.15 1.9)
(-0.05 0.25 1.9)
(-0.05 -0.25 2)
(-0.05 -0.15 2)
(-0.05 -0.05 2)
(-0.05 0.05 2)
(-0.05 0.15 2)
(-0.05 0.25 2)
(-0.05 -0.25 2.1)
(-0.05 -0.15 2.1)
(-0.05 -0.05 2.1)
(-0.05 0.05 2.1)
(-0.05 0.15 2.1)
(-0.05 0.25 2.1)
(-0.05 -0.25 2.2)
(-0.05 -0.15 2.2)
(-0.05 -0.05 2.2)
(-0.05 0.05 2.2)
(-0.05 0.15 2.2)
(-0.05 0.25 2.2)
(-0.05 -0.25 2.3)
(-0.05 -0.15 2.3)
(-0.05 -0.05 2.3)
(-0.05 0.05 2.3)
(-0.05 0.15 2.3)
(-0.05 0.25 2.3)
(-0.05 -0.25 2.4)
(-0.05 -0.15 2.4)
(-0.05 -0.05 2.4)
(-0.05 0.05 2.4)
(-0.05 0.15 2.4)
(-0.05 0.25 2.4)
(-0.05 -0.25 2.5)
(-0.05 -0.15 2.5)
(-0.05 -0.05 2.5)
(-0.05 0.05 2.5)
(-0.05 0.15 2.5)
(-0.05 0.25 2.5)
(-0.05 -0.25 2.6)
(-0.05 -0.15 2.6)
(-0.05 -0.05 2.6)
(-0.05 0.05 2.6)
(-0.05 0.15 2.6)
(-0.05 0.25 2.6)
(-0.05 -0.25 2.7)
(-0.05 -0.15 2.7)
(-0.05 -0.05 2.7)
(-0.05 0.05 2.7)
(-0.05 0.15 2.7)
(-0.05 0.25 2.7)
(-0.05 -0.25 2.8)
(-0.05 -0.15 2.8)
(-0.05 -0.05 2.8)
(-0.05 0.05 2.8)
(-0.05 0.15 2.8)
(-0.05 0.25 2.8)
(-0.05 -0.25 2.9)
(-0.05 -0.15 2.9)
(-0.05 -0.05 2.9)
(-0.05 0.05 2.9)
(-0.05 0.15 2.9)
(-0.05 0.25 2.9)
(0.05 -0.45 -1.7)
(0.05 -0.35 -1.7)
(0.05 -0.25 -1.7)
(0.05 -0.15 -1.7)
(0.05 -0.05 -1.7)
(0.05 0.05 -1.7)
(0.05 0.15 -1.7)
(0.05 0.25 -1.7)
(0.05 0.35 -1.7)
(0.05 0.45 -1.7)
(0.05 -0.45 -1.6)
(0.05 -0.35 -1.6)
(0.05 -0.25 -1.6)
(0.05 -0.15 -1.6)
(0.05 -0.05 -1.6)
(0.05 0.05 -1.6)
(0.05 0.15 -1.6)
(0.05 0.25 -1.6)
(0.05 0.35 -1.6)
(0.05 0.45 -1.6)
(0.05 -0.45 -1.5)
(0.05 -0.35 -1.5)
(0.05 -0.25 -1.5)
(0.05 -0.15 -1.5)
(0.05 -0.05 -1.5)
(0.05 0.05 -1.5)
(0.05 0.15 -1.5)
(0.05 0.25 -1.5)
(0.05 0.35 -1.5)
(0.05 0.45 -1.5)
(0.05 -0.45 -1.4)
(0.05 -0.35 -1.4)
(0.05 -0.25 -1.4)
(0.05 -0.15 -1.4)
(0.05 -0.05 -1.4)
(0.05 0.05 -1.4)
(0.05 0.15 -1.4)
(0.05 0.25 -1.4)
(0.05 0.35 -1.4)
(0.05 0.45 -1.4)
(0.05 -0.45 -1.3)
(0.05 -0.35 -1.3)
(0.05 -0.25 -1.3)
(0.05 -0.15 -1.3)
(0.05 -0.05 -1.3)
(0.05 0.05 -1.3)
(0.05 0.15 -1.3)
(0.05 0.25 -1.3)
(0.05 0.35 -1.3)
(0.05 0.45 -1.3)
(0.05 -0.45 -1.2)
(0.05 -0.35 -1.2)
(0.05 -0.25 -1.2)
(0.05 -0.15 -1.2)
(0.05 -0.05 -1.2)
(0.05 0.05 -1.2)
(0.05 0.15 -1.2)
(0.05 0.25 -1.2)
(0.05 0.35 -1.2)
(0.05 0.45 -1.2)
(0.05 -0.45 -1.1)
(0.05 -0.35 -1.1)
(0.05 -0.25 -1.1)
(0.05 -0.15 -1.1)
(0.05 -0.05 -1.1)
(0.05 0.05 -1.1)
(0.05 0.15 -1.1)
(0.05 0.25 -1.1)
(0.05 0.35 -1.1)
(0.05 0.45 -1.1)
(0.05 -0.45 -1)
(0.05 -0.35 -1)
(0.05 -0.25 -1)
(0.05 -0.15 -1)
(0.05 -0.05 -1)
(0.05 0.05 -1)
(0.05 0.15 -1)
(0.05 0.25 -1)
(0.05 0.35 -1)
(0.05 0.45 -1)
(0.05 -0.45 -0.9)
(0.05 -0.35 -0.9)
(0.05 -0.25 -0.9)
(0.05 -0.15 -0.9)
(0.05 -0.05 -0.9)
(0.05 0.05 -0.9)
(0.05 0.15 -0.9)
(0.05 0.25 -0.9)
(0.05 0.35 -0.9)
(0.05 0.45 -0.9)
(0.05 -0.45 -0.8)
(0.05 -0.35 -0.8)
(0.05 -0.25 -0.8)
(0.05 -0.15 -0.8)
(0.05 -0.05 -0.8)
(0.05 0.05 -0.8)
(0.05 0.15 -0.8)
(0.05 0.25 -0.8)
(0.05 0.35 -0.8)
(0.05 0.45 -0.8)
(0.05 -0.45 -0.7)
(0.05 -0.35 -0.7)
(0.05 -0.25 -0.7)
(0.05 -0.15 -0.7)
(0.05 -0.05 -0.7)
(0.05 0.05 -0.7)
(0.05 0.15 -0.7)
(0.05 0.25 -0.7)
(0.05 0.35 -0.7)
(0.05 0.45 -0.7)
(0.05 -0.45 -0.6)
(0.05 -0.35 -0.6)
(0.05 -0.25 -0.6)
(0.05 -0.15 -0.6)
(0.05 -0.05 -0.6)
(0.05 0.05 -0.6)
(0.05 0.15 -0.6)
(0.05 0.25 -0.6)
(0.05 0.35 -0.6)
(0.05 0.45 -0.6)
(0.05 -0.45 -0.5)
(0.05 -0.35 -0.5)
(0.05 -0.25 -0.5)
(0.05 -0.15 -0.5)
(0.05 -0.05 -0.5)
(0.05 0.05 -0.5)
(0.05 0.15 -0.5)
(0.05 0.25 -0.5)
(0.05 0.35 -0.5)
(0.05 0.45 -0.5)
(0.05 -0.45 -0.4)
(0.05 -0.35 -0.4)
(0.05 -0.25 -0.4)
(0.05 -0.15 -0.4)
(0.05 -0.05 -0.4)
(0.05 0.05 -0.4)
(0.05 0.15 -0.4)
(0.05 0.25 -0.4)
(0.05 0.35 -0.4)
(0.05 0.45 -0.4)
(0.05 -0.45 -0.3)
(0.05 -0.35 -0.3)
(0.05 -0.25 -0.3)
(0.05 -0.15 -0.3)
(0.05 -0.05 -0.3)
(0.05 0.05 -0.3)
(0.05 0.15 -0.3)
(0.05 0.25 -0.3)
(0.05 0.35 -0.3)
(0.05 0.45 -0.3)
(0.05 -0.45 -0.2)
(0.05 -0.35 -0.2)
(0.05 -0.25 -0.2)
(0.05 -0.15 -0.2)
(0.05 -0.05 -0.2)
(0.05 0.05 -0.2)
(0.05 0.15 -0.2)
(0.05 0.25 -0.2)
(0.05 0.35 -0.2)
(0.05 0.45 -0.2)
(0.05 -0.45 -0.1)
(0.05 -0.35 -0.1)
(0.05 -0.25 -0.1)
(0.05 -0.15 -0.1)
(0.05 -0.05 -0.1)
(0.05 0.05 -0.1)
(0.05 0.15 -0.1)
(0.05 0.25 -0.1)
(0.05 0.35 -0.1)
(0.05 0.45 -0.1)
(0.05 -0.45 3.78956e-17)
(0.05 -0.35 -7.57912e-17)
(0.05 -0.25 -7.57912e-17)
(0.05 -0.15 -1.89478e-16)
(0.05 -0.05 -3.78956e-17)
(0.05 0.05 -3.78956e-17)
(0.05 0.15 -9.4739e-17)
(0.05 0.25 -7.57912e-17)
(0.05 0.35 -9.4739e-17)
(0.05 0.45 -3.78956e-17)
(0.05 -0.45 0.1)
(0.05 -0.35 0.1)
(0.05 -0.25 0.1)
(0.05 -0.15 0.1)
(0.05 -0.05 0.1)
(0.05 0.05 0.1)
(0.05 0.15 0.1)
(0.05 0.25 0.1)
(0.05 0.35 0.1)
(0.05 0.45 0.1)
(0.05 -0.45 0.2)
(0.05 -0.35 0.2)
(0.05 -0.25 0.2)
(0.05 -0.15 0.2)
(0.05 -0.05 0.2)
(0.05 0.05 0.2)
(0.05 0.15 0.2)
(0.05 0.25 0.2)
(0.05 0.35 0.2)
(0.05 0.45 0.2)
(0.05 -0.45 0.3)
(0.05 -0.35 0.3)
(0.05 -0.25 0.3)
(0.05 -0.15 0.3)
(0.05 -0.05 0.3)
(0.05 0.05 0.3)
(0.05 0.15 0.3)
(0.05 0.25 0.3)
(0.05 0.35 0.3)
(0.05 0.45 0.3)
(0.05 -0.45 0.4)
(0.05 -0.35 0.4)
(0.05 -0.25 0.4)
(0.05 -0.15 0.4)
(0.05 -0.05 0.4)
(0.05 0.05 0.4)
(0.05 0.15 0.4)
(0.05 0.25 0.4)
(0.05 0.35 0.4)
(0.05 0.45 0.4)
(0.05 -0.45 0.5)
(0.05 -0.35 0.5)
(0.05 -0.25 0.5)
(0.05 -0.15 0.5)
(0.05 -0.05 0.5)
(0.05 0.05 0.5)
(0.05 0.15 0.5)
(0.05 0.25 0.5)
(0.05 0.35 0.5)
(0.05 0.45 0.5)
(0.05 -0.45 0.6)
(0.05 -0.35 0.6)
(0.05 -0.25 0.6)
(0.05 -0.15 0.6)
(0.05 -0.05 0.6)
(0.05 0.05 0.6)
(0.05 0.15 0.6)
(0.05 0.25 0.6)
(0.05 0.35 0.6)
(0.05 0.45 0.6)
(0.05 -0.45 0.7)
(0.05 -0.35 0.7)
(0.05 -0.25 0.7)
(0.05 -0.15 0.7)
(0.05 -0.05 0.7)
(0.05 0.05 0.7)
(0.05 0.15 0.7)
(0.05 0.25 0.7)
(0.05 0.35 0.7)
(0.05 0.45 0.7)
(0.05 -0.45 0.8)
(0.05 -0.35 0.8)
(0.05 -0.25 0.8)
(0.05 -0.15 0.8)
(0.05 -0.05 0.8)
(0.05 0.05 0.8)
(0.05 0.15 0.8)
(0.05 0.25 0.8)
(0.05 0.35 0.8)
(0.05 0.45 0.8)
(0.05 -0.45 0.9)
(0.05 -0.35 0.9)
(0.05 -0.25 0.9)
(0.05 -0.15 0.9)
(0.05 -0.05 0.9)
(0.05 0.05 0.9)
(0.05 0.15 0.9)
(0.05 0.25 0.9)
(0.05 0.35 0.9)
(0.05 0.45 0.9)
(0.05 -0.45 1)
(0.05 -0.35 1)
(0.05 -0.25 1)
(0.05 -0.15 1)
(0.05 -0.05 1)
(0.05 0.05 1)
(0.05 0.15 1)
(0.05 0.25 1)
(0.05 0.35 1)
(0.05 0.45 1)
(0.05 -0.45 1.1)
(0.05 -0.35 1.1)
(0.05 -0.25 1.1)
(0.05 -0.15 1.1)
(0.05 -0.05 1.1)
(0.05 0.05 1.1)
(0.05 0.15 1.1)
(0.05 0.25 1.1)
(0.05 0.35 1.1)
(0.05 0.45 1.1)
(0.05 -0.45 1.2)
(0.05 -0.35 1.2)
(0.05 -0.25 1.2)
(0.05 -0.15 1.2)
(0.05 -0.05 1.2)
(0.05 0.05 1.2)
(0.05 0.15 1.2)
(0.05 0.25 1.2)
(0.05 0.35 1.2)
(0.05 0.45 1.2)
(0.05 -0.45 1.3)
(0.05 -0.35 1.3)
(0.05 -0.25 1.3)
(0.05 -0.15 1.3)
(0.05 -0.05 1.3)
(0.05 0.05 1.3)
(0.05 0.15 1.3)
(0.05 0.25 1.3)
(0.05 0.35 1.3)
(0.05 0.45 1.3)
(0.05 -0.45 1.4)
(0.05 -0.35 1.4)
(0.05 -0.25 1.4)
(0.05 -0.15 1.4)
(0.05 -0.05 1.4)
(0.05 0.05 1.4)
(0.05 0.15 1.4)
(0.05 0.25 1.4)
(0.05 0.35 1.4)
(0.05 0.45 1.4)
(0.05 -0.45 1.5)
(0.05 -0.35 1.5)
(0.05 -0.25 1.5)
(0.05 -0.15 1.5)
(0.05 -0.05 1.5)
(0.05 0.05 1.5)
(0.05 0.15 1.5)
(0.05 0.25 1.5)
(0.05 0.35 1.5)
(0.05 0.45 1.5)
(0.05 -0.45 1.6)
(0.05 -0.35 1.6)
(0.05 -0.25 1.6)
(0.05 -0.15 1.6)
(0.05 -0.05 1.6)
(0.05 0.05 1.6)
(0.05 0.15 1.6)
(0.05 0.25 1.6)
(0.05 0.35 1.6)
(0.05 0.45 1.6)
(0.05 -0.45 1.7)
(0.05 -0.35 1.7)
(0.05 -0.25 1.7)
(0.05 -0.15 1.7)
(0.05 -0.05 1.7)
(0.05 0.05 1.7)
(0.05 0.15 1.7)
(0.05 0.25 1.7)
(0.05 0.35 1.7)
(0.05 0.45 1.7)
(0.05 -0.25 1.8)
(0.05 -0.15 1.8)
(0.05 -0.05 1.8)
(0.05 0.05 1.8)
(0.05 0.15 1.8)
(0.05 0.25 1.8)
(0.05 -0.25 1.9)
(0.05 -0.15 1.9)
(0.05 -0.05 1.9)
(0.05 0.05 1.9)
(0.05 0.15 1.9)
(0.05 0.25 1.9)
(0.05 -0.25 2)
(0.05 -0.15 2)
(0.05 -0.05 2)
(0.05 0.05 2)
(0.05 0.15 2)
(0.05 0.25 2)
(0.05 -0.25 2.1)
(0.05 -0.15 2.1)
(0.05 -0.05 2.1)
(0.05 0.05 2.1)
(0.05 0.15 2.1)
(0.05 0.25 2.1)
(0.05 -0.25 2.2)
(0.05 -0.15 2.2)
(0.05 -0.05 2.2)
(0.05 0.05 2.2)
(0.05 0.15 2.2)
(0.05 0.25 2.2)
(0.05 -0.25 2.3)
(0.05 -0.15 2.3)
(0.05 -0.05 2.3)
(0.05 0.05 2.3)
(0.05 0.15 2.3)
(0.05 0.25 2.3)
(0.05 -0.25 2.4)
(0.05 -0.15 2.4)
(0.05 -0.05 2.4)
(0.05 0.05 2.4)
(0.05 0.15 2.4)
(0.05 0.25 2.4)
(0.05 -0.25 2.5)
(0.05 -0.15 2.5)
(0.05 -0.05 2.5)
(0.05 0.05 2.5)
(0.05 0.15 2.5)
(0.05 0.25 2.5)
(0.05 -0.25 2.6)
(0.05 -0.15 2.6)
(0.05 -0.05 2.6)
(0.05 0.05 2.6)
(0.05 0.15 2.6)
(0.05 0.25 2.6)
(0.05 -0.25 2.7)
(0.05 -0.15 2.7)
(0.05 -0.05 2.7)
(0.05 0.05 2.7)
(0.05 0.15 2.7)
(0.05 0.25 2.7)
(0.05 -0.25 2.8)
(0.05 -0.15 2.8)
(0.05 -0.05 2.8)
(0.05 0.05 2.8)
(0.05 0.15 2.8)
(0.05 0.25 2.8)
(0.05 -0.25 2.9)
(0.05 -0.15 2.9)
(0.05 -0.05 2.9)
(0.05 0.05 2.9)
(0.05 0.15 2.9)
(0.05 0.25 2.9)
(0.15 -0.45 -1.7)
(0.15 -0.35 -1.7)
(0.15 -0.25 -1.7)
(0.15 -0.15 -1.7)
(0.15 -0.05 -1.7)
(0.15 0.05 -1.7)
(0.15 0.15 -1.7)
(0.15 0.25 -1.7)
(0.15 0.35 -1.7)
(0.15 0.45 -1.7)
(0.15 -0.45 -1.6)
(0.15 -0.35 -1.6)
(0.15 -0.25 -1.6)
(0.15 -0.15 -1.6)
(0.15 -0.05 -1.6)
(0.15 0.05 -1.6)
(0.15 0.15 -1.6)
(0.15 0.25 -1.6)
(0.15 0.35 -1.6)
(0.15 0.45 -1.6)
(0.15 -0.45 -1.5)
(0.15 -0.35 -1.5)
(0.15 -0.25 -1.5)
(0.15 -0.15 -1.5)
(0.15 -0.05 -1.5)
(0.15 0.05 -1.5)
(0.15 0.15 -1.5)
(0.15 0.25 -1.5)
(0.15 0.35 -1.5)
(0.15 0.45 -1.5)
(0.15 -0.45 -1.4)
(0.15 -0.35 -1.4)
(0.15 -0.25 -1.4)
(0.15 -0.15 -1.4)
(0.15 -0.05 -1.4)
(0.15 0.05 -1.4)
(0.15 0.15 -1.4)
(0.15 0.25 -1.4)
(0.15 0.35 -1.4)
(0.15 0.45 -1.4)
(0.15 -0.45 -1.3)
(0.15 -0.35 -1.3)
(0.15 -0.25 -1.3)
(0.15 -0.15 -1.3)
(0.15 -0.05 -1.3)
(0.15 0.05 -1.3)
(0.15 0.15 -1.3)
(0.15 0.25 -1.3)
(0.15 0.35 -1.3)
(0.15 0.45 -1.3)
(0.15 -0.45 -1.2)
(0.15 -0.35 -1.2)
(0.15 -0.25 -1.2)
(0.15 -0.15 -1.2)
(0.15 -0.05 -1.2)
(0.15 0.05 -1.2)
(0.15 0.15 -1.2)
(0.15 0.25 -1.2)
(0.15 0.35 -1.2)
(0.15 0.45 -1.2)
(0.15 -0.45 -1.1)
(0.15 -0.35 -1.1)
(0.15 -0.25 -1.1)
(0.15 -0.15 -1.1)
(0.15 -0.05 -1.1)
(0.15 0.05 -1.1)
(0.15 0.15 -1.1)
(0.15 0.25 -1.1)
(0.15 0.35 -1.1)
(0.15 0.45 -1.1)
(0.15 -0.45 -1)
(0.15 -0.35 -1)
(0.15 -0.25 -1)
(0.15 -0.15 -1)
(0.15 -0.05 -1)
(0.15 0.05 -1)
(0.15 0.15 -1)
(0.15 0.25 -1)
(0.15 0.35 -1)
(0.15 0.45 -1)
(0.15 -0.45 -0.9)
(0.15 -0.35 -0.9)
(0.15 -0.25 -0.9)
(0.15 -0.15 -0.9)
(0.15 -0.05 -0.9)
(0.15 0.05 -0.9)
(0.15 0.15 -0.9)
(0.15 0.25 -0.9)
(0.15 0.35 -0.9)
(0.15 0.45 -0.9)
(0.15 -0.45 -0.8)
(0.15 -0.35 -0.8)
(0.15 -0.25 -0.8)
(0.15 -0.15 -0.8)
(0.15 -0.05 -0.8)
(0.15 0.05 -0.8)
(0.15 0.15 -0.8)
(0.15 0.25 -0.8)
(0.15 0.35 -0.8)
(0.15 0.45 -0.8)
(0.15 -0.45 -0.7)
(0.15 -0.35 -0.7)
(0.15 -0.25 -0.7)
(0.15 -0.15 -0.7)
(0.15 -0.05 -0.7)
(0.15 0.05 -0.7)
(0.15 0.15 -0.7)
(0.15 0.25 -0.7)
(0.15 0.35 -0.7)
(0.15 0.45 -0.7)
(0.15 -0.45 -0.6)
(0.15 -0.35 -0.6)
(0.15 -0.25 -0.6)
(0.15 -0.15 -0.6)
(0.15 -0.05 -0.6)
(0.15 0.05 -0.6)
(0.15 0.15 -0.6)
(0.15 0.25 -0.6)
(0.15 0.35 -0.6)
(0.15 0.45 -0.6)
(0.15 -0.45 -0.5)
(0.15 -0.35 -0.5)
(0.15 -0.25 -0.5)
(0.15 -0.15 -0.5)
(0.15 -0.05 -0.5)
(0.15 0.05 -0.5)
(0.15 0.15 -0.5)
(0.15 0.25 -0.5)
(0.15 0.35 -0.5)
(0.15 0.45 -0.5)
(0.15 -0.45 -0.4)
(0.15 -0.35 -0.4)
(0.15 -0.25 -0.4)
(0.15 -0.15 -0.4)
(0.15 -0.05 -0.4)
(0.15 0.05 -0.4)
(0.15 0.15 -0.4)
(0.15 0.25 -0.4)
(0.15 0.35 -0.4)
(0.15 0.45 -0.4)
(0.15 -0.45 -0.3)
(0.15 -0.35 -0.3)
(0.15 -0.25 -0.3)
(0.15 -0.15 -0.3)
(0.15 -0.05 -0.3)
(0.15 0.05 -0.3)
(0.15 0.15 -0.3)
(0.15 0.25 -0.3)
(0.15 0.35 -0.3)
(0.15 0.45 -0.3)
(0.15 -0.45 -0.2)
(0.15 -0.35 -0.2)
(0.15 -0.25 -0.2)
(0.15 -0.15 -0.2)
(0.15 -0.05 -0.2)
(0.15 0.05 -0.2)
(0.15 0.15 -0.2)
(0.15 0.25 -0.2)
(0.15 0.35 -0.2)
(0.15 0.45 -0.2)
(0.15 -0.45 -0.1)
(0.15 -0.35 -0.1)
(0.15 -0.25 -0.1)
(0.15 -0.15 -0.1)
(0.15 -0.05 -0.1)
(0.15 0.05 -0.1)
(0.15 0.15 -0.1)
(0.15 0.25 -0.1)
(0.15 0.35 -0.1)
(0.15 0.45 -0.1)
(0.15 -0.45 -3.78956e-17)
(0.15 -0.35 0)
(0.15 -0.25 -7.57912e-17)
(0.15 -0.15 -1.13687e-16)
(0.15 -0.05 0)
(0.15 0.05 0)
(0.15 0.15 -9.4739e-17)
(0.15 0.25 -7.57912e-17)
(0.15 0.35 1.89478e-17)
(0.15 0.45 -1.89478e-17)
(0.15 -0.45 0.1)
(0.15 -0.35 0.1)
(0.15 -0.25 0.1)
(0.15 -0.15 0.1)
(0.15 -0.05 0.1)
(0.15 0.05 0.1)
(0.15 0.15 0.1)
(0.15 0.25 0.1)
(0.15 0.35 0.1)
(0.15 0.45 0.1)
(0.15 -0.45 0.2)
(0.15 -0.35 0.2)
(0.15 -0.25 0.2)
(0.15 -0.15 0.2)
(0.15 -0.05 0.2)
(0.15 0.05 0.2)
(0.15 0.15 0.2)
(0.15 0.25 0.2)
(0.15 0.35 0.2)
(0.15 0.45 0.2)
(0.15 -0.45 0.3)
(0.15 -0.35 0.3)
(0.15 -0.25 0.3)
(0.15 -0.15 0.3)
(0.15 -0.05 0.3)
(0.15 0.05 0.3)
(0.15 0.15 0.3)
(0.15 0.25 0.3)
(0.15 0.35 0.3)
(0.15 0.45 0.3)
(0.15 -0.45 0.4)
(0.15 -0.35 0.4)
(0.15 -0.25 0.4)
(0.15 -0.15 0.4)
(0.15 -0.05 0.4)
(0.15 0.05 0.4)
(0.15 0.15 0.4)
(0.15 0.25 0.4)
(0.15 0.35 0.4)
(0.15 0.45 0.4)
(0.15 -0.45 0.5)
(0.15 -0.35 0.5)
(0.15 -0.25 0.5)
(0.15 -0.15 0.5)
(0.15 -0.05 0.5)
(0.15 0.05 0.5)
(0.15 0.15 0.5)
(0.15 0.25 0.5)
(0.15 0.35 0.5)
(0.15 0.45 0.5)
(0.15 -0.45 0.6)
(0.15 -0.35 0.6)
(0.15 -0.25 0.6)
(0.15 -0.15 0.6)
(0.15 -0.05 0.6)
(0.15 0.05 0.6)
(0.15 0.15 0.6)
(0.15 0.25 0.6)
(0.15 0.35 0.6)
(0.15 0.45 0.6)
(0.15 -0.45 0.7)
(0.15 -0.35 0.7)
(0.15 -0.25 0.7)
(0.15 -0.15 0.7)
(0.15 -0.05 0.7)
(0.15 0.05 0.7)
(0.15 0.15 0.7)
(0.15 0.25 0.7)
(0.15 0.35 0.7)
(0.15 0.45 0.7)
(0.15 -0.45 0.8)
(0.15 -0.35 0.8)
(0.15 -0.25 0.8)
(0.15 -0.15 0.8)
(0.15 -0.05 0.8)
(0.15 0.05 0.8)
(0.15 0.15 0.8)
(0.15 0.25 0.8)
(0.15 0.35 0.8)
(0.15 0.45 0.8)
(0.15 -0.45 0.9)
(0.15 -0.35 0.9)
(0.15 -0.25 0.9)
(0.15 -0.15 0.9)
(0.15 -0.05 0.9)
(0.15 0.05 0.9)
(0.15 0.15 0.9)
(0.15 0.25 0.9)
(0.15 0.35 0.9)
(0.15 0.45 0.9)
(0.15 -0.45 1)
(0.15 -0.35 1)
(0.15 -0.25 1)
(0.15 -0.15 1)
(0.15 -0.05 1)
(0.15 0.05 1)
(0.15 0.15 1)
(0.15 0.25 1)
(0.15 0.35 1)
(0.15 0.45 1)
(0.15 -0.45 1.1)
(0.15 -0.35 1.1)
(0.15 -0.25 1.1)
(0.15 -0.15 1.1)
(0.15 -0.05 1.1)
(0.15 0.05 1.1)
(0.15 0.15 1.1)
(0.15 0.25 1.1)
(0.15 0.35 1.1)
(0.15 0.45 1.1)
(0.15 -0.45 1.2)
(0.15 -0.35 1.2)
(0.15 -0.25 1.2)
(0.15 -0.15 1.2)
(0.15 -0.05 1.2)
(0.15 0.05 1.2)
(0.15 0.15 1.2)
(0.15 0.25 1.2)
(0.15 0.35 1.2)
(0.15 0.45 1.2)
(0.15 -0.45 1.3)
(0.15 -0.35 1.3)
(0.15 -0.25 1.3)
(0.15 -0.15 1.3)
(0.15 -0.05 1.3)
(0.15 0.05 1.3)
(0.15 0.15 1.3)
(0.15 0.25 1.3)
(0.15 0.35 1.3)
(0.15 0.45 1.3)
(0.15 -0.45 1.4)
(0.15 -0.35 1.4)
(0.15 -0.25 1.4)
(0.15 -0.15 1.4)
(0.15 -0.05 1.4)
(0.15 0.05 1.4)
(0.15 0.15 1.4)
(0.15 0.25 1.4)
(0.15 0.35 1.4)
(0.15 0.45 1.4)
(0.15 -0.45 1.5)
(0.15 -0.35 1.5)
(0.15 -0.25 1.5)
(0.15 -0.15 1.5)
(0.15 -0.05 1.5)
(0.15 0.05 1.5)
(0.15 0.15 1.5)
(0.15 0.25 1.5)
(0.15 0.35 1.5)
(0.15 0.45 1.5)
(0.15 -0.45 1.6)
(0.15 -0.35 1.6)
(0.15 -0.25 1.6)
(0.15 -0.15 1.6)
(0.15 -0.05 1.6)
(0.15 0.05 1.6)
(0.15 0.15 1.6)
(0.15 0.25 1.6)
(0.15 0.35 1.6)
(0.15 0.45 1.6)
(0.15 -0.45 1.7)
(0.15 -0.35 1.7)
(0.15 -0.25 1.7)
(0.15 -0.15 1.7)
(0.15 -0.05 1.7)
(0.15 0.05 1.7)
(0.15 0.15 1.7)
(0.15 0.25 1.7)
(0.15 0.35 1.7)
(0.15 0.45 1.7)
(0.15 -0.25 1.8)
(0.15 -0.15 1.8)
(0.15 -0.05 1.8)
(0.15 0.05 1.8)
(0.15 0.15 1.8)
(0.15 0.25 1.8)
(0.15 -0.25 1.9)
(0.15 -0.15 1.9)
(0.15 -0.05 1.9)
(0.15 0.05 1.9)
(0.15 0.15 1.9)
(0.15 0.25 1.9)
(0.15 -0.25 2)
(0.15 -0.15 2)
(0.15 -0.05 2)
(0.15 0.05 2)
(0.15 0.15 2)
(0.15 0.25 2)
(0.15 -0.25 2.1)
(0.15 -0.15 2.1)
(0.15 -0.05 2.1)
(0.15 0.05 2.1)
(0.15 0.15 2.1)
(0.15 0.25 2.1)
(0.15 -0.25 2.2)
(0.15 -0.15 2.2)
(0.15 -0.05 2.2)
(0.15 0.05 2.2)
(0.15 0.15 2.2)
(0.15 0.25 2.2)
(0.15 -0.25 2.3)
(0.15 -0.15 2.3)
(0.15 -0.05 2.3)
(0.15 0.05 2.3)
(0.15 0.15 2.3)
(0.15 0.25 2.3)
(0.15 -0.25 2.4)
(0.15 -0.15 2.4)
(0.15 -0.05 2.4)
(0.15 0.05 2.4)
(0.15 0.15 2.4)
(0.15 0.25 2.4)
(0.15 -0.25 2.5)
(0.15 -0.15 2.5)
(0.15 -0.05 2.5)
(0.15 0.05 2.5)
(0.15 0.15 2.5)
(0.15 0.25 2.5)
(0.15 -0.25 2.6)
(0.15 -0.15 2.6)
(0.15 -0.05 2.6)
(0.15 0.05 2.6)
(0.15 0.15 2.6)
(0.15 0.25 2.6)
(0.15 -0.25 2.7)
(0.15 -0.15 2.7)
(0.15 -0.05 2.7)
(0.15 0.05 2.7)
(0.15 0.15 2.7)
(0.15 0.25 2.7)
(0.15 -0.25 2.8)
(0.15 -0.15 2.8)
(0.15 -0.05 2.8)
(0.15 0.05 2.8)
(0.15 0.15 2.8)
(0.15 0.25 2.8)
(0.15 -0.25 2.9)
(0.15 -0.15 2.9)
(0.15 -0.05 2.9)
(0.15 0.05 2.9)
(0.15 0.15 2.9)
(0.15 0.25 2.9)
(0.25 -0.45 -1.7)
(0.25 -0.35 -1.7)
(0.25 -0.25 -1.7)
(0.25 -0.15 -1.7)
(0.25 -0.05 -1.7)
(0.25 0.05 -1.7)
(0.25 0.15 -1.7)
(0.25 0.25 -1.7)
(0.25 0.35 -1.7)
(0.25 0.45 -1.7)
(0.25 -0.45 -1.6)
(0.25 -0.35 -1.6)
(0.25 -0.25 -1.6)
(0.25 -0.15 -1.6)
(0.25 -0.05 -1.6)
(0.25 0.05 -1.6)
(0.25 0.15 -1.6)
(0.25 0.25 -1.6)
(0.25 0.35 -1.6)
(0.25 0.45 -1.6)
(0.25 -0.45 -1.5)
(0.25 -0.35 -1.5)
(0.25 -0.25 -1.5)
(0.25 -0.15 -1.5)
(0.25 -0.05 -1.5)
(0.25 0.05 -1.5)
(0.25 0.15 -1.5)
(0.25 0.25 -1.5)
(0.25 0.35 -1.5)
(0.25 0.45 -1.5)
(0.25 -0.45 -1.4)
(0.25 -0.35 -1.4)
(0.25 -0.25 -1.4)
(0.25 -0.15 -1.4)
(0.25 -0.05 -1.4)
(0.25 0.05 -1.4)
(0.25 0.15 -1.4)
(0.25 0.25 -1.4)
(0.25 0.35 -1.4)
(0.25 0.45 -1.4)
(0.25 -0.45 -1.3)
(0.25 -0.35 -1.3)
(0.25 -0.25 -1.3)
(0.25 -0.15 -1.3)
(0.25 -0.05 -1.3)
(0.25 0.05 -1.3)
(0.25 0.15 -1.3)
(0.25 0.25 -1.3)
(0.25 0.35 -1.3)
(0.25 0.45 -1.3)
(0.25 -0.45 -1.2)
(0.25 -0.35 -1.2)
(0.25 -0.25 -1.2)
(0.25 -0.15 -1.2)
(0.25 -0.05 -1.2)
(0.25 0.05 -1.2)
(0.25 0.15 -1.2)
(0.25 0.25 -1.2)
(0.25 0.35 -1.2)
(0.25 0.45 -1.2)
(0.25 -0.45 -1.1)
(0.25 -0.35 -1.1)
(0.25 -0.25 -1.1)
(0.25 -0.15 -1.1)
(0.25 -0.05 -1.1)
(0.25 0.05 -1.1)
(0.25 0.15 -1.1)
(0.25 0.25 -1.1)
(0.25 0.35 -1.1)
(0.25 0.45 -1.1)
(0.25 -0.45 -1)
(0.25 -0.35 -1)
(0.25 -0.25 -1)
(0.25 -0.15 -1)
(0.25 -0.05 -1)
(0.25 0.05 -1)
(0.25 0.15 -1)
(0.25 0.25 -1)
(0.25 0.35 -1)
(0.25 0.45 -1)
(0.25 -0.45 -0.9)
(0.25 -0.35 -0.9)
(0.25 -0.25 -0.9)
(0.25 -0.15 -0.9)
(0.25 -0.05 -0.9)
(0.25 0.05 -0.9)
(0.25 0.15 -0.9)
(0.25 0.25 -0.9)
(0.25 0.35 -0.9)
(0.25 0.45 -0.9)
(0.25 -0.45 -0.8)
(0.25 -0.35 -0.8)
(0.25 -0.25 -0.8)
(0.25 -0.15 -0.8)
(0.25 -0.05 -0.8)
(0.25 0.05 -0.8)
(0.25 0.15 -0.8)
(0.25 0.25 -0.8)
(0.25 0.35 -0.8)
(0.25 0.45 -0.8)
(0.25 -0.45 -0.7)
(0.25 -0.35 -0.7)
(0.25 -0.25 -0.7)
(0.25 -0.15 -0.7)
(0.25 -0.05 -0.7)
(0.25 0.05 -0.7)
(0.25 0.15 -0.7)
(0.25 0.25 -0.7)
(0.25 0.35 -0.7)
(0.25 0.45 -0.7)
(0.25 -0.45 -0.6)
(0.25 -0.35 -0.6)
(0.25 -0.25 -0.6)
(0.25 -0.15 -0.6)
(0.25 -0.05 -0.6)
(0.25 0.05 -0.6)
(0.25 0.15 -0.6)
(0.25 0.25 -0.6)
(0.25 0.35 -0.6)
(0.25 0.45 -0.6)
(0.25 -0.45 -0.5)
(0.25 -0.35 -0.5)
(0.25 -0.25 -0.5)
(0.25 -0.15 -0.5)
(0.25 -0.05 -0.5)
(0.25 0.05 -0.5)
(0.25 0.15 -0.5)
(0.25 0.25 -0.5)
(0.25 0.35 -0.5)
(0.25 0.45 -0.5)
(0.25 -0.45 -0.4)
(0.25 -0.35 -0.4)
(0.25 -0.25 -0.4)
(0.25 -0.15 -0.4)
(0.25 -0.05 -0.4)
(0.25 0.05 -0.4)
(0.25 0.15 -0.4)
(0.25 0.25 -0.4)
(0.25 0.35 -0.4)
(0.25 0.45 -0.4)
(0.25 -0.45 -0.3)
(0.25 -0.35 -0.3)
(0.25 -0.25 -0.3)
(0.25 -0.15 -0.3)
(0.25 -0.05 -0.3)
(0.25 0.05 -0.3)
(0.25 0.15 -0.3)
(0.25 0.25 -0.3)
(0.25 0.35 -0.3)
(0.25 0.45 -0.3)
(0.25 -0.45 -0.2)
(0.25 -0.35 -0.2)
(0.25 -0.25 -0.2)
(0.25 -0.15 -0.2)
(0.25 -0.05 -0.2)
(0.25 0.05 -0.2)
(0.25 0.15 -0.2)
(0.25 0.25 -0.2)
(0.25 0.35 -0.2)
(0.25 0.45 -0.2)
(0.25 -0.45 -0.1)
(0.25 -0.35 -0.1)
(0.25 -0.25 -0.1)
(0.25 -0.15 -0.1)
(0.25 -0.05 -0.1)
(0.25 0.05 -0.1)
(0.25 0.15 -0.1)
(0.25 0.25 -0.1)
(0.25 0.35 -0.1)
(0.25 0.45 -0.1)
(0.25 -0.45 -3.78956e-17)
(0.25 -0.35 0)
(0.25 -0.25 0)
(0.25 -0.15 -1.13687e-16)
(0.25 -0.05 0)
(0.25 0.05 0)
(0.25 0.15 -1.89478e-17)
(0.25 0.25 0)
(0.25 0.35 -1.89478e-17)
(0.25 0.45 -3.78956e-17)
(0.25 -0.45 0.1)
(0.25 -0.35 0.1)
(0.25 -0.25 0.1)
(0.25 -0.15 0.1)
(0.25 -0.05 0.1)
(0.25 0.05 0.1)
(0.25 0.15 0.1)
(0.25 0.25 0.1)
(0.25 0.35 0.1)
(0.25 0.45 0.1)
(0.25 -0.45 0.2)
(0.25 -0.35 0.2)
(0.25 -0.25 0.2)
(0.25 -0.15 0.2)
(0.25 -0.05 0.2)
(0.25 0.05 0.2)
(0.25 0.15 0.2)
(0.25 0.25 0.2)
(0.25 0.35 0.2)
(0.25 0.45 0.2)
(0.25 -0.45 0.3)
(0.25 -0.35 0.3)
(0.25 -0.25 0.3)
(0.25 -0.15 0.3)
(0.25 -0.05 0.3)
(0.25 0.05 0.3)
(0.25 0.15 0.3)
(0.25 0.25 0.3)
(0.25 0.35 0.3)
(0.25 0.45 0.3)
(0.25 -0.45 0.4)
(0.25 -0.35 0.4)
(0.25 -0.25 0.4)
(0.25 -0.15 0.4)
(0.25 -0.05 0.4)
(0.25 0.05 0.4)
(0.25 0.15 0.4)
(0.25 0.25 0.4)
(0.25 0.35 0.4)
(0.25 0.45 0.4)
(0.25 -0.45 0.5)
(0.25 -0.35 0.5)
(0.25 -0.25 0.5)
(0.25 -0.15 0.5)
(0.25 -0.05 0.5)
(0.25 0.05 0.5)
(0.25 0.15 0.5)
(0.25 0.25 0.5)
(0.25 0.35 0.5)
(0.25 0.45 0.5)
(0.25 -0.45 0.6)
(0.25 -0.35 0.6)
(0.25 -0.25 0.6)
(0.25 -0.15 0.6)
(0.25 -0.05 0.6)
(0.25 0.05 0.6)
(0.25 0.15 0.6)
(0.25 0.25 0.6)
(0.25 0.35 0.6)
(0.25 0.45 0.6)
(0.25 -0.45 0.7)
(0.25 -0.35 0.7)
(0.25 -0.25 0.7)
(0.25 -0.15 0.7)
(0.25 -0.05 0.7)
(0.25 0.05 0.7)
(0.25 0.15 0.7)
(0.25 0.25 0.7)
(0.25 0.35 0.7)
(0.25 0.45 0.7)
(0.25 -0.45 0.8)
(0.25 -0.35 0.8)
(0.25 -0.25 0.8)
(0.25 -0.15 0.8)
(0.25 -0.05 0.8)
(0.25 0.05 0.8)
(0.25 0.15 0.8)
(0.25 0.25 0.8)
(0.25 0.35 0.8)
(0.25 0.45 0.8)
(0.25 -0.45 0.9)
(0.25 -0.35 0.9)
(0.25 -0.25 0.9)
(0.25 -0.15 0.9)
(0.25 -0.05 0.9)
(0.25 0.05 0.9)
(0.25 0.15 0.9)
(0.25 0.25 0.9)
(0.25 0.35 0.9)
(0.25 0.45 0.9)
(0.25 -0.45 1)
(0.25 -0.35 1)
(0.25 -0.25 1)
(0.25 -0.15 1)
(0.25 -0.05 1)
(0.25 0.05 1)
(0.25 0.15 1)
(0.25 0.25 1)
(0.25 0.35 1)
(0.25 0.45 1)
(0.25 -0.45 1.1)
(0.25 -0.35 1.1)
(0.25 -0.25 1.1)
(0.25 -0.15 1.1)
(0.25 -0.05 1.1)
(0.25 0.05 1.1)
(0.25 0.15 1.1)
(0.25 0.25 1.1)
(0.25 0.35 1.1)
(0.25 0.45 1.1)
(0.25 -0.45 1.2)
(0.25 -0.35 1.2)
(0.25 -0.25 1.2)
(0.25 -0.15 1.2)
(0.25 -0.05 1.2)
(0.25 0.05 1.2)
(0.25 0.15 1.2)
(0.25 0.25 1.2)
(0.25 0.35 1.2)
(0.25 0.45 1.2)
(0.25 -0.45 1.3)
(0.25 -0.35 1.3)
(0.25 -0.25 1.3)
(0.25 -0.15 1.3)
(0.25 -0.05 1.3)
(0.25 0.05 1.3)
(0.25 0.15 1.3)
(0.25 0.25 1.3)
(0.25 0.35 1.3)
(0.25 0.45 1.3)
(0.25 -0.45 1.4)
(0.25 -0.35 1.4)
(0.25 -0.25 1.4)
(0.25 -0.15 1.4)
(0.25 -0.05 1.4)
(0.25 0.05 1.4)
(0.25 0.15 1.4)
(0.25 0.25 1.4)
(0.25 0.35 1.4)
(0.25 0.45 1.4)
(0.25 -0.45 1.5)
(0.25 -0.35 1.5)
(0.25 -0.25 1.5)
(0.25 -0.15 1.5)
(0.25 -0.05 1.5)
(0.25 0.05 1.5)
(0.25 0.15 1.5)
(0.25 0.25 1.5)
(0.25 0.35 1.5)
(0.25 0.45 1.5)
(0.25 -0.45 1.6)
(0.25 -0.35 1.6)
(0.25 -0.25 1.6)
(0.25 -0.15 1.6)
(0.25 -0.05 1.6)
(0.25 0.05 1.6)
(0.25 0.15 1.6)
(0.25 0.25 1.6)
(0.25 0.35 1.6)
(0.25 0.45 1.6)
(0.25 -0.45 1.7)
(0.25 -0.35 1.7)
(0.25 -0.25 1.7)
(0.25 -0.15 1.7)
(0.25 -0.05 1.7)
(0.25 0.05 1.7)
(0.25 0.15 1.7)
(0.25 0.25 1.7)
(0.25 0.35 1.7)
(0.25 0.45 1.7)
(0.25 -0.25 1.8)
(0.25 -0.15 1.8)
(0.25 -0.05 1.8)
(0.25 0.05 1.8)
(0.25 0.15 1.8)
(0.25 0.25 1.8)
(0.25 -0.25 1.9)
(0.25 -0.15 1.9)
(0.25 -0.05 1.9)
(0.25 0.05 1.9)
(0.25 0.15 1.9)
(0.25 0.25 1.9)
(0.25 -0.25 2)
(0.25 -0.15 2)
(0.25 -0.05 2)
(0.25 0.05 2)
(0.25 0.15 2)
(0.25 0.25 2)
(0.25 -0.25 2.1)
(0.25 -0.15 2.1)
(0.25 -0.05 2.1)
(0.25 0.05 2.1)
(0.25 0.15 2.1)
(0.25 0.25 2.1)
(0.25 -0.25 2.2)
(0.25 -0.15 2.2)
(0.25 -0.05 2.2)
(0.25 0.05 2.2)
(0.25 0.15 2.2)
(0.25 0.25 2.2)
(0.25 -0.25 2.3)
(0.25 -0.15 2.3)
(0.25 -0.05 2.3)
(0.25 0.05 2.3)
(0.25 0.15 2.3)
(0.25 0.25 2.3)
(0.25 -0.25 2.4)
(0.25 -0.15 2.4)
(0.25 -0.05 2.4)
(0.25 0.05 2.4)
(0.25 0.15 2.4)
(0.25 0.25 2.4)
(0.25 -0.25 2.5)
(0.25 -0.15 2.5)
(0.25 -0.05 2.5)
(0.25 0.05 2.5)
(0.25 0.15 2.5)
(0.25 0.25 2.5)
(0.25 -0.25 2.6)
(0.25 -0.15 2.6)
(0.25 -0.05 2.6)
(0.25 0.05 2.6)
(0.25 0.15 2.6)
(0.25 0.25 2.6)
(0.25 -0.25 2.7)
(0.25 -0.15 2.7)
(0.25 -0.05 2.7)
(0.25 0.05 2.7)
(0.25 0.15 2.7)
(0.25 0.25 2.7)
(0.25 -0.25 2.8)
(0.25 -0.15 2.8)
(0.25 -0.05 2.8)
(0.25 0.05 2.8)
(0.25 0.15 2.8)
(0.25 0.25 2.8)
(0.25 -0.25 2.9)
(0.25 -0.15 2.9)
(0.25 -0.05 2.9)
(0.25 0.05 2.9)
(0.25 0.15 2.9)
(0.25 0.25 2.9)
(0.35 -0.45 -1.7)
(0.35 -0.35 -1.7)
(0.35 -0.25 -1.7)
(0.35 -0.15 -1.7)
(0.35 -0.05 -1.7)
(0.35 0.05 -1.7)
(0.35 0.15 -1.7)
(0.35 0.25 -1.7)
(0.35 0.35 -1.7)
(0.35 0.45 -1.7)
(0.35 -0.45 -1.6)
(0.35 -0.35 -1.6)
(0.35 -0.25 -1.6)
(0.35 -0.15 -1.6)
(0.35 -0.05 -1.6)
(0.35 0.05 -1.6)
(0.35 0.15 -1.6)
(0.35 0.25 -1.6)
(0.35 0.35 -1.6)
(0.35 0.45 -1.6)
(0.35 -0.45 -1.5)
(0.35 -0.35 -1.5)
(0.35 -0.25 -1.5)
(0.35 -0.15 -1.5)
(0.35 -0.05 -1.5)
(0.35 0.05 -1.5)
(0.35 0.15 -1.5)
(0.35 0.25 -1.5)
(0.35 0.35 -1.5)
(0.35 0.45 -1.5)
(0.35 -0.45 -1.4)
(0.35 -0.35 -1.4)
(0.35 -0.25 -1.4)
(0.35 -0.15 -1.4)
(0.35 -0.05 -1.4)
(0.35 0.05 -1.4)
(0.35 0.15 -1.4)
(0.35 0.25 -1.4)
(0.35 0.35 -1.4)
(0.35 0.45 -1.4)
(0.35 -0.45 -1.3)
(0.35 -0.35 -1.3)
(0.35 -0.25 -1.3)
(0.35 -0.15 -1.3)
(0.35 -0.05 -1.3)
(0.35 0.05 -1.3)
(0.35 0.15 -1.3)
(0.35 0.25 -1.3)
(0.35 0.35 -1.3)
(0.35 0.45 -1.3)
(0.35 -0.45 -1.2)
(0.35 -0.35 -1.2)
(0.35 -0.25 -1.2)
(0.35 -0.15 -1.2)
(0.35 -0.05 -1.2)
(0.35 0.05 -1.2)
(0.35 0.15 -1.2)
(0.35 0.25 -1.2)
(0.35 0.35 -1.2)
(0.35 0.45 -1.2)
(0.35 -0.45 -1.1)
(0.35 -0.35 -1.1)
(0.35 -0.25 -1.1)
(0.35 -0.15 -1.1)
(0.35 -0.05 -1.1)
(0.35 0.05 -1.1)
(0.35 0.15 -1.1)
(0.35 0.25 -1.1)
(0.35 0.35 -1.1)
(0.35 0.45 -1.1)
(0.35 -0.45 -1)
(0.35 -0.35 -1)
(0.35 -0.25 -1)
(0.35 -0.15 -1)
(0.35 -0.05 -1)
(0.35 0.05 -1)
(0.35 0.15 -1)
(0.35 0.25 -1)
(0.35 0.35 -1)
(0.35 0.45 -1)
(0.35 -0.45 -0.9)
(0.35 -0.35 -0.9)
(0.35 -0.25 -0.9)
(0.35 -0.15 -0.9)
(0.35 -0.05 -0.9)
(0.35 0.05 -0.9)
(0.35 0.15 -0.9)
(0.35 0.25 -0.9)
(0.35 0.35 -0.9)
(0.35 0.45 -0.9)
(0.35 -0.45 -0.8)
(0.35 -0.35 -0.8)
(0.35 -0.25 -0.8)
(0.35 -0.15 -0.8)
(0.35 -0.05 -0.8)
(0.35 0.05 -0.8)
(0.35 0.15 -0.8)
(0.35 0.25 -0.8)
(0.35 0.35 -0.8)
(0.35 0.45 -0.8)
(0.35 -0.45 -0.7)
(0.35 -0.35 -0.7)
(0.35 -0.25 -0.7)
(0.35 -0.15 -0.7)
(0.35 -0.05 -0.7)
(0.35 0.05 -0.7)
(0.35 0.15 -0.7)
(0.35 0.25 -0.7)
(0.35 0.35 -0.7)
(0.35 0.45 -0.7)
(0.35 -0.45 -0.6)
(0.35 -0.35 -0.6)
(0.35 -0.25 -0.6)
(0.35 -0.15 -0.6)
(0.35 -0.05 -0.6)
(0.35 0.05 -0.6)
(0.35 0.15 -0.6)
(0.35 0.25 -0.6)
(0.35 0.35 -0.6)
(0.35 0.45 -0.6)
(0.35 -0.45 -0.5)
(0.35 -0.35 -0.5)
(0.35 -0.25 -0.5)
(0.35 -0.15 -0.5)
(0.35 -0.05 -0.5)
(0.35 0.05 -0.5)
(0.35 0.15 -0.5)
(0.35 0.25 -0.5)
(0.35 0.35 -0.5)
(0.35 0.45 -0.5)
(0.35 -0.45 -0.4)
(0.35 -0.35 -0.4)
(0.35 -0.25 -0.4)
(0.35 -0.15 -0.4)
(0.35 -0.05 -0.4)
(0.35 0.05 -0.4)
(0.35 0.15 -0.4)
(0.35 0.25 -0.4)
(0.35 0.35 -0.4)
(0.35 0.45 -0.4)
(0.35 -0.45 -0.3)
(0.35 -0.35 -0.3)
(0.35 -0.25 -0.3)
(0.35 -0.15 -0.3)
(0.35 -0.05 -0.3)
(0.35 0.05 -0.3)
(0.35 0.15 -0.3)
(0.35 0.25 -0.3)
(0.35 0.35 -0.3)
(0.35 0.45 -0.3)
(0.35 -0.45 -0.2)
(0.35 -0.35 -0.2)
(0.35 -0.25 -0.2)
(0.35 -0.15 -0.2)
(0.35 -0.05 -0.2)
(0.35 0.05 -0.2)
(0.35 0.15 -0.2)
(0.35 0.25 -0.2)
(0.35 0.35 -0.2)
(0.35 0.45 -0.2)
(0.35 -0.45 -0.1)
(0.35 -0.35 -0.1)
(0.35 -0.25 -0.1)
(0.35 -0.15 -0.1)
(0.35 -0.05 -0.1)
(0.35 0.05 -0.1)
(0.35 0.15 -0.1)
(0.35 0.25 -0.1)
(0.35 0.35 -0.1)
(0.35 0.45 -0.1)
(0.35 -0.45 -3.78956e-17)
(0.35 -0.35 -7.57912e-17)
(0.35 -0.25 -7.57912e-17)
(0.35 -0.15 -1.51582e-16)
(0.35 -0.05 -3.78956e-17)
(0.35 0.05 -3.78956e-17)
(0.35 0.15 1.89478e-17)
(0.35 0.25 -7.57912e-17)
(0.35 0.35 -9.4739e-17)
(0.35 0.45 -1.89478e-17)
(0.35 -0.45 0.1)
(0.35 -0.35 0.1)
(0.35 -0.25 0.1)
(0.35 -0.15 0.1)
(0.35 -0.05 0.1)
(0.35 0.05 0.1)
(0.35 0.15 0.1)
(0.35 0.25 0.1)
(0.35 0.35 0.1)
(0.35 0.45 0.1)
(0.35 -0.45 0.2)
(0.35 -0.35 0.2)
(0.35 -0.25 0.2)
(0.35 -0.15 0.2)
(0.35 -0.05 0.2)
(0.35 0.05 0.2)
(0.35 0.15 0.2)
(0.35 0.25 0.2)
(0.35 0.35 0.2)
(0.35 0.45 0.2)
(0.35 -0.45 0.3)
(0.35 -0.35 0.3)
(0.35 -0.25 0.3)
(0.35 -0.15 0.3)
(0.35 -0.05 0.3)
(0.35 0.05 0.3)
(0.35 0.15 0.3)
(0.35 0.25 0.3)
(0.35 0.35 0.3)
(0.35 0.45 0.3)
(0.35 -0.45 0.4)
(0.35 -0.35 0.4)
(0.35 -0.25 0.4)
(0.35 -0.15 0.4)
(0.35 -0.05 0.4)
(0.35 0.05 0.4)
(0.35 0.15 0.4)
(0.35 0.25 0.4)
(0.35 0.35 0.4)
(0.35 0.45 0.4)
(0.35 -0.45 0.5)
(0.35 -0.35 0.5)
(0.35 -0.25 0.5)
(0.35 -0.15 0.5)
(0.35 -0.05 0.5)
(0.35 0.05 0.5)
(0.35 0.15 0.5)
(0.35 0.25 0.5)
(0.35 0.35 0.5)
(0.35 0.45 0.5)
(0.35 -0.45 0.6)
(0.35 -0.35 0.6)
(0.35 -0.25 0.6)
(0.35 -0.15 0.6)
(0.35 -0.05 0.6)
(0.35 0.05 0.6)
(0.35 0.15 0.6)
(0.35 0.25 0.6)
(0.35 0.35 0.6)
(0.35 0.45 0.6)
(0.35 -0.45 0.7)
(0.35 -0.35 0.7)
(0.35 -0.25 0.7)
(0.35 -0.15 0.7)
(0.35 -0.05 0.7)
(0.35 0.05 0.7)
(0.35 0.15 0.7)
(0.35 0.25 0.7)
(0.35 0.35 0.7)
(0.35 0.45 0.7)
(0.35 -0.45 0.8)
(0.35 -0.35 0.8)
(0.35 -0.25 0.8)
(0.35 -0.15 0.8)
(0.35 -0.05 0.8)
(0.35 0.05 0.8)
(0.35 0.15 0.8)
(0.35 0.25 0.8)
(0.35 0.35 0.8)
(0.35 0.45 0.8)
(0.35 -0.45 0.9)
(0.35 -0.35 0.9)
(0.35 -0.25 0.9)
(0.35 -0.15 0.9)
(0.35 -0.05 0.9)
(0.35 0.05 0.9)
(0.35 0.15 0.9)
(0.35 0.25 0.9)
(0.35 0.35 0.9)
(0.35 0.45 0.9)
(0.35 -0.45 1)
(0.35 -0.35 1)
(0.35 -0.25 1)
(0.35 -0.15 1)
(0.35 -0.05 1)
(0.35 0.05 1)
(0.35 0.15 1)
(0.35 0.25 1)
(0.35 0.35 1)
(0.35 0.45 1)
(0.35 -0.45 1.1)
(0.35 -0.35 1.1)
(0.35 -0.25 1.1)
(0.35 -0.15 1.1)
(0.35 -0.05 1.1)
(0.35 0.05 1.1)
(0.35 0.15 1.1)
(0.35 0.25 1.1)
(0.35 0.35 1.1)
(0.35 0.45 1.1)
(0.35 -0.45 1.2)
(0.35 -0.35 1.2)
(0.35 -0.25 1.2)
(0.35 -0.15 1.2)
(0.35 -0.05 1.2)
(0.35 0.05 1.2)
(0.35 0.15 1.2)
(0.35 0.25 1.2)
(0.35 0.35 1.2)
(0.35 0.45 1.2)
(0.35 -0.45 1.3)
(0.35 -0.35 1.3)
(0.35 -0.25 1.3)
(0.35 -0.15 1.3)
(0.35 -0.05 1.3)
(0.35 0.05 1.3)
(0.35 0.15 1.3)
(0.35 0.25 1.3)
(0.35 0.35 1.3)
(0.35 0.45 1.3)
(0.35 -0.45 1.4)
(0.35 -0.35 1.4)
(0.35 -0.25 1.4)
(0.35 -0.15 1.4)
(0.35 -0.05 1.4)
(0.35 0.05 1.4)
(0.35 0.15 1.4)
(0.35 0.25 1.4)
(0.35 0.35 1.4)
(0.35 0.45 1.4)
(0.35 -0.45 1.5)
(0.35 -0.35 1.5)
(0.35 -0.25 1.5)
(0.35 -0.15 1.5)
(0.35 -0.05 1.5)
(0.35 0.05 1.5)
(0.35 0.15 1.5)
(0.35 0.25 1.5)
(0.35 0.35 1.5)
(0.35 0.45 1.5)
(0.35 -0.45 1.6)
(0.35 -0.35 1.6)
(0.35 -0.25 1.6)
(0.35 -0.15 1.6)
(0.35 -0.05 1.6)
(0.35 0.05 1.6)
(0.35 0.15 1.6)
(0.35 0.25 1.6)
(0.35 0.35 1.6)
(0.35 0.45 1.6)
(0.35 -0.45 1.7)
(0.35 -0.35 1.7)
(0.35 -0.25 1.7)
(0.35 -0.15 1.7)
(0.35 -0.05 1.7)
(0.35 0.05 1.7)
(0.35 0.15 1.7)
(0.35 0.25 1.7)
(0.35 0.35 1.7)
(0.35 0.45 1.7)
(0.45 -0.45 -1.7)
(0.45 -0.35 -1.7)
(0.45 -0.25 -1.7)
(0.45 -0.15 -1.7)
(0.45 -0.05 -1.7)
(0.45 0.05 -1.7)
(0.45 0.15 -1.7)
(0.45 0.25 -1.7)
(0.45 0.35 -1.7)
(0.45 0.45 -1.7)
(0.45 -0.45 -1.6)
(0.45 -0.35 -1.6)
(0.45 -0.25 -1.6)
(0.45 -0.15 -1.6)
(0.45 -0.05 -1.6)
(0.45 0.05 -1.6)
(0.45 0.15 -1.6)
(0.45 0.25 -1.6)
(0.45 0.35 -1.6)
(0.45 0.45 -1.6)
(0.45 -0.45 -1.5)
(0.45 -0.35 -1.5)
(0.45 -0.25 -1.5)
(0.45 -0.15 -1.5)
(0.45 -0.05 -1.5)
(0.45 0.05 -1.5)
(0.45 0.15 -1.5)
(0.45 0.25 -1.5)
(0.45 0.35 -1.5)
(0.45 0.45 -1.5)
(0.45 -0.45 -1.4)
(0.45 -0.35 -1.4)
(0.45 -0.25 -1.4)
(0.45 -0.15 -1.4)
(0.45 -0.05 -1.4)
(0.45 0.05 -1.4)
(0.45 0.15 -1.4)
(0.45 0.25 -1.4)
(0.45 0.35 -1.4)
(0.45 0.45 -1.4)
(0.45 -0.45 -1.3)
(0.45 -0.35 -1.3)
(0.45 -0.25 -1.3)
(0.45 -0.15 -1.3)
(0.45 -0.05 -1.3)
(0.45 0.05 -1.3)
(0.45 0.15 -1.3)
(0.45 0.25 -1.3)
(0.45 0.35 -1.3)
(0.45 0.45 -1.3)
(0.45 -0.45 -1.2)
(0.45 -0.35 -1.2)
(0.45 -0.25 -1.2)
(0.45 -0.15 -1.2)
(0.45 -0.05 -1.2)
(0.45 0.05 -1.2)
(0.45 0.15 -1.2)
(0.45 0.25 -1.2)
(0.45 0.35 -1.2)
(0.45 0.45 -1.2)
(0.45 -0.45 -1.1)
(0.45 -0.35 -1.1)
(0.45 -0.25 -1.1)
(0.45 -0.15 -1.1)
(0.45 -0.05 -1.1)
(0.45 0.05 -1.1)
(0.45 0.15 -1.1)
(0.45 0.25 -1.1)
(0.45 0.35 -1.1)
(0.45 0.45 -1.1)
(0.45 -0.45 -1)
(0.45 -0.35 -1)
(0.45 -0.25 -1)
(0.45 -0.15 -1)
(0.45 -0.05 -1)
(0.45 0.05 -1)
(0.45 0.15 -1)
(0.45 0.25 -1)
(0.45 0.35 -1)
(0.45 0.45 -1)
(0.45 -0.45 -0.9)
(0.45 -0.35 -0.9)
(0.45 -0.25 -0.9)
(0.45 -0.15 -0.9)
(0.45 -0.05 -0.9)
(0.45 0.05 -0.9)
(0.45 0.15 -0.9)
(0.45 0.25 -0.9)
(0.45 0.35 -0.9)
(0.45 0.45 -0.9)
(0.45 -0.45 -0.8)
(0.45 -0.35 -0.8)
(0.45 -0.25 -0.8)
(0.45 -0.15 -0.8)
(0.45 -0.05 -0.8)
(0.45 0.05 -0.8)
(0.45 0.15 -0.8)
(0.45 0.25 -0.8)
(0.45 0.35 -0.8)
(0.45 0.45 -0.8)
(0.45 -0.45 -0.7)
(0.45 -0.35 -0.7)
(0.45 -0.25 -0.7)
(0.45 -0.15 -0.7)
(0.45 -0.05 -0.7)
(0.45 0.05 -0.7)
(0.45 0.15 -0.7)
(0.45 0.25 -0.7)
(0.45 0.35 -0.7)
(0.45 0.45 -0.7)
(0.45 -0.45 -0.6)
(0.45 -0.35 -0.6)
(0.45 -0.25 -0.6)
(0.45 -0.15 -0.6)
(0.45 -0.05 -0.6)
(0.45 0.05 -0.6)
(0.45 0.15 -0.6)
(0.45 0.25 -0.6)
(0.45 0.35 -0.6)
(0.45 0.45 -0.6)
(0.45 -0.45 -0.5)
(0.45 -0.35 -0.5)
(0.45 -0.25 -0.5)
(0.45 -0.15 -0.5)
(0.45 -0.05 -0.5)
(0.45 0.05 -0.5)
(0.45 0.15 -0.5)
(0.45 0.25 -0.5)
(0.45 0.35 -0.5)
(0.45 0.45 -0.5)
(0.45 -0.45 -0.4)
(0.45 -0.35 -0.4)
(0.45 -0.25 -0.4)
(0.45 -0.15 -0.4)
(0.45 -0.05 -0.4)
(0.45 0.05 -0.4)
(0.45 0.15 -0.4)
(0.45 0.25 -0.4)
(0.45 0.35 -0.4)
(0.45 0.45 -0.4)
(0.45 -0.45 -0.3)
(0.45 -0.35 -0.3)
(0.45 -0.25 -0.3)
(0.45 -0.15 -0.3)
(0.45 -0.05 -0.3)
(0.45 0.05 -0.3)
(0.45 0.15 -0.3)
(0.45 0.25 -0.3)
(0.45 0.35 -0.3)
(0.45 0.45 -0.3)
(0.45 -0.45 -0.2)
(0.45 -0.35 -0.2)
(0.45 -0.25 -0.2)
(0.45 -0.15 -0.2)
(0.45 -0.05 -0.2)
(0.45 0.05 -0.2)
(0.45 0.15 -0.2)
(0.45 0.25 -0.2)
(0.45 0.35 -0.2)
(0.45 0.45 -0.2)
(0.45 -0.45 -0.1)
(0.45 -0.35 -0.1)
(0.45 -0.25 -0.1)
(0.45 -0.15 -0.1)
(0.45 -0.05 -0.1)
(0.45 0.05 -0.1)
(0.45 0.15 -0.1)
(0.45 0.25 -0.1)
(0.45 0.35 -0.1)
(0.45 0.45 -0.1)
(0.45 -0.45 -1.13687e-16)
(0.45 -0.35 -7.57912e-17)
(0.45 -0.25 -7.57912e-17)
(0.45 -0.15 -1.13687e-16)
(0.45 -0.05 -1.13687e-16)
(0.45 0.05 -1.13687e-16)
(0.45 0.15 -9.4739e-17)
(0.45 0.25 -7.57912e-17)
(0.45 0.35 -9.4739e-17)
(0.45 0.45 -1.13687e-16)
(0.45 -0.45 0.1)
(0.45 -0.35 0.1)
(0.45 -0.25 0.1)
(0.45 -0.15 0.1)
(0.45 -0.05 0.1)
(0.45 0.05 0.1)
(0.45 0.15 0.1)
(0.45 0.25 0.1)
(0.45 0.35 0.1)
(0.45 0.45 0.1)
(0.45 -0.45 0.2)
(0.45 -0.35 0.2)
(0.45 -0.25 0.2)
(0.45 -0.15 0.2)
(0.45 -0.05 0.2)
(0.45 0.05 0.2)
(0.45 0.15 0.2)
(0.45 0.25 0.2)
(0.45 0.35 0.2)
(0.45 0.45 0.2)
(0.45 -0.45 0.3)
(0.45 -0.35 0.3)
(0.45 -0.25 0.3)
(0.45 -0.15 0.3)
(0.45 -0.05 0.3)
(0.45 0.05 0.3)
(0.45 0.15 0.3)
(0.45 0.25 0.3)
(0.45 0.35 0.3)
(0.45 0.45 0.3)
(0.45 -0.45 0.4)
(0.45 -0.35 0.4)
(0.45 -0.25 0.4)
(0.45 -0.15 0.4)
(0.45 -0.05 0.4)
(0.45 0.05 0.4)
(0.45 0.15 0.4)
(0.45 0.25 0.4)
(0.45 0.35 0.4)
(0.45 0.45 0.4)
(0.45 -0.45 0.5)
(0.45 -0.35 0.5)
(0.45 -0.25 0.5)
(0.45 -0.15 0.5)
(0.45 -0.05 0.5)
(0.45 0.05 0.5)
(0.45 0.15 0.5)
(0.45 0.25 0.5)
(0.45 0.35 0.5)
(0.45 0.45 0.5)
(0.45 -0.45 0.6)
(0.45 -0.35 0.6)
(0.45 -0.25 0.6)
(0.45 -0.15 0.6)
(0.45 -0.05 0.6)
(0.45 0.05 0.6)
(0.45 0.15 0.6)
(0.45 0.25 0.6)
(0.45 0.35 0.6)
(0.45 0.45 0.6)
(0.45 -0.45 0.7)
(0.45 -0.35 0.7)
(0.45 -0.25 0.7)
(0.45 -0.15 0.7)
(0.45 -0.05 0.7)
(0.45 0.05 0.7)
(0.45 0.15 0.7)
(0.45 0.25 0.7)
(0.45 0.35 0.7)
(0.45 0.45 0.7)
(0.45 -0.45 0.8)
(0.45 -0.35 0.8)
(0.45 -0.25 0.8)
(0.45 -0.15 0.8)
(0.45 -0.05 0.8)
(0.45 0.05 0.8)
(0.45 0.15 0.8)
(0.45 0.25 0.8)
(0.45 0.35 0.8)
(0.45 0.45 0.8)
(0.45 -0.45 0.9)
(0.45 -0.35 0.9)
(0.45 -0.25 0.9)
(0.45 -0.15 0.9)
(0.45 -0.05 0.9)
(0.45 0.05 0.9)
(0.45 0.15 0.9)
(0.45 0.25 0.9)
(0.45 0.35 0.9)
(0.45 0.45 0.9)
(0.45 -0.45 1)
(0.45 -0.35 1)
(0.45 -0.25 1)
(0.45 -0.15 1)
(0.45 -0.05 1)
(0.45 0.05 1)
(0.45 0.15 1)
(0.45 0.25 1)
(0.45 0.35 1)
(0.45 0.45 1)
(0.45 -0.45 1.1)
(0.45 -0.35 1.1)
(0.45 -0.25 1.1)
(0.45 -0.15 1.1)
(0.45 -0.05 1.1)
(0.45 0.05 1.1)
(0.45 0.15 1.1)
(0.45 0.25 1.1)
(0.45 0.35 1.1)
(0.45 0.45 1.1)
(0.45 -0.45 1.2)
(0.45 -0.35 1.2)
(0.45 -0.25 1.2)
(0.45 -0.15 1.2)
(0.45 -0.05 1.2)
(0.45 0.05 1.2)
(0.45 0.15 1.2)
(0.45 0.25 1.2)
(0.45 0.35 1.2)
(0.45 0.45 1.2)
(0.45 -0.45 1.3)
(0.45 -0.35 1.3)
(0.45 -0.25 1.3)
(0.45 -0.15 1.3)
(0.45 -0.05 1.3)
(0.45 0.05 1.3)
(0.45 0.15 1.3)
(0.45 0.25 1.3)
(0.45 0.35 1.3)
(0.45 0.45 1.3)
(0.45 -0.45 1.4)
(0.45 -0.35 1.4)
(0.45 -0.25 1.4)
(0.45 -0.15 1.4)
(0.45 -0.05 1.4)
(0.45 0.05 1.4)
(0.45 0.15 1.4)
(0.45 0.25 1.4)
(0.45 0.35 1.4)
(0.45 0.45 1.4)
(0.45 -0.45 1.5)
(0.45 -0.35 1.5)
(0.45 -0.25 1.5)
(0.45 -0.15 1.5)
(0.45 -0.05 1.5)
(0.45 0.05 1.5)
(0.45 0.15 1.5)
(0.45 0.25 1.5)
(0.45 0.35 1.5)
(0.45 0.45 1.5)
(0.45 -0.45 1.6)
(0.45 -0.35 1.6)
(0.45 -0.25 1.6)
(0.45 -0.15 1.6)
(0.45 -0.05 1.6)
(0.45 0.05 1.6)
(0.45 0.15 1.6)
(0.45 0.25 1.6)
(0.45 0.35 1.6)
(0.45 0.45 1.6)
(0.45 -0.45 1.7)
(0.45 -0.35 1.7)
(0.45 -0.25 1.7)
(0.45 -0.15 1.7)
(0.45 -0.05 1.7)
(0.45 0.05 1.7)
(0.45 0.15 1.7)
(0.45 0.25 1.7)
(0.45 0.35 1.7)
(0.45 0.45 1.7)
)


// ************************************************************************* //
