/*--------------------------------*- C++ -*----------------------------------*\
  =========                 |
  \\      /  F ield         | OpenFOAM: The Open Source CFD Toolbox
   \\    /   O peration     | Website:  https://openfoam.org
    \\  /    A nd           | Version:  6
     \\/     M anipulation  |
\*---------------------------------------------------------------------------*/
FoamFile
{
    version     2.0;
    format      ascii;
    class       vectorField;
    location    "constant/polyMesh";
    object      points;
}
// * * * * * * * * * * * * * * * * * * * * * * * * * * * * * * * * * * * * * //


1377
(
(0 0 0)
(0.00125 0 0)
(0.0025 0 0)
(0.00375 0 0)
(0.005 0 0)
(0.00625 0 0)
(0.0075 0 0)
(0.00875 0 0)
(0.01 0 0)
(0 0.00125 0)
(0.00125 0.00125 0)
(0.0025 0.00125 0)
(0.00375 0.00125 0)
(0.005 0.00125 0)
(0.00625 0.00125 0)
(0.0075 0.00125 0)
(0.00875 0.00125 0)
(0.01 0.00125 0)
(0 0.0025 0)
(0.00125 0.0025 0)
(0.0025 0.0025 0)
(0.00375 0.0025 0)
(0.005 0.0025 0)
(0.00625 0.0025 0)
(0.0075 0.0025 0)
(0.00875 0.0025 0)
(0.01 0.0025 0)
(0 0.00375 0)
(0.00125 0.00375 0)
(0.0025 0.00375 0)
(0.00375 0.00375 0)
(0.005 0.00375 0)
(0.00625 0.00375 0)
(0.0075 0.00375 0)
(0.00875 0.00375 0)
(0.01 0.00375 0)
(0 0.005 0)
(0.00125 0.005 0)
(0.0025 0.005 0)
(0.00375 0.005 0)
(0.005 0.005 0)
(0.00625 0.005 0)
(0.0075 0.005 0)
(0.00875 0.005 0)
(0.01 0.005 0)
(0 0.00625 0)
(0.00125 0.00625 0)
(0.0025 0.00625 0)
(0.00375 0.00625 0)
(0.005 0.00625 0)
(0.00625 0.00625 0)
(0.0075 0.00625 0)
(0.00875 0.00625 0)
(0.01 0.00625 0)
(0 0.0075 0)
(0.00125 0.0075 0)
(0.0025 0.0075 0)
(0.00375 0.0075 0)
(0.005 0.0075 0)
(0.00625 0.0075 0)
(0.0075 0.0075 0)
(0.00875 0.0075 0)
(0.01 0.0075 0)
(0 0.00875 0)
(0.00125 0.00875 0)
(0.0025 0.00875 0)
(0.00375 0.00875 0)
(0.005 0.00875 0)
(0.00625 0.00875 0)
(0.0075 0.00875 0)
(0.00875 0.00875 0)
(0.01 0.00875 0)
(0 0.01 0)
(0.00125 0.01 0)
(0.0025 0.01 0)
(0.00375 0.01 0)
(0.005 0.01 0)
(0.00625 0.01 0)
(0.0075 0.01 0)
(0.00875 0.01 0)
(0.01 0.01 0)
(0 0.01125 0)
(0.00125 0.01125 0)
(0.0025 0.01125 0)
(0.00375 0.01125 0)
(0.005 0.01125 0)
(0.00625 0.01125 0)
(0.0075 0.01125 0)
(0.00875 0.01125 0)
(0.01 0.01125 0)
(0 0.0125 0)
(0.00125 0.0125 0)
(0.0025 0.0125 0)
(0.00375 0.0125 0)
(0.005 0.0125 0)
(0.00625 0.0125 0)
(0.0075 0.0125 0)
(0.00875 0.0125 0)
(0.01 0.0125 0)
(0 0.01375 0)
(0.00125 0.01375 0)
(0.0025 0.01375 0)
(0.00375 0.01375 0)
(0.005 0.01375 0)
(0.00625 0.01375 0)
(0.0075 0.01375 0)
(0.00875 0.01375 0)
(0.01 0.01375 0)
(0 0.015 0)
(0.00125 0.015 0)
(0.0025 0.015 0)
(0.00375 0.015 0)
(0.005 0.015 0)
(0.00625 0.015 0)
(0.0075 0.015 0)
(0.00875 0.015 0)
(0.01 0.015 0)
(0 0.01625 0)
(0.00125 0.01625 0)
(0.0025 0.01625 0)
(0.00375 0.01625 0)
(0.005 0.01625 0)
(0.00625 0.01625 0)
(0.0075 0.01625 0)
(0.00875 0.01625 0)
(0.01 0.01625 0)
(0 0.0175 0)
(0.00125 0.0175 0)
(0.0025 0.0175 0)
(0.00375 0.0175 0)
(0.005 0.0175 0)
(0.00625 0.0175 0)
(0.0075 0.0175 0)
(0.00875 0.0175 0)
(0.01 0.0175 0)
(0 0.01875 0)
(0.00125 0.01875 0)
(0.0025 0.01875 0)
(0.00375 0.01875 0)
(0.005 0.01875 0)
(0.00625 0.01875 0)
(0.0075 0.01875 0)
(0.00875 0.01875 0)
(0.01 0.01875 0)
(0 0.02 0)
(0.00125 0.02 0)
(0.0025 0.02 0)
(0.00375 0.02 0)
(0.005 0.02 0)
(0.00625 0.02 0)
(0.0075 0.02 0)
(0.00875 0.02 0)
(0.01 0.02 0)
(0 0 0.00125)
(0.00125 0 0.00125)
(0.0025 0 0.00125)
(0.00375 0 0.00125)
(0.005 0 0.00125)
(0.00625 0 0.00125)
(0.0075 0 0.00125)
(0.00875 0 0.00125)
(0.01 0 0.00125)
(0 0.00125 0.00125)
(0.00125 0.00125 0.00125)
(0.0025 0.00125 0.00125)
(0.00375 0.00125 0.00125)
(0.005 0.00125 0.00125)
(0.00625 0.00125 0.00125)
(0.0075 0.00125 0.00125)
(0.00875 0.00125 0.00125)
(0.01 0.00125 0.00125)
(0 0.0025 0.00125)
(0.00125 0.0025 0.00125)
(0.0025 0.0025 0.00125)
(0.00375 0.0025 0.00125)
(0.005 0.0025 0.00125)
(0.00625 0.0025 0.00125)
(0.0075 0.0025 0.00125)
(0.00875 0.0025 0.00125)
(0.01 0.0025 0.00125)
(0 0.00375 0.00125)
(0.00125 0.00375 0.00125)
(0.0025 0.00375 0.00125)
(0.00375 0.00375 0.00125)
(0.005 0.00375 0.00125)
(0.00625 0.00375 0.00125)
(0.0075 0.00375 0.00125)
(0.00875 0.00375 0.00125)
(0.01 0.00375 0.00125)
(0 0.005 0.00125)
(0.00125 0.005 0.00125)
(0.0025 0.005 0.00125)
(0.00375 0.005 0.00125)
(0.005 0.005 0.00125)
(0.00625 0.005 0.00125)
(0.0075 0.005 0.00125)
(0.00875 0.005 0.00125)
(0.01 0.005 0.00125)
(0 0.00625 0.00125)
(0.00125 0.00625 0.00125)
(0.0025 0.00625 0.00125)
(0.00375 0.00625 0.00125)
(0.005 0.00625 0.00125)
(0.00625 0.00625 0.00125)
(0.0075 0.00625 0.00125)
(0.00875 0.00625 0.00125)
(0.01 0.00625 0.00125)
(0 0.0075 0.00125)
(0.00125 0.0075 0.00125)
(0.0025 0.0075 0.00125)
(0.00375 0.0075 0.00125)
(0.005 0.0075 0.00125)
(0.00625 0.0075 0.00125)
(0.0075 0.0075 0.00125)
(0.00875 0.0075 0.00125)
(0.01 0.0075 0.00125)
(0 0.00875 0.00125)
(0.00125 0.00875 0.00125)
(0.0025 0.00875 0.00125)
(0.00375 0.00875 0.00125)
(0.005 0.00875 0.00125)
(0.00625 0.00875 0.00125)
(0.0075 0.00875 0.00125)
(0.00875 0.00875 0.00125)
(0.01 0.00875 0.00125)
(0 0.01 0.00125)
(0.00125 0.01 0.00125)
(0.0025 0.01 0.00125)
(0.00375 0.01 0.00125)
(0.005 0.01 0.00125)
(0.00625 0.01 0.00125)
(0.0075 0.01 0.00125)
(0.00875 0.01 0.00125)
(0.01 0.01 0.00125)
(0 0.01125 0.00125)
(0.00125 0.01125 0.00125)
(0.0025 0.01125 0.00125)
(0.00375 0.01125 0.00125)
(0.005 0.01125 0.00125)
(0.00625 0.01125 0.00125)
(0.0075 0.01125 0.00125)
(0.00875 0.01125 0.00125)
(0.01 0.01125 0.00125)
(0 0.0125 0.00125)
(0.00125 0.0125 0.00125)
(0.0025 0.0125 0.00125)
(0.00375 0.0125 0.00125)
(0.005 0.0125 0.00125)
(0.00625 0.0125 0.00125)
(0.0075 0.0125 0.00125)
(0.00875 0.0125 0.00125)
(0.01 0.0125 0.00125)
(0 0.01375 0.00125)
(0.00125 0.01375 0.00125)
(0.0025 0.01375 0.00125)
(0.00375 0.01375 0.00125)
(0.005 0.01375 0.00125)
(0.00625 0.01375 0.00125)
(0.0075 0.01375 0.00125)
(0.00875 0.01375 0.00125)
(0.01 0.01375 0.00125)
(0 0.015 0.00125)
(0.00125 0.015 0.00125)
(0.0025 0.015 0.00125)
(0.00375 0.015 0.00125)
(0.005 0.015 0.00125)
(0.00625 0.015 0.00125)
(0.0075 0.015 0.00125)
(0.00875 0.015 0.00125)
(0.01 0.015 0.00125)
(0 0.01625 0.00125)
(0.00125 0.01625 0.00125)
(0.0025 0.01625 0.00125)
(0.00375 0.01625 0.00125)
(0.005 0.01625 0.00125)
(0.00625 0.01625 0.00125)
(0.0075 0.01625 0.00125)
(0.00875 0.01625 0.00125)
(0.01 0.01625 0.00125)
(0 0.0175 0.00125)
(0.00125 0.0175 0.00125)
(0.0025 0.0175 0.00125)
(0.00375 0.0175 0.00125)
(0.005 0.0175 0.00125)
(0.00625 0.0175 0.00125)
(0.0075 0.0175 0.00125)
(0.00875 0.0175 0.00125)
(0.01 0.0175 0.00125)
(0 0.01875 0.00125)
(0.00125 0.01875 0.00125)
(0.0025 0.01875 0.00125)
(0.00375 0.01875 0.00125)
(0.005 0.01875 0.00125)
(0.00625 0.01875 0.00125)
(0.0075 0.01875 0.00125)
(0.00875 0.01875 0.00125)
(0.01 0.01875 0.00125)
(0 0.02 0.00125)
(0.00125 0.02 0.00125)
(0.0025 0.02 0.00125)
(0.00375 0.02 0.00125)
(0.005 0.02 0.00125)
(0.00625 0.02 0.00125)
(0.0075 0.02 0.00125)
(0.00875 0.02 0.00125)
(0.01 0.02 0.00125)
(0 0 0.0025)
(0.00125 0 0.0025)
(0.0025 0 0.0025)
(0.00375 0 0.0025)
(0.005 0 0.0025)
(0.00625 0 0.0025)
(0.0075 0 0.0025)
(0.00875 0 0.0025)
(0.01 0 0.0025)
(0 0.00125 0.0025)
(0.00125 0.00125 0.0025)
(0.0025 0.00125 0.0025)
(0.00375 0.00125 0.0025)
(0.005 0.00125 0.0025)
(0.00625 0.00125 0.0025)
(0.0075 0.00125 0.0025)
(0.00875 0.00125 0.0025)
(0.01 0.00125 0.0025)
(0 0.0025 0.0025)
(0.00125 0.0025 0.0025)
(0.0025 0.0025 0.0025)
(0.00375 0.0025 0.0025)
(0.005 0.0025 0.0025)
(0.00625 0.0025 0.0025)
(0.0075 0.0025 0.0025)
(0.00875 0.0025 0.0025)
(0.01 0.0025 0.0025)
(0 0.00375 0.0025)
(0.00125 0.00375 0.0025)
(0.0025 0.00375 0.0025)
(0.00375 0.00375 0.0025)
(0.005 0.00375 0.0025)
(0.00625 0.00375 0.0025)
(0.0075 0.00375 0.0025)
(0.00875 0.00375 0.0025)
(0.01 0.00375 0.0025)
(0 0.005 0.0025)
(0.00125 0.005 0.0025)
(0.0025 0.005 0.0025)
(0.00375 0.005 0.0025)
(0.005 0.005 0.0025)
(0.00625 0.005 0.0025)
(0.0075 0.005 0.0025)
(0.00875 0.005 0.0025)
(0.01 0.005 0.0025)
(0 0.00625 0.0025)
(0.00125 0.00625 0.0025)
(0.0025 0.00625 0.0025)
(0.00375 0.00625 0.0025)
(0.005 0.00625 0.0025)
(0.00625 0.00625 0.0025)
(0.0075 0.00625 0.0025)
(0.00875 0.00625 0.0025)
(0.01 0.00625 0.0025)
(0 0.0075 0.0025)
(0.00125 0.0075 0.0025)
(0.0025 0.0075 0.0025)
(0.00375 0.0075 0.0025)
(0.005 0.0075 0.0025)
(0.00625 0.0075 0.0025)
(0.0075 0.0075 0.0025)
(0.00875 0.0075 0.0025)
(0.01 0.0075 0.0025)
(0 0.00875 0.0025)
(0.00125 0.00875 0.0025)
(0.0025 0.00875 0.0025)
(0.00375 0.00875 0.0025)
(0.005 0.00875 0.0025)
(0.00625 0.00875 0.0025)
(0.0075 0.00875 0.0025)
(0.00875 0.00875 0.0025)
(0.01 0.00875 0.0025)
(0 0.01 0.0025)
(0.00125 0.01 0.0025)
(0.0025 0.01 0.0025)
(0.00375 0.01 0.0025)
(0.005 0.01 0.0025)
(0.00625 0.01 0.0025)
(0.0075 0.01 0.0025)
(0.00875 0.01 0.0025)
(0.01 0.01 0.0025)
(0 0.01125 0.0025)
(0.00125 0.01125 0.0025)
(0.0025 0.01125 0.0025)
(0.00375 0.01125 0.0025)
(0.005 0.01125 0.0025)
(0.00625 0.01125 0.0025)
(0.0075 0.01125 0.0025)
(0.00875 0.01125 0.0025)
(0.01 0.01125 0.0025)
(0 0.0125 0.0025)
(0.00125 0.0125 0.0025)
(0.0025 0.0125 0.0025)
(0.00375 0.0125 0.0025)
(0.005 0.0125 0.0025)
(0.00625 0.0125 0.0025)
(0.0075 0.0125 0.0025)
(0.00875 0.0125 0.0025)
(0.01 0.0125 0.0025)
(0 0.01375 0.0025)
(0.00125 0.01375 0.0025)
(0.0025 0.01375 0.0025)
(0.00375 0.01375 0.0025)
(0.005 0.01375 0.0025)
(0.00625 0.01375 0.0025)
(0.0075 0.01375 0.0025)
(0.00875 0.01375 0.0025)
(0.01 0.01375 0.0025)
(0 0.015 0.0025)
(0.00125 0.015 0.0025)
(0.0025 0.015 0.0025)
(0.00375 0.015 0.0025)
(0.005 0.015 0.0025)
(0.00625 0.015 0.0025)
(0.0075 0.015 0.0025)
(0.00875 0.015 0.0025)
(0.01 0.015 0.0025)
(0 0.01625 0.0025)
(0.00125 0.01625 0.0025)
(0.0025 0.01625 0.0025)
(0.00375 0.01625 0.0025)
(0.005 0.01625 0.0025)
(0.00625 0.01625 0.0025)
(0.0075 0.01625 0.0025)
(0.00875 0.01625 0.0025)
(0.01 0.01625 0.0025)
(0 0.0175 0.0025)
(0.00125 0.0175 0.0025)
(0.0025 0.0175 0.0025)
(0.00375 0.0175 0.0025)
(0.005 0.0175 0.0025)
(0.00625 0.0175 0.0025)
(0.0075 0.0175 0.0025)
(0.00875 0.0175 0.0025)
(0.01 0.0175 0.0025)
(0 0.01875 0.0025)
(0.00125 0.01875 0.0025)
(0.0025 0.01875 0.0025)
(0.00375 0.01875 0.0025)
(0.005 0.01875 0.0025)
(0.00625 0.01875 0.0025)
(0.0075 0.01875 0.0025)
(0.00875 0.01875 0.0025)
(0.01 0.01875 0.0025)
(0 0.02 0.0025)
(0.00125 0.02 0.0025)
(0.0025 0.02 0.0025)
(0.00375 0.02 0.0025)
(0.005 0.02 0.0025)
(0.00625 0.02 0.0025)
(0.0075 0.02 0.0025)
(0.00875 0.02 0.0025)
(0.01 0.02 0.0025)
(0 0 0.00375)
(0.00125 0 0.00375)
(0.0025 0 0.00375)
(0.00375 0 0.00375)
(0.005 0 0.00375)
(0.00625 0 0.00375)
(0.0075 0 0.00375)
(0.00875 0 0.00375)
(0.01 0 0.00375)
(0 0.00125 0.00375)
(0.00125 0.00125 0.00375)
(0.0025 0.00125 0.00375)
(0.00375 0.00125 0.00375)
(0.005 0.00125 0.00375)
(0.00625 0.00125 0.00375)
(0.0075 0.00125 0.00375)
(0.00875 0.00125 0.00375)
(0.01 0.00125 0.00375)
(0 0.0025 0.00375)
(0.00125 0.0025 0.00375)
(0.0025 0.0025 0.00375)
(0.00375 0.0025 0.00375)
(0.005 0.0025 0.00375)
(0.00625 0.0025 0.00375)
(0.0075 0.0025 0.00375)
(0.00875 0.0025 0.00375)
(0.01 0.0025 0.00375)
(0 0.00375 0.00375)
(0.00125 0.00375 0.00375)
(0.0025 0.00375 0.00375)
(0.00375 0.00375 0.00375)
(0.005 0.00375 0.00375)
(0.00625 0.00375 0.00375)
(0.0075 0.00375 0.00375)
(0.00875 0.00375 0.00375)
(0.01 0.00375 0.00375)
(0 0.005 0.00375)
(0.00125 0.005 0.00375)
(0.0025 0.005 0.00375)
(0.00375 0.005 0.00375)
(0.005 0.005 0.00375)
(0.00625 0.005 0.00375)
(0.0075 0.005 0.00375)
(0.00875 0.005 0.00375)
(0.01 0.005 0.00375)
(0 0.00625 0.00375)
(0.00125 0.00625 0.00375)
(0.0025 0.00625 0.00375)
(0.00375 0.00625 0.00375)
(0.005 0.00625 0.00375)
(0.00625 0.00625 0.00375)
(0.0075 0.00625 0.00375)
(0.00875 0.00625 0.00375)
(0.01 0.00625 0.00375)
(0 0.0075 0.00375)
(0.00125 0.0075 0.00375)
(0.0025 0.0075 0.00375)
(0.00375 0.0075 0.00375)
(0.005 0.0075 0.00375)
(0.00625 0.0075 0.00375)
(0.0075 0.0075 0.00375)
(0.00875 0.0075 0.00375)
(0.01 0.0075 0.00375)
(0 0.00875 0.00375)
(0.00125 0.00875 0.00375)
(0.0025 0.00875 0.00375)
(0.00375 0.00875 0.00375)
(0.005 0.00875 0.00375)
(0.00625 0.00875 0.00375)
(0.0075 0.00875 0.00375)
(0.00875 0.00875 0.00375)
(0.01 0.00875 0.00375)
(0 0.01 0.00375)
(0.00125 0.01 0.00375)
(0.0025 0.01 0.00375)
(0.00375 0.01 0.00375)
(0.005 0.01 0.00375)
(0.00625 0.01 0.00375)
(0.0075 0.01 0.00375)
(0.00875 0.01 0.00375)
(0.01 0.01 0.00375)
(0 0.01125 0.00375)
(0.00125 0.01125 0.00375)
(0.0025 0.01125 0.00375)
(0.00375 0.01125 0.00375)
(0.005 0.01125 0.00375)
(0.00625 0.01125 0.00375)
(0.0075 0.01125 0.00375)
(0.00875 0.01125 0.00375)
(0.01 0.01125 0.00375)
(0 0.0125 0.00375)
(0.00125 0.0125 0.00375)
(0.0025 0.0125 0.00375)
(0.00375 0.0125 0.00375)
(0.005 0.0125 0.00375)
(0.00625 0.0125 0.00375)
(0.0075 0.0125 0.00375)
(0.00875 0.0125 0.00375)
(0.01 0.0125 0.00375)
(0 0.01375 0.00375)
(0.00125 0.01375 0.00375)
(0.0025 0.01375 0.00375)
(0.00375 0.01375 0.00375)
(0.005 0.01375 0.00375)
(0.00625 0.01375 0.00375)
(0.0075 0.01375 0.00375)
(0.00875 0.01375 0.00375)
(0.01 0.01375 0.00375)
(0 0.015 0.00375)
(0.00125 0.015 0.00375)
(0.0025 0.015 0.00375)
(0.00375 0.015 0.00375)
(0.005 0.015 0.00375)
(0.00625 0.015 0.00375)
(0.0075 0.015 0.00375)
(0.00875 0.015 0.00375)
(0.01 0.015 0.00375)
(0 0.01625 0.00375)
(0.00125 0.01625 0.00375)
(0.0025 0.01625 0.00375)
(0.00375 0.01625 0.00375)
(0.005 0.01625 0.00375)
(0.00625 0.01625 0.00375)
(0.0075 0.01625 0.00375)
(0.00875 0.01625 0.00375)
(0.01 0.01625 0.00375)
(0 0.0175 0.00375)
(0.00125 0.0175 0.00375)
(0.0025 0.0175 0.00375)
(0.00375 0.0175 0.00375)
(0.005 0.0175 0.00375)
(0.00625 0.0175 0.00375)
(0.0075 0.0175 0.00375)
(0.00875 0.0175 0.00375)
(0.01 0.0175 0.00375)
(0 0.01875 0.00375)
(0.00125 0.01875 0.00375)
(0.0025 0.01875 0.00375)
(0.00375 0.01875 0.00375)
(0.005 0.01875 0.00375)
(0.00625 0.01875 0.00375)
(0.0075 0.01875 0.00375)
(0.00875 0.01875 0.00375)
(0.01 0.01875 0.00375)
(0 0.02 0.00375)
(0.00125 0.02 0.00375)
(0.0025 0.02 0.00375)
(0.00375 0.02 0.00375)
(0.005 0.02 0.00375)
(0.00625 0.02 0.00375)
(0.0075 0.02 0.00375)
(0.00875 0.02 0.00375)
(0.01 0.02 0.00375)
(0 0 0.005)
(0.00125 0 0.005)
(0.0025 0 0.005)
(0.00375 0 0.005)
(0.005 0 0.005)
(0.00625 0 0.005)
(0.0075 0 0.005)
(0.00875 0 0.005)
(0.01 0 0.005)
(0 0.00125 0.005)
(0.00125 0.00125 0.005)
(0.0025 0.00125 0.005)
(0.00375 0.00125 0.005)
(0.005 0.00125 0.005)
(0.00625 0.00125 0.005)
(0.0075 0.00125 0.005)
(0.00875 0.00125 0.005)
(0.01 0.00125 0.005)
(0 0.0025 0.005)
(0.00125 0.0025 0.005)
(0.0025 0.0025 0.005)
(0.00375 0.0025 0.005)
(0.005 0.0025 0.005)
(0.00625 0.0025 0.005)
(0.0075 0.0025 0.005)
(0.00875 0.0025 0.005)
(0.01 0.0025 0.005)
(0 0.00375 0.005)
(0.00125 0.00375 0.005)
(0.0025 0.00375 0.005)
(0.00375 0.00375 0.005)
(0.005 0.00375 0.005)
(0.00625 0.00375 0.005)
(0.0075 0.00375 0.005)
(0.00875 0.00375 0.005)
(0.01 0.00375 0.005)
(0 0.005 0.005)
(0.00125 0.005 0.005)
(0.0025 0.005 0.005)
(0.00375 0.005 0.005)
(0.005 0.005 0.005)
(0.00625 0.005 0.005)
(0.0075 0.005 0.005)
(0.00875 0.005 0.005)
(0.01 0.005 0.005)
(0 0.00625 0.005)
(0.00125 0.00625 0.005)
(0.0025 0.00625 0.005)
(0.00375 0.00625 0.005)
(0.005 0.00625 0.005)
(0.00625 0.00625 0.005)
(0.0075 0.00625 0.005)
(0.00875 0.00625 0.005)
(0.01 0.00625 0.005)
(0 0.0075 0.005)
(0.00125 0.0075 0.005)
(0.0025 0.0075 0.005)
(0.00375 0.0075 0.005)
(0.005 0.0075 0.005)
(0.00625 0.0075 0.005)
(0.0075 0.0075 0.005)
(0.00875 0.0075 0.005)
(0.01 0.0075 0.005)
(0 0.00875 0.005)
(0.00125 0.00875 0.005)
(0.0025 0.00875 0.005)
(0.00375 0.00875 0.005)
(0.005 0.00875 0.005)
(0.00625 0.00875 0.005)
(0.0075 0.00875 0.005)
(0.00875 0.00875 0.005)
(0.01 0.00875 0.005)
(0 0.01 0.005)
(0.00125 0.01 0.005)
(0.0025 0.01 0.005)
(0.00375 0.01 0.005)
(0.005 0.01 0.005)
(0.00625 0.01 0.005)
(0.0075 0.01 0.005)
(0.00875 0.01 0.005)
(0.01 0.01 0.005)
(0 0.01125 0.005)
(0.00125 0.01125 0.005)
(0.0025 0.01125 0.005)
(0.00375 0.01125 0.005)
(0.005 0.01125 0.005)
(0.00625 0.01125 0.005)
(0.0075 0.01125 0.005)
(0.00875 0.01125 0.005)
(0.01 0.01125 0.005)
(0 0.0125 0.005)
(0.00125 0.0125 0.005)
(0.0025 0.0125 0.005)
(0.00375 0.0125 0.005)
(0.005 0.0125 0.005)
(0.00625 0.0125 0.005)
(0.0075 0.0125 0.005)
(0.00875 0.0125 0.005)
(0.01 0.0125 0.005)
(0 0.01375 0.005)
(0.00125 0.01375 0.005)
(0.0025 0.01375 0.005)
(0.00375 0.01375 0.005)
(0.005 0.01375 0.005)
(0.00625 0.01375 0.005)
(0.0075 0.01375 0.005)
(0.00875 0.01375 0.005)
(0.01 0.01375 0.005)
(0 0.015 0.005)
(0.00125 0.015 0.005)
(0.0025 0.015 0.005)
(0.00375 0.015 0.005)
(0.005 0.015 0.005)
(0.00625 0.015 0.005)
(0.0075 0.015 0.005)
(0.00875 0.015 0.005)
(0.01 0.015 0.005)
(0 0.01625 0.005)
(0.00125 0.01625 0.005)
(0.0025 0.01625 0.005)
(0.00375 0.01625 0.005)
(0.005 0.01625 0.005)
(0.00625 0.01625 0.005)
(0.0075 0.01625 0.005)
(0.00875 0.01625 0.005)
(0.01 0.01625 0.005)
(0 0.0175 0.005)
(0.00125 0.0175 0.005)
(0.0025 0.0175 0.005)
(0.00375 0.0175 0.005)
(0.005 0.0175 0.005)
(0.00625 0.0175 0.005)
(0.0075 0.0175 0.005)
(0.00875 0.0175 0.005)
(0.01 0.0175 0.005)
(0 0.01875 0.005)
(0.00125 0.01875 0.005)
(0.0025 0.01875 0.005)
(0.00375 0.01875 0.005)
(0.005 0.01875 0.005)
(0.00625 0.01875 0.005)
(0.0075 0.01875 0.005)
(0.00875 0.01875 0.005)
(0.01 0.01875 0.005)
(0 0.02 0.005)
(0.00125 0.02 0.005)
(0.0025 0.02 0.005)
(0.00375 0.02 0.005)
(0.005 0.02 0.005)
(0.00625 0.02 0.005)
(0.0075 0.02 0.005)
(0.00875 0.02 0.005)
(0.01 0.02 0.005)
(0 0 0.00625)
(0.00125 0 0.00625)
(0.0025 0 0.00625)
(0.00375 0 0.00625)
(0.005 0 0.00625)
(0.00625 0 0.00625)
(0.0075 0 0.00625)
(0.00875 0 0.00625)
(0.01 0 0.00625)
(0 0.00125 0.00625)
(0.00125 0.00125 0.00625)
(0.0025 0.00125 0.00625)
(0.00375 0.00125 0.00625)
(0.005 0.00125 0.00625)
(0.00625 0.00125 0.00625)
(0.0075 0.00125 0.00625)
(0.00875 0.00125 0.00625)
(0.01 0.00125 0.00625)
(0 0.0025 0.00625)
(0.00125 0.0025 0.00625)
(0.0025 0.0025 0.00625)
(0.00375 0.0025 0.00625)
(0.005 0.0025 0.00625)
(0.00625 0.0025 0.00625)
(0.0075 0.0025 0.00625)
(0.00875 0.0025 0.00625)
(0.01 0.0025 0.00625)
(0 0.00375 0.00625)
(0.00125 0.00375 0.00625)
(0.0025 0.00375 0.00625)
(0.00375 0.00375 0.00625)
(0.005 0.00375 0.00625)
(0.00625 0.00375 0.00625)
(0.0075 0.00375 0.00625)
(0.00875 0.00375 0.00625)
(0.01 0.00375 0.00625)
(0 0.005 0.00625)
(0.00125 0.005 0.00625)
(0.0025 0.005 0.00625)
(0.00375 0.005 0.00625)
(0.005 0.005 0.00625)
(0.00625 0.005 0.00625)
(0.0075 0.005 0.00625)
(0.00875 0.005 0.00625)
(0.01 0.005 0.00625)
(0 0.00625 0.00625)
(0.00125 0.00625 0.00625)
(0.0025 0.00625 0.00625)
(0.00375 0.00625 0.00625)
(0.005 0.00625 0.00625)
(0.00625 0.00625 0.00625)
(0.0075 0.00625 0.00625)
(0.00875 0.00625 0.00625)
(0.01 0.00625 0.00625)
(0 0.0075 0.00625)
(0.00125 0.0075 0.00625)
(0.0025 0.0075 0.00625)
(0.00375 0.0075 0.00625)
(0.005 0.0075 0.00625)
(0.00625 0.0075 0.00625)
(0.0075 0.0075 0.00625)
(0.00875 0.0075 0.00625)
(0.01 0.0075 0.00625)
(0 0.00875 0.00625)
(0.00125 0.00875 0.00625)
(0.0025 0.00875 0.00625)
(0.00375 0.00875 0.00625)
(0.005 0.00875 0.00625)
(0.00625 0.00875 0.00625)
(0.0075 0.00875 0.00625)
(0.00875 0.00875 0.00625)
(0.01 0.00875 0.00625)
(0 0.01 0.00625)
(0.00125 0.01 0.00625)
(0.0025 0.01 0.00625)
(0.00375 0.01 0.00625)
(0.005 0.01 0.00625)
(0.00625 0.01 0.00625)
(0.0075 0.01 0.00625)
(0.00875 0.01 0.00625)
(0.01 0.01 0.00625)
(0 0.01125 0.00625)
(0.00125 0.01125 0.00625)
(0.0025 0.01125 0.00625)
(0.00375 0.01125 0.00625)
(0.005 0.01125 0.00625)
(0.00625 0.01125 0.00625)
(0.0075 0.01125 0.00625)
(0.00875 0.01125 0.00625)
(0.01 0.01125 0.00625)
(0 0.0125 0.00625)
(0.00125 0.0125 0.00625)
(0.0025 0.0125 0.00625)
(0.00375 0.0125 0.00625)
(0.005 0.0125 0.00625)
(0.00625 0.0125 0.00625)
(0.0075 0.0125 0.00625)
(0.00875 0.0125 0.00625)
(0.01 0.0125 0.00625)
(0 0.01375 0.00625)
(0.00125 0.01375 0.00625)
(0.0025 0.01375 0.00625)
(0.00375 0.01375 0.00625)
(0.005 0.01375 0.00625)
(0.00625 0.01375 0.00625)
(0.0075 0.01375 0.00625)
(0.00875 0.01375 0.00625)
(0.01 0.01375 0.00625)
(0 0.015 0.00625)
(0.00125 0.015 0.00625)
(0.0025 0.015 0.00625)
(0.00375 0.015 0.00625)
(0.005 0.015 0.00625)
(0.00625 0.015 0.00625)
(0.0075 0.015 0.00625)
(0.00875 0.015 0.00625)
(0.01 0.015 0.00625)
(0 0.01625 0.00625)
(0.00125 0.01625 0.00625)
(0.0025 0.01625 0.00625)
(0.00375 0.01625 0.00625)
(0.005 0.01625 0.00625)
(0.00625 0.01625 0.00625)
(0.0075 0.01625 0.00625)
(0.00875 0.01625 0.00625)
(0.01 0.01625 0.00625)
(0 0.0175 0.00625)
(0.00125 0.0175 0.00625)
(0.0025 0.0175 0.00625)
(0.00375 0.0175 0.00625)
(0.005 0.0175 0.00625)
(0.00625 0.0175 0.00625)
(0.0075 0.0175 0.00625)
(0.00875 0.0175 0.00625)
(0.01 0.0175 0.00625)
(0 0.01875 0.00625)
(0.00125 0.01875 0.00625)
(0.0025 0.01875 0.00625)
(0.00375 0.01875 0.00625)
(0.005 0.01875 0.00625)
(0.00625 0.01875 0.00625)
(0.0075 0.01875 0.00625)
(0.00875 0.01875 0.00625)
(0.01 0.01875 0.00625)
(0 0.02 0.00625)
(0.00125 0.02 0.00625)
(0.0025 0.02 0.00625)
(0.00375 0.02 0.00625)
(0.005 0.02 0.00625)
(0.00625 0.02 0.00625)
(0.0075 0.02 0.00625)
(0.00875 0.02 0.00625)
(0.01 0.02 0.00625)
(0 0 0.0075)
(0.00125 0 0.0075)
(0.0025 0 0.0075)
(0.00375 0 0.0075)
(0.005 0 0.0075)
(0.00625 0 0.0075)
(0.0075 0 0.0075)
(0.00875 0 0.0075)
(0.01 0 0.0075)
(0 0.00125 0.0075)
(0.00125 0.00125 0.0075)
(0.0025 0.00125 0.0075)
(0.00375 0.00125 0.0075)
(0.005 0.00125 0.0075)
(0.00625 0.00125 0.0075)
(0.0075 0.00125 0.0075)
(0.00875 0.00125 0.0075)
(0.01 0.00125 0.0075)
(0 0.0025 0.0075)
(0.00125 0.0025 0.0075)
(0.0025 0.0025 0.0075)
(0.00375 0.0025 0.0075)
(0.005 0.0025 0.0075)
(0.00625 0.0025 0.0075)
(0.0075 0.0025 0.0075)
(0.00875 0.0025 0.0075)
(0.01 0.0025 0.0075)
(0 0.00375 0.0075)
(0.00125 0.00375 0.0075)
(0.0025 0.00375 0.0075)
(0.00375 0.00375 0.0075)
(0.005 0.00375 0.0075)
(0.00625 0.00375 0.0075)
(0.0075 0.00375 0.0075)
(0.00875 0.00375 0.0075)
(0.01 0.00375 0.0075)
(0 0.005 0.0075)
(0.00125 0.005 0.0075)
(0.0025 0.005 0.0075)
(0.00375 0.005 0.0075)
(0.005 0.005 0.0075)
(0.00625 0.005 0.0075)
(0.0075 0.005 0.0075)
(0.00875 0.005 0.0075)
(0.01 0.005 0.0075)
(0 0.00625 0.0075)
(0.00125 0.00625 0.0075)
(0.0025 0.00625 0.0075)
(0.00375 0.00625 0.0075)
(0.005 0.00625 0.0075)
(0.00625 0.00625 0.0075)
(0.0075 0.00625 0.0075)
(0.00875 0.00625 0.0075)
(0.01 0.00625 0.0075)
(0 0.0075 0.0075)
(0.00125 0.0075 0.0075)
(0.0025 0.0075 0.0075)
(0.00375 0.0075 0.0075)
(0.005 0.0075 0.0075)
(0.00625 0.0075 0.0075)
(0.0075 0.0075 0.0075)
(0.00875 0.0075 0.0075)
(0.01 0.0075 0.0075)
(0 0.00875 0.0075)
(0.00125 0.00875 0.0075)
(0.0025 0.00875 0.0075)
(0.00375 0.00875 0.0075)
(0.005 0.00875 0.0075)
(0.00625 0.00875 0.0075)
(0.0075 0.00875 0.0075)
(0.00875 0.00875 0.0075)
(0.01 0.00875 0.0075)
(0 0.01 0.0075)
(0.00125 0.01 0.0075)
(0.0025 0.01 0.0075)
(0.00375 0.01 0.0075)
(0.005 0.01 0.0075)
(0.00625 0.01 0.0075)
(0.0075 0.01 0.0075)
(0.00875 0.01 0.0075)
(0.01 0.01 0.0075)
(0 0.01125 0.0075)
(0.00125 0.01125 0.0075)
(0.0025 0.01125 0.0075)
(0.00375 0.01125 0.0075)
(0.005 0.01125 0.0075)
(0.00625 0.01125 0.0075)
(0.0075 0.01125 0.0075)
(0.00875 0.01125 0.0075)
(0.01 0.01125 0.0075)
(0 0.0125 0.0075)
(0.00125 0.0125 0.0075)
(0.0025 0.0125 0.0075)
(0.00375 0.0125 0.0075)
(0.005 0.0125 0.0075)
(0.00625 0.0125 0.0075)
(0.0075 0.0125 0.0075)
(0.00875 0.0125 0.0075)
(0.01 0.0125 0.0075)
(0 0.01375 0.0075)
(0.00125 0.01375 0.0075)
(0.0025 0.01375 0.0075)
(0.00375 0.01375 0.0075)
(0.005 0.01375 0.0075)
(0.00625 0.01375 0.0075)
(0.0075 0.01375 0.0075)
(0.00875 0.01375 0.0075)
(0.01 0.01375 0.0075)
(0 0.015 0.0075)
(0.00125 0.015 0.0075)
(0.0025 0.015 0.0075)
(0.00375 0.015 0.0075)
(0.005 0.015 0.0075)
(0.00625 0.015 0.0075)
(0.0075 0.015 0.0075)
(0.00875 0.015 0.0075)
(0.01 0.015 0.0075)
(0 0.01625 0.0075)
(0.00125 0.01625 0.0075)
(0.0025 0.01625 0.0075)
(0.00375 0.01625 0.0075)
(0.005 0.01625 0.0075)
(0.00625 0.01625 0.0075)
(0.0075 0.01625 0.0075)
(0.00875 0.01625 0.0075)
(0.01 0.01625 0.0075)
(0 0.0175 0.0075)
(0.00125 0.0175 0.0075)
(0.0025 0.0175 0.0075)
(0.00375 0.0175 0.0075)
(0.005 0.0175 0.0075)
(0.00625 0.0175 0.0075)
(0.0075 0.0175 0.0075)
(0.00875 0.0175 0.0075)
(0.01 0.0175 0.0075)
(0 0.01875 0.0075)
(0.00125 0.01875 0.0075)
(0.0025 0.01875 0.0075)
(0.00375 0.01875 0.0075)
(0.005 0.01875 0.0075)
(0.00625 0.01875 0.0075)
(0.0075 0.01875 0.0075)
(0.00875 0.01875 0.0075)
(0.01 0.01875 0.0075)
(0 0.02 0.0075)
(0.00125 0.02 0.0075)
(0.0025 0.02 0.0075)
(0.00375 0.02 0.0075)
(0.005 0.02 0.0075)
(0.00625 0.02 0.0075)
(0.0075 0.02 0.0075)
(0.00875 0.02 0.0075)
(0.01 0.02 0.0075)
(0 0 0.00875)
(0.00125 0 0.00875)
(0.0025 0 0.00875)
(0.00375 0 0.00875)
(0.005 0 0.00875)
(0.00625 0 0.00875)
(0.0075 0 0.00875)
(0.00875 0 0.00875)
(0.01 0 0.00875)
(0 0.00125 0.00875)
(0.00125 0.00125 0.00875)
(0.0025 0.00125 0.00875)
(0.00375 0.00125 0.00875)
(0.005 0.00125 0.00875)
(0.00625 0.00125 0.00875)
(0.0075 0.00125 0.00875)
(0.00875 0.00125 0.00875)
(0.01 0.00125 0.00875)
(0 0.0025 0.00875)
(0.00125 0.0025 0.00875)
(0.0025 0.0025 0.00875)
(0.00375 0.0025 0.00875)
(0.005 0.0025 0.00875)
(0.00625 0.0025 0.00875)
(0.0075 0.0025 0.00875)
(0.00875 0.0025 0.00875)
(0.01 0.0025 0.00875)
(0 0.00375 0.00875)
(0.00125 0.00375 0.00875)
(0.0025 0.00375 0.00875)
(0.00375 0.00375 0.00875)
(0.005 0.00375 0.00875)
(0.00625 0.00375 0.00875)
(0.0075 0.00375 0.00875)
(0.00875 0.00375 0.00875)
(0.01 0.00375 0.00875)
(0 0.005 0.00875)
(0.00125 0.005 0.00875)
(0.0025 0.005 0.00875)
(0.00375 0.005 0.00875)
(0.005 0.005 0.00875)
(0.00625 0.005 0.00875)
(0.0075 0.005 0.00875)
(0.00875 0.005 0.00875)
(0.01 0.005 0.00875)
(0 0.00625 0.00875)
(0.00125 0.00625 0.00875)
(0.0025 0.00625 0.00875)
(0.00375 0.00625 0.00875)
(0.005 0.00625 0.00875)
(0.00625 0.00625 0.00875)
(0.0075 0.00625 0.00875)
(0.00875 0.00625 0.00875)
(0.01 0.00625 0.00875)
(0 0.0075 0.00875)
(0.00125 0.0075 0.00875)
(0.0025 0.0075 0.00875)
(0.00375 0.0075 0.00875)
(0.005 0.0075 0.00875)
(0.00625 0.0075 0.00875)
(0.0075 0.0075 0.00875)
(0.00875 0.0075 0.00875)
(0.01 0.0075 0.00875)
(0 0.00875 0.00875)
(0.00125 0.00875 0.00875)
(0.0025 0.00875 0.00875)
(0.00375 0.00875 0.00875)
(0.005 0.00875 0.00875)
(0.00625 0.00875 0.00875)
(0.0075 0.00875 0.00875)
(0.00875 0.00875 0.00875)
(0.01 0.00875 0.00875)
(0 0.01 0.00875)
(0.00125 0.01 0.00875)
(0.0025 0.01 0.00875)
(0.00375 0.01 0.00875)
(0.005 0.01 0.00875)
(0.00625 0.01 0.00875)
(0.0075 0.01 0.00875)
(0.00875 0.01 0.00875)
(0.01 0.01 0.00875)
(0 0.01125 0.00875)
(0.00125 0.01125 0.00875)
(0.0025 0.01125 0.00875)
(0.00375 0.01125 0.00875)
(0.005 0.01125 0.00875)
(0.00625 0.01125 0.00875)
(0.0075 0.01125 0.00875)
(0.00875 0.01125 0.00875)
(0.01 0.01125 0.00875)
(0 0.0125 0.00875)
(0.00125 0.0125 0.00875)
(0.0025 0.0125 0.00875)
(0.00375 0.0125 0.00875)
(0.005 0.0125 0.00875)
(0.00625 0.0125 0.00875)
(0.0075 0.0125 0.00875)
(0.00875 0.0125 0.00875)
(0.01 0.0125 0.00875)
(0 0.01375 0.00875)
(0.00125 0.01375 0.00875)
(0.0025 0.01375 0.00875)
(0.00375 0.01375 0.00875)
(0.005 0.01375 0.00875)
(0.00625 0.01375 0.00875)
(0.0075 0.01375 0.00875)
(0.00875 0.01375 0.00875)
(0.01 0.01375 0.00875)
(0 0.015 0.00875)
(0.00125 0.015 0.00875)
(0.0025 0.015 0.00875)
(0.00375 0.015 0.00875)
(0.005 0.015 0.00875)
(0.00625 0.015 0.00875)
(0.0075 0.015 0.00875)
(0.00875 0.015 0.00875)
(0.01 0.015 0.00875)
(0 0.01625 0.00875)
(0.00125 0.01625 0.00875)
(0.0025 0.01625 0.00875)
(0.00375 0.01625 0.00875)
(0.005 0.01625 0.00875)
(0.00625 0.01625 0.00875)
(0.0075 0.01625 0.00875)
(0.00875 0.01625 0.00875)
(0.01 0.01625 0.00875)
(0 0.0175 0.00875)
(0.00125 0.0175 0.00875)
(0.0025 0.0175 0.00875)
(0.00375 0.0175 0.00875)
(0.005 0.0175 0.00875)
(0.00625 0.0175 0.00875)
(0.0075 0.0175 0.00875)
(0.00875 0.0175 0.00875)
(0.01 0.0175 0.00875)
(0 0.01875 0.00875)
(0.00125 0.01875 0.00875)
(0.0025 0.01875 0.00875)
(0.00375 0.01875 0.00875)
(0.005 0.01875 0.00875)
(0.00625 0.01875 0.00875)
(0.0075 0.01875 0.00875)
(0.00875 0.01875 0.00875)
(0.01 0.01875 0.00875)
(0 0.02 0.00875)
(0.00125 0.02 0.00875)
(0.0025 0.02 0.00875)
(0.00375 0.02 0.00875)
(0.005 0.02 0.00875)
(0.00625 0.02 0.00875)
(0.0075 0.02 0.00875)
(0.00875 0.02 0.00875)
(0.01 0.02 0.00875)
(0 0 0.01)
(0.00125 0 0.01)
(0.0025 0 0.01)
(0.00375 0 0.01)
(0.005 0 0.01)
(0.00625 0 0.01)
(0.0075 0 0.01)
(0.00875 0 0.01)
(0.01 0 0.01)
(0 0.00125 0.01)
(0.00125 0.00125 0.01)
(0.0025 0.00125 0.01)
(0.00375 0.00125 0.01)
(0.005 0.00125 0.01)
(0.00625 0.00125 0.01)
(0.0075 0.00125 0.01)
(0.00875 0.00125 0.01)
(0.01 0.00125 0.01)
(0 0.0025 0.01)
(0.00125 0.0025 0.01)
(0.0025 0.0025 0.01)
(0.00375 0.0025 0.01)
(0.005 0.0025 0.01)
(0.00625 0.0025 0.01)
(0.0075 0.0025 0.01)
(0.00875 0.0025 0.01)
(0.01 0.0025 0.01)
(0 0.00375 0.01)
(0.00125 0.00375 0.01)
(0.0025 0.00375 0.01)
(0.00375 0.00375 0.01)
(0.005 0.00375 0.01)
(0.00625 0.00375 0.01)
(0.0075 0.00375 0.01)
(0.00875 0.00375 0.01)
(0.01 0.00375 0.01)
(0 0.005 0.01)
(0.00125 0.005 0.01)
(0.0025 0.005 0.01)
(0.00375 0.005 0.01)
(0.005 0.005 0.01)
(0.00625 0.005 0.01)
(0.0075 0.005 0.01)
(0.00875 0.005 0.01)
(0.01 0.005 0.01)
(0 0.00625 0.01)
(0.00125 0.00625 0.01)
(0.0025 0.00625 0.01)
(0.00375 0.00625 0.01)
(0.005 0.00625 0.01)
(0.00625 0.00625 0.01)
(0.0075 0.00625 0.01)
(0.00875 0.00625 0.01)
(0.01 0.00625 0.01)
(0 0.0075 0.01)
(0.00125 0.0075 0.01)
(0.0025 0.0075 0.01)
(0.00375 0.0075 0.01)
(0.005 0.0075 0.01)
(0.00625 0.0075 0.01)
(0.0075 0.0075 0.01)
(0.00875 0.0075 0.01)
(0.01 0.0075 0.01)
(0 0.00875 0.01)
(0.00125 0.00875 0.01)
(0.0025 0.00875 0.01)
(0.00375 0.00875 0.01)
(0.005 0.00875 0.01)
(0.00625 0.00875 0.01)
(0.0075 0.00875 0.01)
(0.00875 0.00875 0.01)
(0.01 0.00875 0.01)
(0 0.01 0.01)
(0.00125 0.01 0.01)
(0.0025 0.01 0.01)
(0.00375 0.01 0.01)
(0.005 0.01 0.01)
(0.00625 0.01 0.01)
(0.0075 0.01 0.01)
(0.00875 0.01 0.01)
(0.01 0.01 0.01)
(0 0.01125 0.01)
(0.00125 0.01125 0.01)
(0.0025 0.01125 0.01)
(0.00375 0.01125 0.01)
(0.005 0.01125 0.01)
(0.00625 0.01125 0.01)
(0.0075 0.01125 0.01)
(0.00875 0.01125 0.01)
(0.01 0.01125 0.01)
(0 0.0125 0.01)
(0.00125 0.0125 0.01)
(0.0025 0.0125 0.01)
(0.00375 0.0125 0.01)
(0.005 0.0125 0.01)
(0.00625 0.0125 0.01)
(0.0075 0.0125 0.01)
(0.00875 0.0125 0.01)
(0.01 0.0125 0.01)
(0 0.01375 0.01)
(0.00125 0.01375 0.01)
(0.0025 0.01375 0.01)
(0.00375 0.01375 0.01)
(0.005 0.01375 0.01)
(0.00625 0.01375 0.01)
(0.0075 0.01375 0.01)
(0.00875 0.01375 0.01)
(0.01 0.01375 0.01)
(0 0.015 0.01)
(0.00125 0.015 0.01)
(0.0025 0.015 0.01)
(0.00375 0.015 0.01)
(0.005 0.015 0.01)
(0.00625 0.015 0.01)
(0.0075 0.015 0.01)
(0.00875 0.015 0.01)
(0.01 0.015 0.01)
(0 0.01625 0.01)
(0.00125 0.01625 0.01)
(0.0025 0.01625 0.01)
(0.00375 0.01625 0.01)
(0.005 0.01625 0.01)
(0.00625 0.01625 0.01)
(0.0075 0.01625 0.01)
(0.00875 0.01625 0.01)
(0.01 0.01625 0.01)
(0 0.0175 0.01)
(0.00125 0.0175 0.01)
(0.0025 0.0175 0.01)
(0.00375 0.0175 0.01)
(0.005 0.0175 0.01)
(0.00625 0.0175 0.01)
(0.0075 0.0175 0.01)
(0.00875 0.0175 0.01)
(0.01 0.0175 0.01)
(0 0.01875 0.01)
(0.00125 0.01875 0.01)
(0.0025 0.01875 0.01)
(0.00375 0.01875 0.01)
(0.005 0.01875 0.01)
(0.00625 0.01875 0.01)
(0.0075 0.01875 0.01)
(0.00875 0.01875 0.01)
(0.01 0.01875 0.01)
(0 0.02 0.01)
(0.00125 0.02 0.01)
(0.0025 0.02 0.01)
(0.00375 0.02 0.01)
(0.005 0.02 0.01)
(0.00625 0.02 0.01)
(0.0075 0.02 0.01)
(0.00875 0.02 0.01)
(0.01 0.02 0.01)
)


// ************************************************************************* //
