/*--------------------------------*- C++ -*----------------------------------*\
  =========                 |
  \\      /  F ield         | OpenFOAM: The Open Source CFD Toolbox
   \\    /   O peration     | Website:  https://openfoam.org
    \\  /    A nd           | Version:  6
     \\/     M anipulation  |
\*---------------------------------------------------------------------------*/
FoamFile
{
    version     2.0;
    format      ascii;
    class       volScalarField;
    location    "0.0003";
    object      T;
}
// * * * * * * * * * * * * * * * * * * * * * * * * * * * * * * * * * * * * * //

dimensions      [0 0 0 1 0 0 0];

internalField   nonuniform List<scalar> 
1024
(
273.969
273.969
273.969
273.969
273.969
273.969
273.969
273.969
272.15
272.15
272.15
272.149
272.149
272.149
272.149
272.149
254.136
254.136
254.136
254.136
254.135
254.135
254.135
254.135
219.469
219.469
219.469
219.469
219.469
219.468
219.468
219.468
178.157
178.157
178.156
178.156
178.156
178.155
178.155
178.155
138.61
138.61
138.61
138.61
138.609
138.609
138.609
138.609
104.465
104.465
104.465
104.465
104.465
104.465
104.464
104.464
76.7192
76.7192
76.7191
76.719
76.7189
76.7189
76.7187
76.7186
55.1659
55.1659
55.1658
55.1657
55.1656
55.1656
55.1656
55.1656
39.0038
39.0038
39.0037
39.0036
39.0035
39.0035
39.0035
39.0035
27.2218
27.2218
27.2218
27.2217
27.2216
27.2215
27.2215
27.2214
18.8302
18.8302
18.8301
18.8301
18.8299
18.8299
18.8298
18.8298
12.9688
12.9687
12.9687
12.9687
12.9686
12.9686
12.9685
12.9685
8.94243
8.94236
8.94236
8.94239
8.9424
8.94241
8.94241
8.94241
6.21685
6.21677
6.21679
6.21686
6.21695
6.21703
6.2171
6.21716
4.40436
4.40431
4.40434
4.40445
4.4046
4.40475
4.40489
4.40499
273.969
273.969
273.969
273.969
273.969
273.969
273.969
273.969
272.15
272.15
272.15
272.149
272.149
272.149
272.149
272.149
254.136
254.136
254.136
254.136
254.135
254.135
254.135
254.135
219.469
219.469
219.469
219.469
219.469
219.468
219.468
219.468
178.157
178.157
178.157
178.156
178.156
178.155
178.155
178.155
138.61
138.61
138.61
138.61
138.609
138.609
138.609
138.609
104.465
104.465
104.465
104.465
104.465
104.465
104.464
104.464
76.7192
76.7192
76.7191
76.719
76.7189
76.7189
76.7187
76.7186
55.1659
55.1659
55.1658
55.1657
55.1657
55.1656
55.1656
55.1656
39.0038
39.0038
39.0038
39.0037
39.0036
39.0035
39.0035
39.0035
27.2219
27.2219
27.2218
27.2217
27.2216
27.2215
27.2215
27.2214
18.8302
18.8302
18.8301
18.8301
18.83
18.8299
18.8298
18.8298
12.9687
12.9687
12.9687
12.9687
12.9686
12.9686
12.9685
12.9685
8.94237
8.94231
8.94233
8.94237
8.94239
8.94241
8.94242
8.94243
6.21677
6.21671
6.21674
6.21683
6.21694
6.21704
6.21712
6.21718
4.40431
4.40426
4.40431
4.40444
4.4046
4.40477
4.40491
4.40501
273.969
273.969
273.969
273.969
273.969
273.969
273.969
273.969
272.15
272.15
272.15
272.149
272.149
272.149
272.149
272.149
254.136
254.136
254.136
254.136
254.135
254.135
254.135
254.135
219.469
219.469
219.469
219.469
219.469
219.468
219.468
219.468
178.157
178.157
178.157
178.156
178.156
178.155
178.155
178.155
138.61
138.61
138.61
138.61
138.609
138.609
138.609
138.609
104.465
104.465
104.465
104.465
104.465
104.465
104.464
104.464
76.7193
76.7192
76.7191
76.719
76.7189
76.7188
76.7187
76.7186
55.1659
55.1659
55.1659
55.1657
55.1656
55.1656
55.1656
55.1656
39.0038
39.0038
39.0038
39.0037
39.0036
39.0035
39.0035
39.0035
27.2219
27.2219
27.2219
27.2217
27.2216
27.2215
27.2215
27.2214
18.8302
18.8302
18.8302
18.8301
18.83
18.8299
18.8298
18.8298
12.9687
12.9687
12.9687
12.9687
12.9687
12.9686
12.9685
12.9685
8.94238
8.94234
8.94237
8.94242
8.94245
8.94247
8.94246
8.94244
6.2168
6.21675
6.21679
6.2169
6.21701
6.21711
6.21718
6.21721
4.40435
4.40432
4.40438
4.40452
4.40468
4.40485
4.40498
4.40506
273.969
273.969
273.969
273.969
273.969
273.969
273.969
273.969
272.15
272.15
272.15
272.149
272.149
272.149
272.149
272.149
254.136
254.136
254.136
254.136
254.135
254.135
254.135
254.135
219.469
219.469
219.469
219.469
219.469
219.468
219.468
219.468
178.157
178.157
178.157
178.156
178.156
178.155
178.155
178.155
138.61
138.61
138.61
138.61
138.609
138.609
138.609
138.609
104.465
104.465
104.465
104.465
104.465
104.465
104.464
104.464
76.7193
76.7192
76.7191
76.719
76.7189
76.7188
76.7187
76.7186
55.1659
55.1659
55.1658
55.1657
55.1656
55.1656
55.1655
55.1656
39.0038
39.0038
39.0037
39.0036
39.0035
39.0034
39.0034
39.0034
27.2218
27.2218
27.2218
27.2217
27.2216
27.2215
27.2214
27.2214
18.8301
18.8301
18.8301
18.8301
18.83
18.8298
18.8297
18.8297
12.9687
12.9687
12.9687
12.9687
12.9687
12.9686
12.9685
12.9684
8.94242
8.94239
8.94243
8.94249
8.94251
8.9425
8.94246
8.94241
6.21688
6.21685
6.21691
6.21701
6.21712
6.21719
6.21721
6.2172
4.40447
4.40445
4.40452
4.40466
4.40482
4.40496
4.40504
4.40508
273.969
273.969
273.969
273.969
273.969
273.969
273.969
273.969
272.15
272.15
272.15
272.149
272.149
272.149
272.149
272.149
254.136
254.136
254.136
254.136
254.135
254.135
254.135
254.135
219.469
219.469
219.469
219.469
219.469
219.468
219.468
219.468
178.157
178.157
178.157
178.156
178.156
178.155
178.155
178.155
138.61
138.61
138.61
138.61
138.609
138.609
138.609
138.609
104.465
104.465
104.465
104.465
104.465
104.465
104.464
104.464
76.7193
76.7193
76.7192
76.719
76.7189
76.7189
76.7188
76.7187
55.1659
55.1659
55.1658
55.1657
55.1656
55.1656
55.1656
55.1657
39.0038
39.0038
39.0037
39.0036
39.0035
39.0034
39.0034
39.0035
27.2217
27.2218
27.2217
27.2216
27.2215
27.2214
27.2213
27.2215
18.83
18.8301
18.8301
18.83
18.8299
18.8297
18.8297
18.8297
12.9687
12.9687
12.9687
12.9687
12.9686
12.9685
12.9684
12.9685
8.94244
8.94243
8.94248
8.94253
8.94252
8.94246
8.9424
8.94244
6.21698
6.21696
6.21703
6.21713
6.2172
6.21721
6.21719
6.21724
4.40462
4.40462
4.4047
4.40483
4.40495
4.40503
4.40506
4.40512
273.969
273.969
273.969
273.969
273.969
273.969
273.969
273.969
272.15
272.15
272.15
272.149
272.149
272.149
272.149
272.149
254.136
254.136
254.136
254.136
254.135
254.135
254.135
254.135
219.469
219.469
219.469
219.469
219.469
219.468
219.468
219.468
178.157
178.157
178.157
178.156
178.156
178.155
178.155
178.155
138.61
138.61
138.61
138.61
138.609
138.609
138.609
138.609
104.465
104.465
104.465
104.465
104.465
104.465
104.464
104.464
76.7194
76.7193
76.7192
76.719
76.719
76.7189
76.7188
76.7185
55.166
55.166
55.1659
55.1657
55.1657
55.1657
55.1657
55.1655
39.0038
39.0038
39.0037
39.0036
39.0035
39.0035
39.0036
39.0034
27.2217
27.2217
27.2217
27.2215
27.2214
27.2214
27.2215
27.2214
18.83
18.83
18.83
18.8299
18.8298
18.8297
18.8298
18.8297
12.9686
12.9686
12.9687
12.9686
12.9685
12.9684
12.9685
12.9684
8.94246
8.94246
8.94251
8.94253
8.94248
8.9424
8.94246
8.94241
6.21707
6.21707
6.21713
6.2172
6.21722
6.21719
6.21725
6.21723
4.40477
4.40479
4.40486
4.40497
4.40504
4.40505
4.40512
4.40513
273.969
273.969
273.969
273.969
273.969
273.969
273.969
273.969
272.15
272.15
272.15
272.149
272.149
272.149
272.149
272.149
254.136
254.136
254.136
254.136
254.135
254.135
254.135
254.135
219.469
219.469
219.469
219.469
219.469
219.468
219.468
219.468
178.157
178.157
178.156
178.156
178.156
178.155
178.155
178.155
138.61
138.61
138.61
138.61
138.609
138.609
138.609
138.609
104.465
104.465
104.465
104.465
104.465
104.465
104.464
104.464
76.7193
76.7193
76.7192
76.719
76.719
76.7189
76.7186
76.7186
55.166
55.166
55.1659
55.1657
55.1657
55.1658
55.1655
55.1656
39.0038
39.0037
39.0037
39.0035
39.0035
39.0036
39.0034
39.0035
27.2217
27.2217
27.2216
27.2215
27.2214
27.2215
27.2214
27.2214
18.8299
18.8299
18.8299
18.8298
18.8297
18.8298
18.8297
18.8297
12.9686
12.9686
12.9686
12.9685
12.9684
12.9685
12.9684
12.9684
8.94247
8.94247
8.94251
8.94249
8.94242
8.94246
8.94241
8.94243
6.21714
6.21715
6.2172
6.21723
6.2172
6.21725
6.21723
6.21725
4.40491
4.40493
4.405
4.40506
4.40507
4.40513
4.40513
4.40515
273.969
273.969
273.969
273.969
273.969
273.969
273.969
273.969
272.15
272.15
272.149
272.149
272.149
272.149
272.149
272.149
254.136
254.136
254.136
254.136
254.135
254.135
254.135
254.135
219.469
219.469
219.469
219.469
219.468
219.468
219.468
219.468
178.157
178.157
178.156
178.156
178.156
178.155
178.155
178.155
138.61
138.61
138.61
138.61
138.609
138.609
138.609
138.609
104.465
104.465
104.465
104.465
104.465
104.464
104.464
104.464
76.7193
76.7192
76.7191
76.719
76.719
76.7187
76.7187
76.7186
55.166
55.1659
55.1659
55.1657
55.1658
55.1656
55.1656
55.1656
39.0038
39.0037
39.0037
39.0035
39.0036
39.0035
39.0035
39.0035
27.2216
27.2216
27.2216
27.2215
27.2215
27.2214
27.2214
27.2214
18.8299
18.8299
18.8299
18.8297
18.8298
18.8297
18.8297
18.8297
12.9686
12.9686
12.9686
12.9685
12.9685
12.9684
12.9684
12.9684
8.94247
8.94248
8.94249
8.94244
8.94246
8.94242
8.94243
8.94242
6.2172
6.21721
6.21724
6.21722
6.21725
6.21724
6.21725
6.21725
4.40501
4.40504
4.40508
4.40509
4.40513
4.40514
4.40515
4.40516
)
;

boundaryField
{
    inlet
    {
        type            fixedValue;
        value           uniform 273;
    }
    outlet
    {
        type            zeroGradient;
    }
    walls
    {
        type            zeroGradient;
    }
}


// ************************************************************************* //
