/*--------------------------------*- C++ -*----------------------------------*\
  =========                 |
  \\      /  F ield         | OpenFOAM: The Open Source CFD Toolbox
   \\    /   O peration     | Website:  https://openfoam.org
    \\  /    A nd           | Version:  6
     \\/     M anipulation  |
\*---------------------------------------------------------------------------*/
FoamFile
{
    version     2.0;
    format      ascii;
    class       volScalarField;
    location    "0";
    object      p;
}
// * * * * * * * * * * * * * * * * * * * * * * * * * * * * * * * * * * * * * //

dimensions      [0 2 -2 0 0 0 0];

internalField   nonuniform List<scalar> 
3029
(
1999.74
1990.88
1998.59
1988.54
1991.99
1988.54
1998.59
1990.88
1999.74
1998.87
1989.77
1998.18
1985.03
1984.31
1985.03
1998.18
1989.77
1998.87
1952.7
1963.82
1971.13
1970.43
1968.57
1970.43
1971.13
1963.83
1952.7
1949.86
1952.72
1954.41
1952.91
1951.55
1952.91
1954.41
1952.72
1949.86
1939.36
1938.5
1937.36
1935.42
1934.49
1935.42
1937.36
1938.51
1939.36
1921.68
1920.68
1919.32
1917.92
1917.32
1917.92
1919.33
1920.69
1921.68
1902.95
1902.27
1901.28
1900.37
1900
1900.37
1901.28
1902.27
1902.96
1884.39
1883.96
1883.34
1882.78
1882.56
1882.78
1883.34
1883.96
1884.39
1866.13
1865.88
1865.5
1865.17
1865.04
1865.17
1865.5
1865.88
1866.13
1848.11
1847.97
1847.74
1847.54
1847.46
1847.54
1847.74
1847.97
1848.11
1830.26
1830.17
1830.04
1829.91
1829.86
1829.91
1830.04
1830.17
1830.26
1812.49
1812.45
1812.38
1812.29
1812.23
1812.29
1812.38
1812.45
1812.49
1794.72
1794.73
1794.74
1794.72
1794.63
1794.72
1794.74
1794.73
1794.72
1776.81
1776.93
1777.15
1777.36
1777.28
1777.36
1777.15
1776.93
1776.81
1758.48
1758.78
1759.51
1760.63
1761.35
1760.63
1759.51
1758.78
1758.48
1739.23
1739.77
1741.25
1744.26
1747.47
1744.26
1741.25
1739.77
1739.23
1718.58
1719.25
1721.29
1726.9
1741.07
1726.9
1721.29
1719.25
1718.58
1696.47
1697.08
1699.09
1704.97
1724.03
1704.97
1699.09
1697.08
1696.47
1673.31
1673.69
1674.8
1677.11
1679.96
1677.11
1674.8
1673.69
1673.31
1649.72
1649.95
1650.55
1651.61
1652.67
1651.61
1650.55
1649.96
1649.72
1626
1626.14
1626.52
1627.16
1627.85
1627.16
1626.52
1626.14
1626
1602.17
1602.26
1602.47
1602.8
1603.07
1602.8
1602.47
1602.26
1602.18
1578.26
1578.31
1578.42
1578.57
1578.67
1578.57
1578.42
1578.31
1578.26
1554.25
1554.29
1554.36
1554.44
1554.49
1554.44
1554.36
1554.29
1554.25
1530.1
1530.17
1530.28
1530.39
1530.43
1530.39
1530.28
1530.17
1530.1
1505.64
1505.84
1506.11
1506.36
1506.46
1506.36
1506.11
1505.84
1505.64
1480.54
1481
1481.67
1482.25
1482.48
1482.25
1481.67
1481
1480.54
1454.1
1455.06
1456.45
1457.62
1458.07
1457.62
1456.45
1455.06
1454.1
1425.37
1426.91
1429.18
1430.96
1431.6
1430.96
1429.18
1426.91
1425.37
1393.73
1395.18
1397.15
1398.19
1398.45
1398.19
1397.15
1395.18
1393.73
1361.29
1361.13
1359.59
1356.8
1355.45
1356.8
1359.59
1361.13
1361.29
1333.95
1331.48
1325.53
1317.7
1314.38
1317.7
1325.53
1331.48
1333.95
1316.61
1311.7
1300.85
1286.45
1280.91
1286.45
1300.85
1311.69
1316.61
1309.65
1302.32
1288.12
1268.06
1261.03
1268.06
1288.12
1302.32
1309.65
1990.88
1978.94
1986.62
1986.89
1987.05
1986.89
1986.62
1978.94
1990.88
1989.77
1978.65
1984.42
1981.76
1980.06
1981.76
1984.42
1978.65
1989.77
1963.82
1967.83
1970.02
1967.95
1966.34
1967.95
1970.02
1967.83
1963.83
1952.72
1953.41
1953.16
1951.35
1950.26
1951.35
1953.16
1953.41
1952.72
1938.5
1937.35
1935.97
1934.35
1933.61
1934.35
1935.97
1937.35
1938.51
1920.68
1919.7
1918.41
1917.2
1916.7
1917.2
1918.41
1919.7
1920.69
1902.27
1901.62
1900.71
1899.9
1899.58
1899.9
1900.71
1901.62
1902.27
1883.96
1883.57
1882.99
1882.49
1882.29
1882.49
1882.99
1883.57
1883.96
1865.88
1865.64
1865.29
1864.99
1864.87
1864.99
1865.29
1865.64
1865.88
1847.97
1847.83
1847.62
1847.44
1847.37
1847.44
1847.62
1847.83
1847.97
1830.17
1830.1
1829.98
1829.86
1829.81
1829.86
1829.98
1830.1
1830.17
1812.45
1812.41
1812.34
1812.27
1812.23
1812.27
1812.34
1812.41
1812.45
1794.73
1794.73
1794.72
1794.7
1794.67
1794.7
1794.72
1794.73
1794.73
1776.93
1776.97
1777.07
1777.21
1777.25
1777.21
1777.07
1776.97
1776.93
1758.78
1758.87
1759.22
1759.83
1760.27
1759.83
1759.22
1758.87
1758.78
1739.77
1739.9
1740.58
1741.99
1743.26
1741.99
1740.58
1739.9
1739.77
1719.25
1719.4
1720.3
1722.49
1725.1
1722.49
1720.3
1719.4
1719.25
1697.08
1697.19
1698.03
1700.16
1703.09
1700.16
1698.03
1697.19
1697.08
1673.69
1673.78
1674.27
1675.35
1676.58
1675.35
1674.27
1673.78
1673.69
1649.95
1650.01
1650.29
1650.84
1651.35
1650.84
1650.29
1650.01
1649.96
1626.14
1626.18
1626.35
1626.68
1626.97
1626.68
1626.35
1626.18
1626.14
1602.26
1602.28
1602.37
1602.54
1602.67
1602.54
1602.37
1602.28
1602.26
1578.31
1578.32
1578.35
1578.42
1578.47
1578.42
1578.35
1578.32
1578.31
1554.29
1554.29
1554.31
1554.34
1554.35
1554.34
1554.31
1554.29
1554.29
1530.17
1530.2
1530.25
1530.29
1530.31
1530.29
1530.25
1530.2
1530.17
1505.84
1505.98
1506.16
1506.33
1506.4
1506.33
1506.16
1505.98
1505.84
1481
1481.44
1481.99
1482.5
1482.71
1482.5
1481.99
1481.44
1481
1455.06
1456.19
1457.65
1458.94
1459.44
1458.94
1457.65
1456.19
1455.06
1426.91
1429.29
1432.71
1435.46
1436.46
1435.46
1432.71
1429.29
1426.91
1395.18
1398.49
1404.42
1408.16
1409.31
1408.16
1404.42
1398.49
1395.18
1361.13
1362.84
1366.05
1365.95
1365.33
1365.95
1366.05
1362.84
1361.13
1331.48
1328.86
1321.09
1309.83
1305.39
1309.83
1321.09
1328.86
1331.48
1311.69
1300.72
1277.73
1252
1244.01
1252
1277.73
1300.72
1311.69
1302.32
1281.15
1239.81
1207.74
1200.16
1207.74
1239.81
1281.15
1302.32
1998.59
1986.62
1986.98
1984.19
1982.88
1984.19
1986.98
1986.62
1998.59
1998.18
1984.42
1982.08
1978
1976.17
1978
1982.08
1984.42
1998.18
1971.13
1970.02
1967.96
1965.11
1963.71
1965.11
1967.96
1970.03
1971.13
1954.41
1953.16
1951.4
1949.44
1948.53
1949.44
1951.4
1953.16
1954.42
1937.36
1935.97
1934.41
1932.98
1932.38
1932.98
1934.41
1935.97
1937.36
1919.32
1918.41
1917.24
1916.23
1915.82
1916.23
1917.24
1918.41
1919.33
1901.28
1900.71
1899.91
1899.24
1898.97
1899.24
1899.91
1900.71
1901.28
1883.34
1882.99
1882.49
1882.05
1881.88
1882.05
1882.49
1882.99
1883.34
1865.5
1865.29
1864.99
1864.72
1864.61
1864.72
1864.99
1865.29
1865.5
1847.74
1847.62
1847.44
1847.28
1847.22
1847.28
1847.44
1847.62
1847.74
1830.04
1829.98
1829.87
1829.78
1829.74
1829.78
1829.87
1829.98
1830.04
1812.38
1812.34
1812.29
1812.23
1812.2
1812.23
1812.29
1812.34
1812.38
1794.74
1794.72
1794.68
1794.65
1794.63
1794.65
1794.69
1794.72
1794.74
1777.15
1777.07
1777.01
1777
1777
1777
1777.01
1777.07
1777.15
1759.51
1759.22
1759.04
1759.1
1759.21
1759.1
1759.04
1759.22
1759.51
1741.25
1740.58
1740.21
1740.38
1740.67
1740.38
1740.21
1740.58
1741.25
1721.29
1720.3
1719.78
1720.06
1720.52
1720.06
1719.78
1720.3
1721.29
1699.09
1698.03
1697.53
1697.81
1698.35
1697.81
1697.53
1698.03
1699.09
1674.8
1674.27
1673.99
1674.13
1674.4
1674.13
1673.99
1674.27
1674.8
1650.55
1650.29
1650.13
1650.19
1650.32
1650.19
1650.13
1650.29
1650.55
1626.52
1626.35
1626.24
1626.27
1626.33
1626.27
1626.24
1626.35
1626.52
1602.47
1602.37
1602.29
1602.28
1602.31
1602.28
1602.29
1602.37
1602.47
1578.42
1578.35
1578.28
1578.25
1578.24
1578.25
1578.28
1578.35
1578.42
1554.36
1554.31
1554.23
1554.18
1554.17
1554.18
1554.23
1554.31
1554.36
1530.28
1530.25
1530.18
1530.13
1530.11
1530.13
1530.18
1530.25
1530.28
1506.11
1506.16
1506.15
1506.16
1506.17
1506.16
1506.15
1506.16
1506.11
1481.67
1481.99
1482.19
1482.44
1482.56
1482.44
1482.19
1481.99
1481.67
1456.45
1457.65
1458.39
1459.33
1459.73
1459.33
1458.39
1457.65
1456.45
1429.18
1432.71
1434.98
1437.56
1438.58
1437.56
1434.98
1432.71
1429.18
1397.15
1404.42
1412.38
1417.77
1419.59
1417.77
1412.38
1404.42
1397.15
1359.59
1366.05
1389.24
1399.1
1401.53
1399.1
1389.24
1366.05
1359.59
1325.53
1321.09
1321.09
1325.53
1300.85
1277.73
1226
1178.67
1169.26
1178.67
1226
1277.73
1300.85
1288.12
1239.81
1127.39
1087.61
1083.75
1087.61
1127.39
1239.81
1288.12
923.458
926.758
926.838
926.758
923.458
818.623
818.958
818.523
818.958
818.623
746.867
742.668
740.899
742.668
746.867
666.715
664.047
662.728
664.047
666.715
586.75
585.463
584.762
585.463
586.75
507.71
507.154
506.834
507.154
507.71
429.247
429.021
428.887
429.021
429.247
351.063
350.974
350.92
350.974
351.063
272.998
272.964
272.943
272.964
272.998
194.982
194.969
194.961
194.969
194.982
116.984
116.98
116.977
116.98
116.984
38.9943
38.9931
38.9925
38.9931
38.9943
1988.54
1986.89
1984.19
1981.1
1979.75
1981.1
1984.19
1986.89
1988.54
1985.03
1981.76
1978
1974.59
1973.15
1974.59
1978
1981.76
1985.03
1970.43
1967.95
1965.11
1962.55
1961.46
1962.55
1965.11
1967.95
1970.43
1952.91
1951.35
1949.44
1947.72
1947
1947.72
1949.44
1951.35
1952.91
1935.42
1934.35
1932.98
1931.8
1931.32
1931.8
1932.98
1934.35
1935.42
1917.92
1917.2
1916.23
1915.39
1915.07
1915.39
1916.23
1917.2
1917.92
1900.37
1899.9
1899.24
1898.67
1898.44
1898.67
1899.24
1899.9
1900.37
1882.78
1882.49
1882.05
1881.68
1881.53
1881.68
1882.05
1882.49
1882.78
1865.17
1864.99
1864.72
1864.48
1864.39
1864.48
1864.72
1864.99
1865.17
1847.54
1847.44
1847.28
1847.14
1847.08
1847.14
1847.28
1847.44
1847.54
1829.91
1829.86
1829.78
1829.69
1829.66
1829.69
1829.78
1829.86
1829.91
1812.29
1812.27
1812.23
1812.18
1812.15
1812.18
1812.23
1812.27
1812.29
1794.72
1794.7
1794.65
1794.59
1794.56
1794.59
1794.65
1794.7
1794.72
1777.36
1777.21
1777
1776.85
1776.8
1776.85
1777
1777.21
1777.36
1760.63
1759.83
1759.1
1758.73
1758.64
1758.73
1759.1
1759.83
1760.63
1744.26
1741.99
1740.38
1739.7
1739.57
1739.7
1740.38
1741.99
1744.26
1726.9
1722.49
1720.06
1719.16
1719.01
1719.16
1720.06
1722.49
1726.9
1704.97
1700.16
1697.81
1696.98
1696.85
1696.98
1697.81
1700.16
1704.97
1677.11
1675.35
1674.13
1673.63
1673.54
1673.63
1674.13
1675.35
1677.11
1651.61
1650.84
1650.19
1649.89
1649.83
1649.89
1650.19
1650.84
1651.61
1627.16
1626.68
1626.27
1626.06
1626.01
1626.06
1626.27
1626.68
1627.16
1602.8
1602.54
1602.28
1602.14
1602.09
1602.14
1602.28
1602.54
1602.8
1578.57
1578.42
1578.25
1578.13
1578.09
1578.13
1578.25
1578.42
1578.57
1554.44
1554.34
1554.18
1554.06
1554.02
1554.06
1554.18
1554.34
1554.44
1530.38
1530.29
1530.13
1530
1529.95
1530
1530.13
1530.29
1530.38
1506.36
1506.33
1506.16
1506.04
1506
1506.04
1506.16
1506.33
1506.36
1482.25
1482.5
1482.44
1482.46
1482.49
1482.46
1482.44
1482.5
1482.25
1457.62
1458.94
1459.33
1459.89
1460.15
1459.89
1459.33
1458.94
1457.62
1430.96
1435.46
1437.56
1439.68
1440.47
1439.68
1437.56
1435.46
1430.96
1398.19
1408.16
1417.77
1423.7
1425.54
1423.7
1417.77
1408.16
1398.19
1356.8
1365.95
1399.1
1413.74
1417.08
1413.74
1399.1
1365.95
1356.8
1317.7
1309.83
1309.83
1317.7
1286.45
1252
1178.67
1133.77
1124.73
1133.77
1178.67
1252
1286.45
1268.06
1207.74
1087.61
1047.09
1039.67
1047.09
1087.61
1207.74
1268.06
926.758
923.799
920.372
923.799
926.758
818.958
817.27
815.67
817.27
818.958
742.668
737.712
735.571
737.712
742.668
664.047
661.129
659.685
661.129
664.047
585.463
584.102
583.362
584.102
585.463
507.154
506.577
506.246
506.577
507.154
429.021
428.789
428.651
428.789
429.021
350.974
350.884
350.829
350.884
350.974
272.964
272.93
272.909
272.93
272.964
194.969
194.956
194.948
194.956
194.969
116.98
116.975
116.973
116.975
116.98
38.9931
38.992
38.9913
38.992
38.9931
1991.99
1987.05
1982.88
1979.75
1978.49
1979.75
1982.88
1987.05
1991.99
1984.31
1980.06
1976.17
1973.15
1971.88
1973.15
1976.17
1980.06
1984.31
1968.57
1966.34
1963.71
1961.46
1960.52
1961.46
1963.71
1966.34
1968.57
1951.55
1950.26
1948.53
1947
1946.37
1947
1948.53
1950.26
1951.55
1934.49
1933.61
1932.38
1931.32
1930.89
1931.32
1932.38
1933.61
1934.49
1917.32
1916.7
1915.82
1915.07
1914.77
1915.07
1915.82
1916.7
1917.32
1900
1899.58
1898.97
1898.44
1898.24
1898.44
1898.97
1899.58
1900
1882.56
1882.29
1881.88
1881.53
1881.4
1881.53
1881.88
1882.29
1882.56
1865.04
1864.87
1864.61
1864.39
1864.3
1864.39
1864.61
1864.87
1865.04
1847.46
1847.37
1847.22
1847.08
1847.03
1847.08
1847.22
1847.37
1847.46
1829.86
1829.81
1829.74
1829.66
1829.63
1829.66
1829.74
1829.81
1829.86
1812.23
1812.23
1812.2
1812.16
1812.13
1812.16
1812.2
1812.24
1812.23
1794.63
1794.67
1794.63
1794.56
1794.53
1794.56
1794.63
1794.67
1794.63
1777.28
1777.25
1777
1776.8
1776.74
1776.8
1777
1777.25
1777.28
1761.35
1760.27
1759.21
1758.64
1758.48
1758.64
1759.21
1760.27
1761.35
1747.47
1743.26
1740.67
1739.57
1739.3
1739.57
1740.67
1743.26
1747.47
1741.07
1725.1
1720.52
1719.01
1718.67
1719.01
1720.52
1725.1
1741.07
1724.03
1703.09
1698.35
1696.85
1696.54
1696.85
1698.35
1703.09
1724.03
1679.96
1676.58
1674.4
1673.54
1673.34
1673.54
1674.4
1676.58
1679.96
1652.67
1651.35
1650.32
1649.83
1649.71
1649.83
1650.32
1651.35
1652.67
1627.85
1626.97
1626.33
1626.01
1625.93
1626.01
1626.33
1626.97
1627.85
1603.07
1602.67
1602.31
1602.09
1602.03
1602.09
1602.31
1602.67
1603.07
1578.67
1578.47
1578.24
1578.09
1578.03
1578.09
1578.24
1578.47
1578.67
1554.49
1554.35
1554.17
1554.02
1553.97
1554.02
1554.17
1554.35
1554.49
1530.43
1530.31
1530.11
1529.95
1529.89
1529.95
1530.11
1530.31
1530.43
1506.46
1506.4
1506.17
1506
1505.94
1506
1506.17
1506.4
1506.46
1482.48
1482.71
1482.56
1482.49
1482.48
1482.49
1482.56
1482.71
1482.48
1458.07
1459.44
1459.73
1460.15
1460.34
1460.15
1459.73
1459.44
1458.07
1431.6
1436.46
1438.58
1440.47
1441.11
1440.47
1438.58
1436.46
1431.6
1398.45
1409.31
1419.59
1425.54
1427.05
1425.54
1419.59
1409.31
1398.45
1355.45
1365.33
1401.53
1417.08
1420.53
1417.08
1401.53
1365.33
1355.45
1314.37
1305.39
1305.39
1314.37
1280.91
1244.01
1169.26
1124.73
1115.31
1124.73
1169.26
1244.01
1280.91
1261.03
1200.16
1083.75
1039.67
1027.79
1039.67
1083.75
1200.16
1261.03
926.838
920.372
914.542
920.372
926.838
818.523
815.67
813.353
815.67
818.523
740.899
735.571
733.224
735.571
740.899
662.727
659.685
658.174
659.685
662.727
584.762
583.362
582.6
583.362
584.762
506.834
506.246
505.907
506.246
506.834
428.887
428.651
428.512
428.651
428.887
350.92
350.829
350.774
350.829
350.92
272.943
272.909
272.888
272.909
272.943
194.961
194.948
194.941
194.948
194.961
116.977
116.973
116.97
116.973
116.977
38.9925
38.9913
38.9907
38.9913
38.9925
1988.54
1986.89
1984.19
1981.1
1979.75
1981.1
1984.19
1986.89
1988.54
1985.03
1981.76
1978
1974.59
1973.15
1974.59
1978
1981.76
1985.03
1970.43
1967.95
1965.11
1962.55
1961.46
1962.55
1965.11
1967.95
1970.43
1952.91
1951.35
1949.44
1947.72
1947
1947.72
1949.44
1951.35
1952.91
1935.42
1934.35
1932.98
1931.8
1931.32
1931.8
1932.98
1934.35
1935.42
1917.92
1917.2
1916.23
1915.39
1915.07
1915.39
1916.23
1917.2
1917.92
1900.37
1899.9
1899.24
1898.67
1898.44
1898.67
1899.24
1899.9
1900.37
1882.78
1882.49
1882.05
1881.68
1881.53
1881.68
1882.05
1882.49
1882.78
1865.17
1864.99
1864.72
1864.48
1864.39
1864.48
1864.72
1864.99
1865.17
1847.54
1847.44
1847.28
1847.14
1847.08
1847.14
1847.28
1847.44
1847.54
1829.91
1829.86
1829.78
1829.69
1829.66
1829.69
1829.78
1829.86
1829.91
1812.29
1812.27
1812.23
1812.18
1812.16
1812.18
1812.23
1812.27
1812.29
1794.72
1794.7
1794.65
1794.59
1794.56
1794.59
1794.65
1794.7
1794.72
1777.36
1777.21
1777
1776.85
1776.8
1776.85
1777
1777.21
1777.36
1760.63
1759.83
1759.1
1758.73
1758.64
1758.73
1759.1
1759.83
1760.63
1744.26
1741.99
1740.38
1739.7
1739.57
1739.7
1740.38
1741.99
1744.26
1726.9
1722.49
1720.06
1719.16
1719.01
1719.16
1720.06
1722.49
1726.9
1704.97
1700.16
1697.81
1696.98
1696.85
1696.98
1697.81
1700.16
1704.97
1677.11
1675.35
1674.13
1673.63
1673.54
1673.63
1674.13
1675.35
1677.11
1651.61
1650.84
1650.19
1649.89
1649.83
1649.89
1650.19
1650.84
1651.61
1627.16
1626.68
1626.27
1626.06
1626.01
1626.06
1626.27
1626.68
1627.16
1602.8
1602.54
1602.28
1602.13
1602.09
1602.14
1602.28
1602.54
1602.8
1578.57
1578.42
1578.25
1578.13
1578.09
1578.13
1578.25
1578.42
1578.57
1554.44
1554.34
1554.18
1554.06
1554.02
1554.06
1554.18
1554.34
1554.44
1530.38
1530.29
1530.13
1530
1529.95
1530
1530.13
1530.29
1530.38
1506.36
1506.32
1506.16
1506.04
1506
1506.04
1506.16
1506.32
1506.36
1482.25
1482.5
1482.44
1482.46
1482.49
1482.46
1482.44
1482.5
1482.25
1457.62
1458.94
1459.33
1459.89
1460.15
1459.89
1459.33
1458.94
1457.62
1430.96
1435.46
1437.56
1439.68
1440.47
1439.68
1437.56
1435.46
1430.96
1398.19
1408.16
1417.77
1423.7
1425.54
1423.7
1417.77
1408.16
1398.19
1356.8
1365.95
1399.1
1413.74
1417.08
1413.74
1399.1
1365.95
1356.8
1317.7
1309.83
1309.83
1317.7
1286.45
1252
1178.67
1133.77
1124.73
1133.77
1178.67
1252
1286.45
1268.06
1207.74
1087.61
1047.09
1039.67
1047.09
1087.61
1207.74
1268.06
926.758
923.799
920.372
923.799
926.758
818.958
817.27
815.67
817.27
818.958
742.668
737.712
735.571
737.712
742.668
664.047
661.129
659.685
661.129
664.047
585.463
584.102
583.362
584.102
585.463
507.154
506.577
506.246
506.577
507.154
429.021
428.789
428.651
428.789
429.021
350.974
350.884
350.829
350.884
350.974
272.964
272.93
272.909
272.93
272.964
194.969
194.956
194.948
194.956
194.969
116.98
116.975
116.973
116.975
116.98
38.9931
38.992
38.9913
38.992
38.9931
1998.59
1986.62
1986.98
1984.19
1982.88
1984.19
1986.98
1986.62
1998.59
1998.18
1984.42
1982.08
1978
1976.17
1978
1982.08
1984.42
1998.18
1971.13
1970.03
1967.96
1965.11
1963.71
1965.11
1967.96
1970.03
1971.13
1954.42
1953.16
1951.4
1949.44
1948.53
1949.44
1951.4
1953.16
1954.42
1937.36
1935.97
1934.41
1932.98
1932.38
1932.98
1934.41
1935.97
1937.36
1919.33
1918.41
1917.24
1916.23
1915.82
1916.23
1917.24
1918.41
1919.33
1901.28
1900.71
1899.91
1899.24
1898.97
1899.24
1899.91
1900.71
1901.28
1883.34
1882.99
1882.49
1882.05
1881.88
1882.05
1882.49
1882.99
1883.34
1865.5
1865.29
1864.99
1864.72
1864.61
1864.72
1864.99
1865.29
1865.5
1847.74
1847.62
1847.44
1847.28
1847.22
1847.28
1847.44
1847.62
1847.74
1830.04
1829.98
1829.87
1829.78
1829.74
1829.78
1829.87
1829.98
1830.04
1812.38
1812.34
1812.29
1812.23
1812.2
1812.23
1812.29
1812.34
1812.38
1794.74
1794.72
1794.69
1794.65
1794.63
1794.65
1794.69
1794.72
1794.74
1777.15
1777.07
1777.01
1777
1777
1777
1777.01
1777.07
1777.15
1759.51
1759.22
1759.04
1759.1
1759.21
1759.1
1759.04
1759.22
1759.51
1741.25
1740.58
1740.21
1740.38
1740.67
1740.38
1740.21
1740.58
1741.25
1721.29
1720.3
1719.78
1720.06
1720.52
1720.06
1719.78
1720.3
1721.29
1699.09
1698.03
1697.53
1697.81
1698.35
1697.81
1697.53
1698.03
1699.09
1674.8
1674.27
1673.99
1674.13
1674.4
1674.13
1673.99
1674.27
1674.8
1650.55
1650.29
1650.13
1650.19
1650.32
1650.19
1650.13
1650.29
1650.55
1626.52
1626.35
1626.24
1626.27
1626.33
1626.27
1626.24
1626.35
1626.52
1602.47
1602.37
1602.29
1602.28
1602.31
1602.28
1602.29
1602.37
1602.47
1578.42
1578.35
1578.28
1578.25
1578.24
1578.25
1578.28
1578.35
1578.42
1554.36
1554.31
1554.23
1554.18
1554.17
1554.18
1554.23
1554.31
1554.36
1530.28
1530.25
1530.18
1530.13
1530.11
1530.13
1530.18
1530.25
1530.28
1506.11
1506.16
1506.15
1506.16
1506.17
1506.16
1506.15
1506.16
1506.11
1481.67
1481.99
1482.19
1482.44
1482.56
1482.44
1482.19
1481.99
1481.67
1456.45
1457.65
1458.39
1459.33
1459.73
1459.33
1458.39
1457.65
1456.45
1429.18
1432.71
1434.98
1437.56
1438.58
1437.56
1434.98
1432.71
1429.18
1397.15
1404.42
1412.38
1417.77
1419.59
1417.77
1412.38
1404.42
1397.15
1359.59
1366.05
1389.24
1399.1
1401.53
1399.1
1389.24
1366.05
1359.59
1325.53
1321.09
1321.09
1325.53
1300.85
1277.73
1226
1178.67
1169.26
1178.67
1226
1277.73
1300.85
1288.12
1239.81
1127.39
1087.61
1083.75
1087.61
1127.39
1239.81
1288.12
923.458
926.758
926.838
926.758
923.458
818.623
818.958
818.523
818.958
818.623
746.867
742.668
740.899
742.668
746.867
666.715
664.047
662.727
664.047
666.715
586.75
585.463
584.762
585.463
586.75
507.71
507.154
506.834
507.154
507.71
429.247
429.021
428.887
429.021
429.247
351.063
350.974
350.92
350.974
351.063
272.998
272.964
272.943
272.964
272.998
194.982
194.969
194.961
194.969
194.982
116.984
116.98
116.977
116.98
116.984
38.9943
38.9931
38.9925
38.9931
38.9943
1990.88
1978.94
1986.62
1986.89
1987.05
1986.89
1986.62
1978.94
1990.88
1989.77
1978.65
1984.42
1981.76
1980.06
1981.76
1984.42
1978.65
1989.77
1963.83
1967.83
1970.03
1967.95
1966.34
1967.95
1970.03
1967.83
1963.83
1952.72
1953.41
1953.16
1951.35
1950.26
1951.35
1953.16
1953.41
1952.72
1938.51
1937.35
1935.97
1934.35
1933.61
1934.35
1935.97
1937.35
1938.51
1920.69
1919.7
1918.41
1917.2
1916.7
1917.2
1918.41
1919.7
1920.69
1902.27
1901.62
1900.71
1899.9
1899.58
1899.9
1900.71
1901.62
1902.27
1883.96
1883.57
1882.99
1882.49
1882.29
1882.49
1882.99
1883.57
1883.96
1865.88
1865.64
1865.29
1864.99
1864.87
1864.99
1865.29
1865.64
1865.88
1847.97
1847.83
1847.62
1847.44
1847.37
1847.44
1847.62
1847.83
1847.97
1830.17
1830.1
1829.98
1829.86
1829.81
1829.86
1829.98
1830.1
1830.17
1812.45
1812.41
1812.34
1812.27
1812.24
1812.27
1812.34
1812.41
1812.45
1794.73
1794.73
1794.72
1794.7
1794.67
1794.7
1794.72
1794.73
1794.73
1776.93
1776.97
1777.07
1777.21
1777.25
1777.21
1777.07
1776.97
1776.93
1758.78
1758.87
1759.22
1759.83
1760.27
1759.83
1759.22
1758.87
1758.78
1739.77
1739.9
1740.58
1741.99
1743.26
1741.99
1740.58
1739.9
1739.77
1719.25
1719.4
1720.3
1722.49
1725.1
1722.49
1720.3
1719.4
1719.25
1697.08
1697.19
1698.03
1700.16
1703.09
1700.16
1698.03
1697.19
1697.08
1673.69
1673.78
1674.27
1675.35
1676.58
1675.35
1674.27
1673.78
1673.69
1649.95
1650.01
1650.29
1650.84
1651.35
1650.84
1650.29
1650.01
1649.95
1626.14
1626.18
1626.35
1626.68
1626.97
1626.68
1626.35
1626.18
1626.14
1602.26
1602.28
1602.37
1602.54
1602.67
1602.54
1602.37
1602.28
1602.26
1578.31
1578.32
1578.35
1578.42
1578.47
1578.42
1578.35
1578.32
1578.31
1554.29
1554.29
1554.31
1554.34
1554.35
1554.34
1554.31
1554.29
1554.29
1530.17
1530.2
1530.25
1530.29
1530.31
1530.29
1530.25
1530.2
1530.17
1505.84
1505.98
1506.16
1506.32
1506.39
1506.32
1506.16
1505.98
1505.84
1481
1481.44
1481.99
1482.5
1482.71
1482.5
1481.99
1481.44
1481
1455.06
1456.19
1457.65
1458.94
1459.44
1458.94
1457.65
1456.18
1455.06
1426.91
1429.29
1432.71
1435.46
1436.46
1435.46
1432.71
1429.29
1426.91
1395.18
1398.49
1404.42
1408.16
1409.31
1408.16
1404.42
1398.49
1395.18
1361.13
1362.84
1366.05
1365.95
1365.33
1365.95
1366.05
1362.84
1361.13
1331.48
1328.86
1321.09
1309.83
1305.39
1309.83
1321.09
1328.86
1331.48
1311.69
1300.72
1277.73
1252
1244.01
1252
1277.73
1300.72
1311.69
1302.31
1281.15
1239.81
1207.74
1200.16
1207.74
1239.81
1281.15
1302.31
1999.74
1990.88
1998.59
1988.54
1991.99
1988.54
1998.59
1990.88
1999.74
1998.87
1989.77
1998.18
1985.03
1984.31
1985.03
1998.18
1989.77
1998.87
1952.7
1963.83
1971.13
1970.43
1968.57
1970.43
1971.13
1963.83
1952.7
1949.86
1952.72
1954.42
1952.91
1951.55
1952.91
1954.42
1952.72
1949.86
1939.36
1938.51
1937.36
1935.42
1934.49
1935.42
1937.36
1938.51
1939.36
1921.68
1920.69
1919.33
1917.92
1917.32
1917.92
1919.33
1920.69
1921.68
1902.96
1902.27
1901.28
1900.37
1900
1900.37
1901.28
1902.27
1902.96
1884.39
1883.96
1883.34
1882.78
1882.56
1882.78
1883.34
1883.96
1884.39
1866.13
1865.88
1865.5
1865.17
1865.04
1865.17
1865.5
1865.88
1866.13
1848.11
1847.97
1847.74
1847.54
1847.46
1847.54
1847.74
1847.97
1848.11
1830.26
1830.17
1830.04
1829.91
1829.86
1829.91
1830.04
1830.17
1830.26
1812.49
1812.45
1812.38
1812.29
1812.23
1812.29
1812.38
1812.45
1812.49
1794.72
1794.73
1794.74
1794.72
1794.63
1794.72
1794.74
1794.73
1794.72
1776.81
1776.93
1777.15
1777.36
1777.28
1777.36
1777.15
1776.93
1776.81
1758.48
1758.78
1759.51
1760.63
1761.35
1760.63
1759.51
1758.78
1758.48
1739.23
1739.77
1741.25
1744.26
1747.47
1744.26
1741.25
1739.77
1739.23
1718.58
1719.25
1721.29
1726.9
1741.07
1726.9
1721.29
1719.25
1718.58
1696.47
1697.08
1699.09
1704.97
1724.03
1704.97
1699.09
1697.08
1696.47
1673.31
1673.69
1674.8
1677.11
1679.96
1677.11
1674.8
1673.69
1673.31
1649.72
1649.95
1650.55
1651.61
1652.67
1651.61
1650.55
1649.95
1649.72
1626
1626.14
1626.52
1627.16
1627.85
1627.16
1626.52
1626.14
1626
1602.17
1602.26
1602.47
1602.8
1603.07
1602.8
1602.47
1602.26
1602.17
1578.26
1578.31
1578.42
1578.57
1578.67
1578.57
1578.42
1578.31
1578.26
1554.25
1554.29
1554.36
1554.44
1554.49
1554.44
1554.36
1554.29
1554.25
1530.1
1530.17
1530.28
1530.38
1530.43
1530.38
1530.28
1530.17
1530.1
1505.64
1505.84
1506.11
1506.36
1506.46
1506.36
1506.11
1505.84
1505.64
1480.54
1481
1481.67
1482.25
1482.48
1482.25
1481.67
1481
1480.54
1454.1
1455.06
1456.45
1457.62
1458.07
1457.62
1456.45
1455.06
1454.1
1425.37
1426.91
1429.18
1430.96
1431.6
1430.96
1429.18
1426.91
1425.37
1393.73
1395.18
1397.15
1398.19
1398.45
1398.19
1397.15
1395.18
1393.73
1361.29
1361.13
1359.59
1356.8
1355.45
1356.8
1359.59
1361.13
1361.29
1333.95
1331.48
1325.53
1317.7
1314.37
1317.7
1325.53
1331.48
1333.95
1316.61
1311.69
1300.85
1286.45
1280.91
1286.45
1300.85
1311.69
1316.61
1309.65
1302.31
1288.12
1268.06
1261.03
1268.06
1288.12
1302.31
1309.65
)
;

boundaryField
{
    injectionXMinus
    {
        type            zeroGradient;
    }
    injectionXPlus
    {
        type            zeroGradient;
    }
    injectionYMinus
    {
        type            zeroGradient;
    }
    injectionYPlus
    {
        type            zeroGradient;
    }
    inletXMinus
    {
        type            zeroGradient;
    }
    inletXPlus
    {
        type            zeroGradient;
    }
    inletYMinus
    {
        type            zeroGradient;
    }
    inletYPlus
    {
        type            zeroGradient;
    }
    outlet
    {
        type            fixedValue;
        value           uniform 0;
    }
    valve
    {
        type            zeroGradient;
    }
    walls
    {
        type            zeroGradient;
    }
}


// ************************************************************************* //
