/*--------------------------------*- C++ -*----------------------------------*\
  =========                 |
  \\      /  F ield         | OpenFOAM: The Open Source CFD Toolbox
   \\    /   O peration     | Website:  https://openfoam.org
    \\  /    A nd           | Version:  6
     \\/     M anipulation  |
\*---------------------------------------------------------------------------*/
FoamFile
{
    version     2.0;
    format      ascii;
    class       volScalarField;
    location    "0";
    object      Phi;
}
// * * * * * * * * * * * * * * * * * * * * * * * * * * * * * * * * * * * * * //

dimensions      [0 2 -1 0 0 0 0];

internalField   nonuniform List<scalar> 
3029
(
53.9041
53.2011
52.6256
51.9557
51.7669
51.9557
52.6256
53.2011
53.9041
53.31
52.7201
52.2479
51.6833
51.5277
51.6833
52.2479
52.7201
53.31
51.8957
51.6659
51.4105
51.1749
51.0928
51.1749
51.4105
51.6659
51.8957
50.9411
50.8436
50.7171
50.6083
50.5676
50.6083
50.7171
50.8436
50.9411
50.1814
50.1376
50.0761
50.0238
50.0037
50.0238
50.0761
50.1376
50.1814
49.5092
49.4888
49.4589
49.4333
49.4233
49.4333
49.4589
49.4888
49.5092
48.878
48.8682
48.8535
48.8409
48.836
48.8409
48.8535
48.8682
48.878
48.2663
48.2616
48.2544
48.2481
48.2457
48.2481
48.2544
48.2616
48.2663
47.6642
47.6619
47.6584
47.6553
47.6541
47.6553
47.6584
47.6619
47.6643
47.0668
47.0657
47.064
47.0626
47.062
47.0626
47.0641
47.0657
47.0668
46.4716
46.4712
46.4706
46.4701
46.4699
46.4701
46.4706
46.4712
46.4716
45.8772
45.8773
45.8776
45.878
45.8782
45.878
45.8776
45.8773
45.8772
45.2826
45.2834
45.2849
45.2868
45.2878
45.2868
45.2849
45.2834
45.2826
44.6865
44.6884
44.6924
44.6978
44.7013
44.6978
44.6924
44.6884
44.6865
44.0867
44.0906
44.0998
44.1143
44.1268
44.1143
44.0998
44.0906
44.0867
43.4792
43.4862
43.5052
43.5429
43.5939
43.5429
43.5052
43.4862
43.4792
42.8578
42.8681
42.9002
42.9857
43.223
42.9857
42.9002
42.8681
42.8578
42.2158
42.2261
42.2583
42.3437
42.581
42.3437
42.2583
42.2261
42.2158
41.5532
41.5602
41.5792
41.617
41.668
41.617
41.5792
41.5602
41.5532
40.8765
40.8805
40.8898
40.9045
40.9171
40.9045
40.8898
40.8805
40.8765
40.1919
40.194
40.1983
40.204
40.2076
40.204
40.1983
40.194
40.1919
39.5031
39.5043
39.5065
39.509
39.5102
39.509
39.5065
39.5043
39.5031
38.812
38.813
38.8145
38.816
38.8167
38.816
38.8145
38.813
38.812
38.119
38.1202
38.122
38.1237
38.1244
38.1237
38.122
38.1202
38.119
37.4237
37.4256
37.4286
37.4311
37.4322
37.4311
37.4286
37.4256
37.4237
36.7245
36.7279
36.7329
36.7374
36.7391
36.7374
36.7329
36.7279
36.7245
36.0188
36.0244
36.0331
36.0406
36.0435
36.0406
36.0331
36.0244
36.0188
35.3017
35.3107
35.3246
35.3365
35.341
35.3365
35.3246
35.3107
35.3017
34.5668
34.5791
34.5989
34.6151
34.6212
34.6151
34.5989
34.5791
34.5668
33.8071
33.8184
33.839
33.854
33.8591
33.854
33.839
33.8184
33.8071
33.025
33.0183
33.0157
33.008
33.0038
33.008
33.0157
33.0183
33.025
32.2562
32.1941
32.1017
32.023
31.993
32.023
32.1017
32.1941
32.2562
31.6115
31.4738
31.2531
31.0809
31.0184
31.0809
31.2531
31.4738
31.6115
31.2422
31.0576
30.7618
30.539
30.4594
30.539
30.7618
31.0576
31.2422
53.2011
52.5546
52.0976
51.7472
51.6285
51.7472
52.0976
52.5546
53.2011
52.7201
52.1757
51.7999
51.5103
51.4121
51.5103
51.7999
52.1757
52.7201
51.6659
51.4596
51.2469
51.0794
51.0189
51.0794
51.2469
51.4596
51.6659
50.8436
50.7565
50.647
50.5582
50.5249
50.5582
50.647
50.7565
50.8436
50.1376
50.098
50.0431
49.9975
49.98
49.9975
50.0432
50.098
50.1376
49.4888
49.47
49.4427
49.4195
49.4105
49.4195
49.4427
49.47
49.4888
48.8682
48.859
48.8454
48.8337
48.8291
48.8337
48.8454
48.859
48.8682
48.2616
48.2571
48.2502
48.2443
48.242
48.2443
48.2502
48.2571
48.2616
47.6619
47.6597
47.6563
47.6533
47.6521
47.6533
47.6563
47.6597
47.6619
47.0657
47.0646
47.063
47.0615
47.061
47.0615
47.063
47.0646
47.0657
46.4712
46.4707
46.47
46.4694
46.4692
46.4694
46.47
46.4707
46.4712
45.8773
45.8772
45.8772
45.8773
45.8774
45.8773
45.8772
45.8772
45.8773
45.2834
45.2836
45.2843
45.2854
45.286
45.2854
45.2843
45.2836
45.2834
44.6884
44.6891
44.6911
44.6942
44.6962
44.6942
44.6911
44.6891
44.6884
44.0906
44.0918
44.0964
44.1043
44.1104
44.1043
44.0964
44.0918
44.0906
43.4862
43.488
43.4969
43.5153
43.5338
43.5153
43.4969
43.488
43.4862
42.8681
42.87
42.884
42.9186
42.9686
42.9186
42.884
42.87
42.8681
42.2261
42.228
42.242
42.2767
42.3267
42.2767
42.242
42.2281
42.2261
41.5602
41.562
41.571
41.5894
41.608
41.5894
41.571
41.562
41.5602
40.8805
40.8818
40.8865
40.8946
40.9008
40.8946
40.8865
40.8818
40.8805
40.194
40.1949
40.1973
40.2007
40.2028
40.2007
40.1973
40.1949
40.194
39.5043
39.505
39.5064
39.5081
39.5089
39.5081
39.5064
39.505
39.5043
38.813
38.8137
38.815
38.8163
38.8168
38.8163
38.815
38.8137
38.813
38.1202
38.1214
38.1233
38.1249
38.1256
38.1249
38.1233
38.1214
38.1202
37.4256
37.4277
37.431
37.4339
37.435
37.4339
37.431
37.4277
37.4256
36.7279
36.7318
36.7378
36.7431
36.7452
36.7431
36.7378
36.7318
36.7279
36.0244
36.0316
36.0428
36.0524
36.0562
36.0524
36.0428
36.0316
36.0244
35.3107
35.3236
35.344
35.361
35.3675
35.361
35.344
35.3236
35.3107
34.5791
34.6006
34.6366
34.6651
34.6754
34.6651
34.6366
34.6006
34.5791
33.8184
33.8486
33.908
33.9489
33.9624
33.9489
33.908
33.8486
33.8184
33.0183
33.0382
33.1116
33.1435
33.151
33.1435
33.1116
33.0382
33.0183
32.1941
32.1207
32.0226
31.9314
31.8969
31.9314
32.0226
32.1207
32.1941
31.4738
31.2526
30.8474
30.5711
30.4775
30.5711
30.8474
31.2526
31.4738
31.0576
30.7526
30.1975
29.8537
29.7415
29.8537
30.1975
30.7526
31.0576
52.6256
52.0976
51.7607
51.5438
51.4691
51.5438
51.7607
52.0976
52.6256
52.2479
51.7999
51.5208
51.3398
51.2771
51.3399
51.5208
51.7999
52.2479
51.4105
51.2469
51.0849
50.9673
50.9249
50.9673
51.0849
51.2469
51.4105
50.7171
50.647
50.5601
50.4919
50.4665
50.4919
50.5601
50.647
50.7171
50.0761
50.0431
49.9977
49.9604
49.9461
49.9604
49.9977
50.0432
50.0761
49.4589
49.4427
49.4191
49.3992
49.3916
49.3992
49.4191
49.4427
49.4589
48.8535
48.8454
48.8333
48.8228
48.8188
48.8229
48.8333
48.8454
48.8536
48.2544
48.2502
48.244
48.2386
48.2365
48.2386
48.244
48.2502
48.2544
47.6584
47.6563
47.6531
47.6503
47.6492
47.6503
47.6531
47.6563
47.6584
47.064
47.063
47.0613
47.0599
47.0593
47.0599
47.0613
47.063
47.0641
46.4706
46.47
46.4691
46.4684
46.4681
46.4684
46.4691
46.47
46.4706
45.8776
45.8772
45.8767
45.8763
45.8762
45.8763
45.8767
45.8772
45.8776
45.2849
45.2843
45.2838
45.2838
45.2838
45.2838
45.2838
45.2843
45.2849
44.6924
44.6911
44.6902
44.6905
44.6909
44.6905
44.6902
44.6911
44.6924
44.0998
44.0964
44.0943
44.0953
44.0969
44.0953
44.0943
44.0964
44.0998
43.5052
43.4969
43.4924
43.4951
43.4995
43.4951
43.4924
43.4969
43.5052
42.9002
42.884
42.8763
42.8814
42.891
42.8814
42.8763
42.884
42.9002
42.2583
42.242
42.2343
42.2395
42.2491
42.2395
42.2343
42.242
42.2583
41.5792
41.571
41.5666
41.5693
41.5738
41.5693
41.5666
41.571
41.5792
40.8898
40.8865
40.8847
40.8858
40.8874
40.8858
40.8847
40.8865
40.8898
40.1983
40.1973
40.1967
40.1973
40.1979
40.1973
40.1967
40.1973
40.1983
39.5065
39.5064
39.5066
39.5072
39.5075
39.5072
39.5066
39.5064
39.5065
38.8145
38.815
38.8159
38.8168
38.8172
38.8168
38.8159
38.815
38.8145
38.122
38.1233
38.1252
38.1268
38.1275
38.1268
38.1252
38.1233
38.122
37.4285
37.431
37.4348
37.4381
37.4394
37.4381
37.4348
37.431
37.4285
36.7329
36.7378
36.7454
36.7519
36.7545
36.7519
36.7454
36.7378
36.7329
36.0331
36.0428
36.058
36.0709
36.0759
36.0709
36.058
36.0428
36.0331
35.3246
35.344
35.3751
35.4007
35.4102
35.4007
35.3751
35.344
35.3246
34.5989
34.6366
34.7031
34.7535
34.7714
34.7535
34.7031
34.6366
34.5989
33.839
33.908
34.0635
34.1603
34.1913
34.1603
34.0635
33.908
33.839
33.0157
33.1116
33.5414
33.7101
33.7558
33.7101
33.5414
33.1116
33.0157
32.1017
32.0226
32.0226
32.1017
31.2531
30.8474
29.7876
29.2355
29.0661
29.2355
29.7876
30.8474
31.2531
30.7618
30.1975
28.772
28.2195
28.063
28.2195
28.772
30.1975
30.7618
26.0106
25.8343
25.7604
25.8343
26.0106
23.6016
23.5446
23.516
23.5446
23.6016
21.3065
21.2879
21.2777
21.2879
21.3065
19.0485
19.0424
19.0389
19.0424
19.0485
16.8026
16.8006
16.7995
16.8006
16.8026
14.5607
14.5601
14.5597
14.5601
14.5607
12.3201
12.3199
12.3198
12.3199
12.3201
10.08
10.0799
10.0798
10.0799
10.08
7.83992
7.83989
7.83988
7.83989
7.83992
5.59993
5.59992
5.59992
5.59992
5.59993
3.35995
3.35995
3.35995
3.35995
3.35995
1.11998
1.11998
1.11998
1.11998
1.11998
51.9557
51.7472
51.5438
51.4023
51.352
51.4023
51.5438
51.7472
51.9557
51.6833
51.5103
51.3399
51.2198
51.1768
51.2198
51.3399
51.5103
51.6833
51.1749
51.0794
50.9673
50.8829
50.852
50.8829
50.9673
51.0794
51.1749
50.6083
50.5582
50.4919
50.4392
50.4194
50.4392
50.4919
50.5582
50.6083
50.0238
49.9975
49.9604
49.9296
49.9179
49.9296
49.9604
49.9975
50.0238
49.4333
49.4195
49.3992
49.3821
49.3755
49.3821
49.3992
49.4195
49.4333
48.8409
48.8337
48.8229
48.8135
48.8099
48.8135
48.8229
48.8337
48.8409
48.2481
48.2443
48.2386
48.2336
48.2317
48.2336
48.2386
48.2443
48.2481
47.6553
47.6533
47.6503
47.6476
47.6466
47.6476
47.6503
47.6533
47.6553
47.0626
47.0615
47.0599
47.0585
47.0579
47.0585
47.0599
47.0615
47.0626
46.4701
46.4694
46.4684
46.4676
46.4672
46.4676
46.4684
46.4694
46.4701
45.878
45.8773
45.8763
45.8756
45.8753
45.8756
45.8763
45.8773
45.878
45.2868
45.2854
45.2838
45.2827
45.2824
45.2827
45.2838
45.2854
45.2868
44.6978
44.6942
44.6905
44.6884
44.6878
44.6884
44.6905
44.6942
44.6978
44.1143
44.1043
44.0953
44.0909
44.0899
44.0909
44.0953
44.1043
44.1143
43.5429
43.5153
43.4951
43.4865
43.485
43.4865
43.4951
43.5153
43.5429
42.9857
42.9186
42.8814
42.868
42.8662
42.868
42.8814
42.9186
42.9857
42.3437
42.2767
42.2395
42.2261
42.2243
42.2261
42.2395
42.2767
42.3437
41.617
41.5894
41.5693
41.5608
41.5594
41.5608
41.5693
41.5894
41.617
40.9045
40.8946
40.8858
40.8815
40.8806
40.8815
40.8858
40.8946
40.9045
40.204
40.2007
40.1973
40.1955
40.1951
40.1955
40.1973
40.2007
40.204
39.509
39.5081
39.5072
39.5068
39.5067
39.5068
39.5072
39.5081
39.509
38.816
38.8163
38.8168
38.8174
38.8176
38.8174
38.8168
38.8163
38.816
38.1237
38.1249
38.1268
38.1286
38.1292
38.1286
38.1268
38.1249
38.1237
37.4311
37.4339
37.4381
37.4418
37.4433
37.4418
37.4381
37.4339
37.4311
36.7374
36.7431
36.7519
36.7596
36.7626
36.7596
36.7519
36.7431
36.7374
36.0406
36.0524
36.0709
36.0867
36.0927
36.0867
36.0709
36.0524
36.0406
35.3365
35.361
35.4007
35.4332
35.4453
35.4332
35.4007
35.361
35.3365
34.6151
34.6651
34.7535
34.8205
34.8442
34.8205
34.7535
34.6651
34.6151
33.854
33.9489
34.1603
34.2943
34.3376
34.2943
34.1603
33.9489
33.854
33.008
33.1435
33.7101
33.9495
34.0166
33.9495
33.7101
33.1435
33.008
32.023
31.9314
31.9314
32.023
31.0809
30.5711
29.2355
28.5335
28.3188
28.5334
29.2355
30.5711
31.0809
30.539
29.8537
28.2195
27.5586
27.3712
27.5586
28.2195
29.8537
30.539
25.8343
25.6365
25.5543
25.6365
25.8343
23.5446
23.4832
23.4526
23.4832
23.5446
21.2879
21.2685
21.2578
21.2685
21.2879
19.0424
19.0362
19.0325
19.0362
19.0424
16.8006
16.7986
16.7974
16.7986
16.8006
14.5601
14.5594
14.559
14.5594
14.5601
12.3199
12.3197
12.3196
12.3197
12.3199
10.0799
10.0798
10.0798
10.0798
10.0799
7.83989
7.83987
7.83986
7.83987
7.83989
5.59992
5.59991
5.59991
5.59991
5.59992
3.35995
3.35995
3.35995
3.35995
3.35995
1.11998
1.11998
1.11998
1.11998
1.11998
51.7669
51.6285
51.4691
51.352
51.3097
51.352
51.4691
51.6285
51.7669
51.5277
51.4121
51.2771
51.1768
51.1403
51.1768
51.2771
51.4121
51.5277
51.0928
51.0189
50.9249
50.852
50.825
50.852
50.9249
51.0189
51.0928
50.5676
50.5249
50.4665
50.4194
50.4016
50.4194
50.4665
50.5249
50.5676
50.0037
49.98
49.9461
49.9179
49.9071
49.9179
49.9461
49.98
50.0037
49.4234
49.4105
49.3916
49.3755
49.3692
49.3755
49.3916
49.4105
49.4234
48.836
48.8291
48.8188
48.8099
48.8064
48.8099
48.8188
48.8291
48.836
48.2457
48.242
48.2365
48.2317
48.2298
48.2317
48.2365
48.242
48.2457
47.6541
47.6521
47.6492
47.6466
47.6456
47.6466
47.6492
47.6521
47.6541
47.062
47.061
47.0593
47.0579
47.0573
47.0579
47.0593
47.061
47.062
46.4699
46.4692
46.4681
46.4672
46.4669
46.4672
46.4681
46.4692
46.4699
45.8782
45.8774
45.8762
45.8753
45.875
45.8753
45.8762
45.8774
45.8782
45.2878
45.286
45.2838
45.2824
45.2819
45.2824
45.2838
45.286
45.2878
44.7013
44.6962
44.6909
44.6878
44.6869
44.6878
44.6909
44.6962
44.7013
44.1268
44.1104
44.0969
44.0899
44.088
44.0899
44.0969
44.1104
44.1268
43.5939
43.5338
43.4995
43.485
43.4815
43.485
43.4995
43.5338
43.5939
43.223
42.9686
42.891
42.8662
42.8609
42.8662
42.891
42.9686
43.223
42.581
42.3267
42.2491
42.2243
42.219
42.2243
42.2491
42.3267
42.581
41.668
41.608
41.5738
41.5594
41.5559
41.5594
41.5738
41.608
41.668
40.9171
40.9007
40.8874
40.8806
40.8788
40.8806
40.8874
40.9008
40.9171
40.2076
40.2027
40.1979
40.1951
40.1943
40.1951
40.1979
40.2028
40.2076
39.5102
39.5089
39.5075
39.5067
39.5065
39.5067
39.5075
39.5089
39.5102
38.8167
38.8168
38.8172
38.8176
38.8178
38.8176
38.8172
38.8168
38.8167
38.1244
38.1256
38.1275
38.1292
38.1299
38.1292
38.1275
38.1256
38.1244
37.4321
37.435
37.4394
37.4433
37.4448
37.4433
37.4394
37.435
37.4321
36.7391
36.7452
36.7545
36.7626
36.7657
36.7626
36.7545
36.7452
36.7391
36.0435
36.0561
36.0759
36.0927
36.0992
36.0927
36.0759
36.0561
36.0435
35.341
35.3675
35.4102
35.4453
35.4584
35.4453
35.4102
35.3675
35.341
34.6212
34.6754
34.7714
34.8442
34.8701
34.8442
34.7714
34.6754
34.6212
33.8591
33.9624
34.1913
34.3376
34.3852
34.3376
34.1913
33.9624
33.8591
33.0038
33.151
33.7558
34.0165
34.0903
34.0165
33.7558
33.151
33.0038
31.993
31.8969
31.8968
31.993
31.0183
30.4775
29.0661
28.3188
28.0898
28.3188
29.0661
30.4775
31.0183
30.4594
29.7415
28.063
27.3712
27.1739
27.3712
28.063
29.7415
30.4594
25.7604
25.5543
25.4687
25.5543
25.7604
23.516
23.4526
23.421
23.4526
23.516
21.2777
21.2578
21.2468
21.2578
21.2777
19.0389
19.0325
19.0289
19.0325
19.0389
16.7995
16.7974
16.7962
16.7974
16.7995
14.5597
14.559
14.5586
14.559
14.5597
12.3198
12.3196
12.3194
12.3196
12.3198
10.0798
10.0798
10.0797
10.0798
10.0798
7.83988
7.83986
7.83984
7.83986
7.83988
5.59992
5.59991
5.5999
5.59991
5.59992
3.35995
3.35995
3.35995
3.35995
3.35995
1.11998
1.11998
1.11998
1.11998
1.11998
51.9557
51.7472
51.5438
51.4023
51.352
51.4023
51.5438
51.7472
51.9557
51.6833
51.5103
51.3399
51.2198
51.1768
51.2198
51.3399
51.5103
51.6833
51.1749
51.0794
50.9673
50.8829
50.852
50.8829
50.9673
51.0794
51.1749
50.6083
50.5582
50.4919
50.4392
50.4194
50.4392
50.4919
50.5582
50.6083
50.0238
49.9975
49.9604
49.9296
49.9179
49.9296
49.9604
49.9975
50.0238
49.4333
49.4195
49.3992
49.3821
49.3755
49.3821
49.3993
49.4195
49.4333
48.8409
48.8337
48.8229
48.8135
48.8099
48.8135
48.8229
48.8337
48.8409
48.2481
48.2443
48.2386
48.2336
48.2317
48.2336
48.2386
48.2443
48.2481
47.6553
47.6533
47.6503
47.6476
47.6466
47.6476
47.6503
47.6533
47.6553
47.0626
47.0615
47.0599
47.0585
47.0579
47.0585
47.0599
47.0615
47.0626
46.4701
46.4694
46.4684
46.4676
46.4672
46.4676
46.4684
46.4694
46.4701
45.878
45.8773
45.8763
45.8756
45.8753
45.8756
45.8763
45.8773
45.878
45.2868
45.2854
45.2838
45.2827
45.2824
45.2827
45.2838
45.2854
45.2868
44.6978
44.6942
44.6905
44.6884
44.6878
44.6884
44.6905
44.6942
44.6978
44.1143
44.1043
44.0953
44.0909
44.0899
44.0909
44.0953
44.1043
44.1143
43.5429
43.5153
43.4951
43.4865
43.485
43.4865
43.4951
43.5153
43.5429
42.9857
42.9186
42.8814
42.868
42.8662
42.868
42.8814
42.9186
42.9857
42.3437
42.2767
42.2395
42.2261
42.2243
42.2261
42.2395
42.2767
42.3437
41.617
41.5894
41.5693
41.5608
41.5594
41.5608
41.5693
41.5894
41.617
40.9045
40.8946
40.8858
40.8815
40.8806
40.8815
40.8858
40.8946
40.9045
40.204
40.2007
40.1973
40.1955
40.1951
40.1955
40.1973
40.2007
40.204
39.509
39.5081
39.5072
39.5068
39.5067
39.5068
39.5072
39.5081
39.509
38.816
38.8163
38.8168
38.8173
38.8176
38.8173
38.8168
38.8163
38.816
38.1237
38.1249
38.1268
38.1286
38.1292
38.1286
38.1268
38.1249
38.1237
37.4311
37.4339
37.4381
37.4418
37.4433
37.4418
37.4381
37.4339
37.4311
36.7374
36.7431
36.7519
36.7596
36.7626
36.7596
36.7519
36.7431
36.7374
36.0406
36.0524
36.0709
36.0867
36.0927
36.0867
36.0709
36.0524
36.0406
35.3365
35.361
35.4007
35.4332
35.4453
35.4332
35.4007
35.361
35.3365
34.6151
34.6651
34.7535
34.8205
34.8442
34.8205
34.7535
34.6651
34.6151
33.854
33.9489
34.1603
34.2943
34.3376
34.2943
34.1603
33.9489
33.854
33.008
33.1435
33.7101
33.9495
34.0165
33.9495
33.7101
33.1435
33.008
32.023
31.9314
31.9314
32.023
31.0809
30.5711
29.2355
28.5334
28.3188
28.5334
29.2355
30.5711
31.0809
30.539
29.8537
28.2195
27.5586
27.3712
27.5586
28.2195
29.8537
30.539
25.8343
25.6365
25.5543
25.6365
25.8343
23.5446
23.4832
23.4526
23.4832
23.5446
21.2879
21.2685
21.2578
21.2685
21.2879
19.0424
19.0362
19.0325
19.0362
19.0424
16.8006
16.7986
16.7974
16.7986
16.8006
14.5601
14.5594
14.559
14.5594
14.5601
12.3199
12.3197
12.3196
12.3197
12.3199
10.0799
10.0798
10.0798
10.0798
10.0799
7.83989
7.83987
7.83986
7.83987
7.83989
5.59992
5.59991
5.59991
5.59991
5.59992
3.35995
3.35995
3.35995
3.35995
3.35995
1.11998
1.11998
1.11998
1.11998
1.11998
52.6256
52.0976
51.7607
51.5438
51.4691
51.5438
51.7607
52.0976
52.6256
52.2479
51.7999
51.5208
51.3399
51.2771
51.3399
51.5208
51.7999
52.2479
51.4105
51.2469
51.0849
50.9673
50.9249
50.9673
51.0849
51.2469
51.4105
50.7171
50.647
50.5601
50.4919
50.4665
50.4919
50.5601
50.647
50.7171
50.0761
50.0432
49.9977
49.9604
49.9461
49.9604
49.9977
50.0432
50.0761
49.4589
49.4427
49.4191
49.3992
49.3916
49.3993
49.4191
49.4427
49.4589
48.8536
48.8454
48.8333
48.8229
48.8188
48.8229
48.8333
48.8454
48.8536
48.2544
48.2502
48.244
48.2386
48.2365
48.2386
48.244
48.2502
48.2544
47.6584
47.6563
47.6531
47.6503
47.6492
47.6503
47.6531
47.6563
47.6584
47.0641
47.063
47.0613
47.0599
47.0593
47.0599
47.0613
47.063
47.0641
46.4706
46.47
46.4691
46.4684
46.4681
46.4684
46.4691
46.47
46.4706
45.8776
45.8772
45.8767
45.8763
45.8762
45.8763
45.8767
45.8772
45.8776
45.2849
45.2843
45.2839
45.2838
45.2838
45.2838
45.2839
45.2843
45.2849
44.6924
44.6911
44.6902
44.6905
44.6909
44.6905
44.6902
44.6911
44.6924
44.0998
44.0964
44.0943
44.0953
44.0969
44.0953
44.0943
44.0964
44.0998
43.5052
43.4969
43.4924
43.4951
43.4995
43.4951
43.4924
43.4969
43.5052
42.9002
42.884
42.8763
42.8814
42.891
42.8814
42.8763
42.884
42.9002
42.2583
42.242
42.2343
42.2395
42.2491
42.2395
42.2343
42.242
42.2583
41.5792
41.571
41.5666
41.5693
41.5738
41.5693
41.5666
41.571
41.5792
40.8898
40.8865
40.8847
40.8858
40.8874
40.8858
40.8847
40.8865
40.8898
40.1983
40.1973
40.1967
40.1973
40.1979
40.1973
40.1967
40.1973
40.1983
39.5065
39.5064
39.5066
39.5072
39.5075
39.5072
39.5066
39.5064
39.5065
38.8145
38.815
38.8159
38.8168
38.8172
38.8168
38.8159
38.815
38.8145
38.122
38.1233
38.1251
38.1268
38.1275
38.1268
38.1251
38.1233
38.122
37.4285
37.431
37.4348
37.4381
37.4394
37.4381
37.4348
37.431
37.4285
36.7329
36.7378
36.7454
36.7519
36.7545
36.7519
36.7454
36.7378
36.7329
36.0331
36.0428
36.058
36.0709
36.0759
36.0709
36.058
36.0428
36.0331
35.3246
35.3439
35.3751
35.4007
35.4102
35.4007
35.3751
35.3439
35.3246
34.5989
34.6366
34.7031
34.7535
34.7714
34.7535
34.7031
34.6366
34.5989
33.839
33.908
34.0635
34.1603
34.1913
34.1603
34.0635
33.908
33.839
33.0157
33.1115
33.5414
33.7101
33.7558
33.7101
33.5414
33.1115
33.0157
32.1017
32.0225
32.0225
32.1017
31.2531
30.8474
29.7876
29.2355
29.0661
29.2355
29.7876
30.8474
31.2531
30.7618
30.1975
28.772
28.2195
28.063
28.2195
28.772
30.1975
30.7618
26.0106
25.8343
25.7604
25.8343
26.0106
23.6016
23.5446
23.516
23.5446
23.6016
21.3065
21.2879
21.2777
21.2879
21.3065
19.0485
19.0424
19.0389
19.0424
19.0485
16.8026
16.8006
16.7995
16.8006
16.8026
14.5607
14.5601
14.5597
14.5601
14.5607
12.3201
12.3199
12.3198
12.3199
12.3201
10.08
10.0799
10.0798
10.0799
10.08
7.83992
7.83989
7.83988
7.83989
7.83992
5.59993
5.59992
5.59992
5.59992
5.59993
3.35995
3.35995
3.35995
3.35995
3.35995
1.11998
1.11998
1.11998
1.11998
1.11998
53.2011
52.5546
52.0976
51.7472
51.6285
51.7472
52.0976
52.5546
53.2011
52.7201
52.1757
51.7999
51.5103
51.4121
51.5103
51.7999
52.1757
52.7201
51.6659
51.4596
51.2469
51.0794
51.0189
51.0794
51.2469
51.4596
51.6659
50.8436
50.7565
50.647
50.5582
50.5249
50.5582
50.647
50.7565
50.8436
50.1376
50.098
50.0432
49.9975
49.98
49.9975
50.0432
50.098
50.1376
49.4888
49.47
49.4427
49.4195
49.4105
49.4195
49.4427
49.47
49.4888
48.8682
48.859
48.8454
48.8337
48.8291
48.8337
48.8454
48.859
48.8682
48.2616
48.2571
48.2502
48.2443
48.242
48.2443
48.2502
48.2571
48.2616
47.6619
47.6597
47.6563
47.6533
47.6521
47.6533
47.6563
47.6597
47.6619
47.0657
47.0646
47.063
47.0615
47.061
47.0615
47.063
47.0646
47.0657
46.4712
46.4707
46.47
46.4694
46.4692
46.4694
46.47
46.4707
46.4712
45.8773
45.8772
45.8772
45.8773
45.8774
45.8773
45.8772
45.8772
45.8773
45.2834
45.2836
45.2843
45.2854
45.286
45.2854
45.2843
45.2836
45.2834
44.6884
44.6891
44.6911
44.6942
44.6962
44.6942
44.6911
44.6891
44.6884
44.0906
44.0918
44.0964
44.1043
44.1104
44.1043
44.0964
44.0918
44.0906
43.4862
43.488
43.4969
43.5153
43.5338
43.5153
43.4969
43.488
43.4862
42.8681
42.87
42.884
42.9186
42.9686
42.9186
42.884
42.87
42.8681
42.2261
42.2281
42.242
42.2767
42.3267
42.2767
42.242
42.2281
42.2261
41.5602
41.562
41.571
41.5894
41.608
41.5894
41.571
41.562
41.5602
40.8805
40.8818
40.8865
40.8946
40.9007
40.8946
40.8865
40.8818
40.8805
40.194
40.1949
40.1973
40.2007
40.2027
40.2007
40.1973
40.1949
40.194
39.5043
39.505
39.5064
39.5081
39.5089
39.5081
39.5064
39.505
39.5043
38.813
38.8137
38.815
38.8163
38.8168
38.8163
38.815
38.8137
38.813
38.1202
38.1214
38.1233
38.1249
38.1256
38.1249
38.1233
38.1214
38.1202
37.4256
37.4277
37.431
37.4339
37.435
37.4339
37.431
37.4277
37.4256
36.7279
36.7318
36.7378
36.7431
36.7452
36.7431
36.7378
36.7318
36.7279
36.0244
36.0316
36.0428
36.0524
36.0561
36.0524
36.0428
36.0316
36.0244
35.3107
35.3236
35.3439
35.361
35.3675
35.361
35.3439
35.3236
35.3107
34.5791
34.6006
34.6366
34.6651
34.6754
34.6651
34.6366
34.6006
34.5791
33.8184
33.8486
33.908
33.9489
33.9624
33.9489
33.908
33.8486
33.8184
33.0183
33.0382
33.1115
33.1435
33.151
33.1435
33.1115
33.0382
33.0183
32.1941
32.1207
32.0225
31.9314
31.8968
31.9314
32.0225
32.1207
32.1941
31.4738
31.2526
30.8474
30.5711
30.4775
30.5711
30.8474
31.2526
31.4738
31.0576
30.7526
30.1975
29.8537
29.7415
29.8537
30.1975
30.7526
31.0576
53.9041
53.2011
52.6256
51.9557
51.7669
51.9557
52.6256
53.2011
53.9041
53.31
52.7201
52.2479
51.6833
51.5277
51.6833
52.2479
52.7201
53.31
51.8957
51.6659
51.4105
51.1749
51.0928
51.1749
51.4105
51.6659
51.8958
50.9411
50.8436
50.7171
50.6083
50.5676
50.6083
50.7171
50.8436
50.9411
50.1814
50.1376
50.0761
50.0238
50.0037
50.0238
50.0761
50.1376
50.1814
49.5092
49.4888
49.4589
49.4333
49.4234
49.4333
49.4589
49.4888
49.5092
48.878
48.8682
48.8536
48.8409
48.836
48.8409
48.8536
48.8682
48.878
48.2663
48.2616
48.2544
48.2481
48.2457
48.2481
48.2544
48.2616
48.2664
47.6643
47.6619
47.6584
47.6553
47.6541
47.6553
47.6584
47.6619
47.6643
47.0668
47.0657
47.0641
47.0626
47.062
47.0626
47.0641
47.0657
47.0668
46.4716
46.4712
46.4706
46.4701
46.4699
46.4701
46.4706
46.4712
46.4716
45.8772
45.8773
45.8776
45.878
45.8782
45.878
45.8776
45.8773
45.8772
45.2826
45.2834
45.2849
45.2868
45.2878
45.2868
45.2849
45.2834
45.2826
44.6865
44.6884
44.6924
44.6978
44.7013
44.6978
44.6924
44.6884
44.6865
44.0867
44.0906
44.0998
44.1143
44.1268
44.1143
44.0998
44.0906
44.0867
43.4792
43.4862
43.5052
43.5429
43.5939
43.5429
43.5052
43.4862
43.4792
42.8578
42.8681
42.9002
42.9857
43.223
42.9857
42.9002
42.8681
42.8578
42.2158
42.2261
42.2583
42.3437
42.581
42.3437
42.2583
42.2261
42.2158
41.5532
41.5602
41.5792
41.617
41.668
41.617
41.5792
41.5602
41.5532
40.8765
40.8805
40.8898
40.9045
40.9171
40.9045
40.8898
40.8805
40.8765
40.1919
40.194
40.1983
40.204
40.2076
40.204
40.1983
40.194
40.1919
39.5031
39.5043
39.5065
39.509
39.5102
39.509
39.5065
39.5043
39.5031
38.812
38.813
38.8145
38.816
38.8167
38.816
38.8145
38.813
38.812
38.119
38.1202
38.122
38.1237
38.1244
38.1237
38.122
38.1202
38.119
37.4237
37.4256
37.4285
37.4311
37.4321
37.4311
37.4285
37.4256
37.4237
36.7245
36.7279
36.7329
36.7374
36.7391
36.7374
36.7329
36.7279
36.7245
36.0188
36.0244
36.0331
36.0406
36.0435
36.0406
36.0331
36.0244
36.0188
35.3017
35.3107
35.3246
35.3365
35.341
35.3365
35.3246
35.3107
35.3017
34.5667
34.5791
34.5989
34.6151
34.6212
34.6151
34.5989
34.5791
34.5667
33.8071
33.8184
33.839
33.854
33.8591
33.854
33.839
33.8184
33.8071
33.025
33.0183
33.0157
33.008
33.0038
33.008
33.0157
33.0183
33.025
32.2562
32.1941
32.1017
32.023
31.993
32.023
32.1017
32.1941
32.2562
31.6115
31.4738
31.2531
31.0809
31.0183
31.0809
31.2531
31.4738
31.6115
31.2422
31.0576
30.7618
30.539
30.4594
30.539
30.7618
31.0576
31.2422
)
;

boundaryField
{
    injectionXMinus
    {
        type            zeroGradient;
    }
    injectionXPlus
    {
        type            zeroGradient;
    }
    injectionYMinus
    {
        type            zeroGradient;
    }
    injectionYPlus
    {
        type            zeroGradient;
    }
    inletXMinus
    {
        type            zeroGradient;
    }
    inletXPlus
    {
        type            zeroGradient;
    }
    inletYMinus
    {
        type            zeroGradient;
    }
    inletYPlus
    {
        type            zeroGradient;
    }
    outlet
    {
        type            fixedValue;
        value           uniform 0;
    }
    valve
    {
        type            zeroGradient;
    }
    walls
    {
        type            zeroGradient;
    }
}


// ************************************************************************* //
