/*--------------------------------*- C++ -*----------------------------------*\
  =========                 |
  \\      /  F ield         | OpenFOAM: The Open Source CFD Toolbox
   \\    /   O peration     | Website:  https://openfoam.org
    \\  /    A nd           | Version:  6
     \\/     M anipulation  |
\*---------------------------------------------------------------------------*/
FoamFile
{
    version     2.0;
    format      ascii;
    class       surfaceScalarField;
    location    "0";
    object      phi;
}
// * * * * * * * * * * * * * * * * * * * * * * * * * * * * * * * * * * * * * //

dimensions      [0 3 -1 0 0 0 0];

internalField   nonuniform List<scalar> 
8239
(
0.0702973
0.0594055
0.0702972
0.0575519
0.0480973
0.0646479
0.0669835
0.0377701
0.0527981
0.0188827
0.0272454
0.0208553
-0.0188829
0.0239235
0.013842
-0.0669837
0.0272453
0.0208553
-0.057552
0.0377701
0.0527981
-0.0702973
0.0480972
0.0646479
0.0594054
0.0702972
0.058989
0.141427
0.058989
0.0472247
0.105419
0.054442
0.0564587
0.0837346
0.0448012
0.0155608
0.0508428
0.0173002
-0.0155611
0.0434898
0.0115554
-0.056459
0.0508428
0.0173002
-0.0472249
0.0837346
0.0448012
-0.0589891
0.105419
0.054442
0.141427
0.058989
0.022981
0.0954651
0.022981
0.0255401
0.08223
0.0206299
0.023567
0.0693425
0.016365
0.00820779
0.0566559
0.00954578
-0.00820804
0.0525184
0.00738701
-0.0235672
0.0566559
0.00954578
-0.0255403
0.0693425
0.016365
-0.0229811
0.0822299
0.0206299
0.0954651
0.0229809
0.00974587
0.0759732
0.00974583
0.0126526
0.0706068
0.00871615
0.0108804
0.0641012
0.00701318
0.0040702
0.0584526
0.00501327
-0.00407046
0.0563891
0.00426968
-0.0108806
0.0584526
0.00501327
-0.0126528
0.0641012
0.00701318
-0.00974592
0.0706067
0.00871615
0.0759732
0.0097458
0.00437939
0.0672143
0.00437934
0.00614712
0.0648803
0.00395842
0.00523179
0.0617222
0.00329409
0.00200667
0.0590494
0.00262806
-0.00200694
0.0580354
0.00236706
-0.00523202
0.0590494
0.00262806
-0.00614729
0.0617222
0.00329409
-0.00437944
0.0648803
0.00395842
0.0672143
0.00437932
0.00204535
0.0631235
0.0020453
0.00298904
0.0620581
0.00187817
0.00255902
0.060532
0.00162
0.000992637
0.0592355
0.00138006
-0.000992903
0.0587358
0.00128496
-0.00255925
0.0592355
0.00138006
-0.00298921
0.060532
0.00162
-0.0020454
0.0620581
0.00187816
0.0631235
0.00204528
0.000979974
0.0611634
0.000979934
0.00146286
0.0606605
0.000914445
0.00126256
0.0599178
0.000814183
0.000492876
0.0592808
0.000724141
-0.000493144
0.0590331
0.000688468
-0.0012628
0.0592808
0.000724142
-0.00146304
0.0599178
0.000814184
-0.000980028
0.0606605
0.000914443
0.0611634
0.00097991
0.000477047
0.0602092
0.00047701
0.000720188
0.0599653
0.000451805
0.000625543
0.0595989
0.000413344
0.000245139
0.0592817
0.00037931
-0.000245405
0.0591576
0.000365857
-0.000625777
0.0592817
0.000379311
-0.000720358
0.0595989
0.000413345
-0.000477102
0.0599653
0.000451803
0.0602092
0.000476987
0.000233116
0.0597429
0.000233083
0.000353792
0.05962
0.000224321
0.000308333
0.0594331
0.000210988
0.000121011
0.0592695
0.000199282
-0.000121275
0.059205
0.000194673
-0.000308565
0.0592695
0.000199284
-0.000353961
0.0594331
0.00021099
-0.000233173
0.05962
0.00022432
0.0597429
0.000233064
0.000110278
0.0595222
0.000110249
0.000166897
0.0594536
0.000109605
0.000144707
0.0593464
0.000108712
5.64737e-05
0.0592495
0.000108053
-5.67323e-05
0.0592101
0.000107855
-0.000144933
0.0592495
0.000108054
-0.000167061
0.0593464
0.000108713
-0.000110335
0.0594536
0.000109603
0.0595222
0.00011023
4.16465e-05
0.0594388
4.16214e-05
5.9731e-05
0.0593869
4.83503e-05
4.77961e-05
0.0592992
5.89274e-05
1.71235e-05
0.0592112
6.87829e-05
-1.73759e-05
0.0591715
7.29968e-05
-4.80176e-05
0.0592112
6.87842e-05
-5.98927e-05
0.0592992
5.89298e-05
-4.17041e-05
0.0593869
4.83511e-05
0.0594388
4.16064e-05
-1.02457e-05
0.0594592
-1.02666e-05
-2.79608e-05
0.0593948
9.64852e-06
-4.02185e-05
0.0592701
4.12035e-05
-2.25978e-05
0.0591219
7.15466e-05
2.23537e-05
0.0590411
8.53137e-05
4.00047e-05
0.0591219
7.15476e-05
2.78059e-05
0.0592701
4.12049e-05
1.01899e-05
0.0593948
9.64774e-06
0.0594592
-1.02816e-05
-7.46648e-05
0.0596084
-7.46814e-05
-0.00015264
0.0594975
-2.49902e-05
-0.000188441
0.0592503
5.54198e-05
-0.000103402
0.0588984
0.000138314
0.000103167
0.058653
0.000181332
0.000188235
0.0588984
0.000138315
0.00015249
0.0592503
5.54224e-05
7.46083e-05
0.0594976
-2.49885e-05
0.0596084
-7.46919e-05
-0.000185539
0.0599794
-0.000185551
-0.000399877
0.0597798
-6.80975e-05
-0.000540383
0.0592617
0.000129001
-0.000348738
0.0583479
0.000358725
0.000348515
0.0574447
0.000511003
0.000540188
0.0583479
0.000358726
0.000399736
0.0592617
0.000129003
0.000185486
0.0597799
-6.80977e-05
0.0599794
-0.000185562
-0.000385132
0.0607496
-0.000385139
-0.000918025
0.0604368
-0.000124276
-0.00145419
0.0594576
0.000340081
-0.00125195
0.0571451
0.00100041
0.00125174
0.0532964
0.00164448
0.001454
0.0571451
0.00100041
0.00091789
0.0594576
0.000340084
0.000385078
0.0604369
-0.000124273
0.0607496
-0.000385145
-0.000697882
0.0621453
-0.000697885
-0.00189724
0.0618149
-0.000178837
-0.0037667
0.060495
0.000832003
-0.00510065
0.0557181
0.00276089
0.00510045
0.0370894
0.00600585
0.00376653
0.0557181
0.00276089
0.00189712
0.060495
0.000832004
0.000697833
0.061815
-0.000178836
0.0621453
-0.000697892
-0.00102825
0.0642017
-0.00102825
-0.00321717
0.0642002
-0.00019648
-0.00854362
0.0641979
0.00162343
-0.0237293
0.0641959
0.00670781
0.0237292
0.0641951
0.0254357
0.00854346
0.0641959
0.00670781
0.00321705
0.0641979
0.00162344
0.0010282
0.0642002
-0.000196477
0.0642018
-0.00102825
-0.00102975
0.0662612
-0.00102974
-0.00321946
0.0665878
-0.000197991
-0.00854563
0.0679021
0.00162189
-0.0237301
0.0726741
0.00670624
0.02373
0.0913009
0.0254341
0.00854549
0.0726741
0.00670624
0.00321935
0.0679022
0.00162189
0.00102971
0.0665879
-0.00019799
0.0662612
-0.00102974
-0.000703064
0.0676672
-0.000703052
-0.00190515
0.0679739
-0.000184073
-0.00377365
0.0689439
0.000826656
-0.00510338
0.0712483
0.00275545
0.00510323
0.0750939
0.00600037
0.00377353
0.0712484
0.00275545
0.00190506
0.068944
0.000826658
0.000703021
0.067974
-0.000184069
0.0676673
-0.000703049
-0.000396344
0.0684599
-0.000396327
-0.00093516
0.0686484
-0.000135652
-0.00146923
0.0691496
0.000328404
-0.00125786
0.0700485
0.000988466
0.00125773
0.0709459
0.00163243
0.00146912
0.0700485
0.000988467
0.000935082
0.0691496
0.000328405
0.000396307
0.0686484
-0.00013565
0.0684599
-0.000396324
-0.000207828
0.0688755
-0.000207805
-0.00043396
0.0689653
-9.08479e-05
-0.000570315
0.0691804
0.00010548
-0.000360516
0.0695042
0.000334525
0.000360411
0.0697384
0.000486535
0.000570224
0.0695042
0.000334526
0.000433893
0.0691805
0.000105483
0.000207792
0.0689654
-9.08427e-05
0.0688755
-0.000207797
-0.000117957
0.0691114
-0.000117929
-0.000218856
0.0691358
-6.95136e-05
-0.000246588
0.0691993
8.92452e-06
-0.000126301
0.0692938
9.00893e-05
0.000126219
0.0693535
0.000132427
0.000246518
0.0692939
9.00904e-05
0.000218806
0.0691993
8.92632e-06
0.000117928
0.0691358
-6.95105e-05
0.0691114
-0.000117921
-9.35379e-05
0.0692984
-9.35039e-05
-0.000155359
0.0692745
-7.68596e-05
-0.00015204
0.0692463
-5.03297e-05
-6.66476e-05
0.0692329
-2.43822e-05
6.65884e-05
0.0692326
-1.23418e-05
0.000151989
0.0692329
-2.43807e-05
0.000155322
0.0692464
-5.03263e-05
9.35113e-05
0.0692746
-7.68534e-05
0.0692985
-9.34909e-05
-0.000117449
0.0695333
-0.000117409
-0.000183531
0.0694597
-0.000119028
-0.000165508
0.0693497
-0.000121269
-6.68725e-05
0.0692569
-0.000122574
6.68377e-05
0.0692217
-0.000122728
0.000165479
0.0692569
-0.000122573
0.000183512
0.0693497
-0.000121267
0.000117429
0.0694598
-0.000119024
0.0695334
-0.000117396
-0.000191063
0.0699154
-0.000191017
-0.000293574
0.0697752
-0.000212921
-0.000258278
0.069561
-0.000246521
-0.000102014
0.0693761
-0.000275449
0.000102004
0.0693044
-0.000286633
0.00025827
0.0693762
-0.000275447
0.000293569
0.069561
-0.000246517
0.000191046
0.0697753
-0.000212914
0.0699155
-0.000190999
-0.000331269
0.070578
-0.000331218
-0.000507831
0.0703458
-0.000393847
-0.000443084
0.069987
-0.000490717
-0.000173722
0.0696806
-0.000573658
0.000173737
0.0695627
-0.000605617
0.000443099
0.0696806
-0.000573657
0.000507844
0.0699871
-0.000490715
0.000331259
0.0703458
-0.000393842
0.070578
-0.000331201
-0.000563485
0.0717049
-0.00056343
-0.000866538
0.0713725
-0.000723594
-0.00074956
0.0708456
-0.000975441
-0.000291567
0.0704096
-0.00118692
0.000291607
0.0702468
-0.00126709
0.000749597
0.0704097
-0.00118692
0.000866565
0.0708457
-0.000975437
0.000563478
0.0713726
-0.000723586
0.071705
-0.000563407
-0.000895891
0.0734968
-0.000895832
-0.00139344
0.0731608
-0.00129053
-0.00118557
0.072572
-0.00193408
-0.000454424
0.0721335
-0.00245488
0.000454491
0.0719848
-0.00264678
0.00118563
0.0721336
-0.00245487
0.00139348
0.0725721
-0.00193408
0.000895888
0.0731609
-0.00129052
0.0734968
-0.000895809
-0.00123185
0.0759605
-0.00123179
-0.00198223
0.0760641
-0.00215273
-0.00162405
0.0759869
-0.00377291
-0.000603154
0.0761099
-0.00499709
0.000603245
0.0762065
-0.00542796
0.00162413
0.0761099
-0.00499709
0.00198228
0.075987
-0.0037729
0.00123184
0.0760642
-0.00215272
0.0759605
-0.00123176
-0.00112823
0.078217
-0.00112816
-0.0020594
0.0800143
-0.00301879
-0.00150108
0.0823305
-0.00690164
-0.000506515
0.0846018
-0.00948625
0.00050663
0.0855274
-0.0103338
0.00150118
0.0846018
-0.00948625
0.00205947
0.0823305
-0.00690163
0.00112822
0.0800144
-0.00301878
0.078217
-0.00112813
0.000669111
0.0768788
0.000669176
0.000256733
0.082415
-0.00198802
0.000770271
0.0914009
-0.00958373
0.00041907
0.0985007
-0.0135475
-0.000418936
0.101082
-0.0147159
-0.000770155
0.0985008
-0.0135475
-0.000256658
0.091401
-0.00958372
-0.000669127
0.0824151
-0.00198799
0.0768789
0.000669224
0.0062053
0.0644684
0.00620536
0.00924264
0.0720339
0.00734419
0.00787008
0.0848584
0.00791546
0.00299986
0.0942103
0.00916103
-0.00299971
0.097466
0.00961541
-0.00786995
0.0942103
0.00916103
-0.00924256
0.0848584
0.00791547
-0.00620532
0.0720339
0.00734421
0.0644684
0.00620541
0.0137708
0.0369269
0.0137709
0.0220671
0.0416196
0.0221183
0.017222
0.0491326
0.0405713
0.0062556
0.0541941
0.0509828
-0.00625546
0.055891
0.0540863
-0.0172218
0.0541941
0.0509828
-0.022067
0.0491325
0.0405713
-0.0137708
0.0416196
0.0221183
0.0369269
0.0137709
0.0184635
0.0184636
0.02958
0.0305035
0.0222835
0.0564294
0.00795256
0.0685253
-0.00795243
0.0717962
-0.0222834
0.0685252
-0.02958
0.0564294
-0.0184635
0.0305035
0.0184636
0.0646479
0.0480973
0.0575518
0.0457021
0.0378914
0.045702
0.0350407
0.0297733
0.0336859
0.0118694
0.0236902
0.0203362
-0.0118696
0.0216369
0.0159438
-0.0350409
0.0236902
0.0203362
-0.0457022
0.0297733
0.0336859
-0.064648
0.0378914
0.045702
0.0480972
0.0575518
0.054442
0.105419
0.0472247
0.037584
0.0716071
0.0375839
0.0289577
0.0552984
0.0279021
0.00981606
0.0430884
0.0170432
-0.0098163
0.0393214
0.0135029
-0.0289579
0.0430884
0.0170432
-0.0375841
0.0552984
0.0279021
-0.0544421
0.0716071
0.0375839
0.105419
0.0472247
0.0206299
0.08223
0.02554
0.0212752
0.0703162
0.0212751
0.0167477
0.0599907
0.0161998
0.00604903
0.0521234
0.0112092
-0.00604928
0.049401
0.00940539
-0.016748
0.0521234
0.0112092
-0.0212754
0.0599907
0.0161998
-0.02063
0.0703162
0.0212751
0.0822299
0.02554
0.0087162
0.0706068
0.0126525
0.0109496
0.065849
0.0109496
0.0088805
0.0603822
0.00869049
0.00332661
0.0560674
0.00662285
-0.00332687
0.0544865
0.00583741
-0.00888073
0.0560674
0.00662286
-0.0109498
0.0603822
0.00869051
-0.00871627
0.065849
0.0109496
0.0706067
0.0126526
0.00395847
0.0648803
0.00614703
0.00548279
0.0628
0.0054827
0.00456576
0.0600481
0.00454484
0.00174568
0.0578014
0.00371379
-0.00174594
0.0569533
0.00339157
-0.00456599
0.0578014
0.0037138
-0.00548296
0.0600481
0.00454486
-0.00395854
0.0628
0.00548273
0.0648803
0.00614706
0.00187821
0.0620581
0.00298895
0.00273086
0.0610944
0.00273078
0.00231908
0.0597262
0.00235342
0.000897536
0.0585796
0.00202314
-0.000897803
0.0581393
0.00189405
-0.00231931
0.0585796
0.00202315
-0.00273104
0.0597262
0.00235344
-0.00187829
0.0610944
0.00273081
0.0620581
0.00298899
0.000914485
0.0606605
0.00146279
0.0013626
0.0601979
0.00136252
0.00117252
0.059517
0.00121311
0.000457202
0.058936
0.00108277
-0.000457469
0.0587105
0.00103166
-0.00117275
0.058936
0.00108279
-0.00136278
0.059517
0.00121314
-0.000914562
0.0601979
0.00136256
0.0606605
0.00146282
0.000451842
0.0599653
0.00072012
0.000681727
0.0597378
0.000681656
0.00059151
0.0593965
0.000623725
0.000231686
0.0591017
0.000573188
-0.000231951
0.0589864
0.000553338
-0.000591743
0.0591017
0.000573203
-0.000681901
0.0593965
0.000623751
-0.000451918
0.0597378
0.00068169
0.0599653
0.000720152
0.000224354
0.05962
0.00035373
0.000340459
0.0595053
0.000340395
0.000296628
0.0593309
0.000320215
0.000116402
0.0591783
0.000302622
-0.000116665
0.0591182
0.000295719
-0.000296858
0.0591783
0.000302636
-0.00034063
0.0593309
0.000320242
-0.00022443
0.0595053
0.000340429
0.05962
0.000353764
0.000109634
0.0594536
0.000166842
0.000166004
0.0593923
0.000165948
0.000144048
0.0592966
0.000164654
5.62755e-05
0.0592102
0.000163647
-5.65331e-05
0.0591753
0.000163319
-0.000144274
0.0592102
0.000163661
-0.000166171
0.0592966
0.00016468
-0.000109708
0.0593923
0.000165981
0.0594536
0.000166874
4.83755e-05
0.0593869
5.96845e-05
7.03081e-05
0.0593482
7.02599e-05
5.76516e-05
0.0592815
8.64722e-05
2.13375e-05
0.059214
0.000101134
-2.15885e-05
0.0591838
0.000107212
-5.78719e-05
0.059214
0.000101148
-7.04714e-05
0.0592815
8.64974e-05
-4.84488e-05
0.0593482
7.02932e-05
0.0593869
5.97179e-05
9.66944e-06
0.0593948
-2.7999e-05
3.59419e-06
0.0593601
3.55446e-06
-9.87536e-06
0.0592843
5.16422e-05
-8.83068e-06
0.0591886
9.56341e-05
8.58754e-06
0.0591371
0.000114433
9.66202e-06
0.0591886
9.56472e-05
-3.75119e-06
0.0592843
5.16667e-05
-9.73945e-06
0.0593602
3.58577e-06
0.0593948
-2.79683e-05
-2.49737e-05
0.0594975
-0.00015267
-7.22302e-05
0.0594544
-7.22612e-05
-0.000105547
0.0593239
4.89568e-05
-6.03832e-05
0.0591188
0.000162829
6.01497e-05
0.0589827
0.000215023
0.000105342
0.0591188
0.000162842
7.2079e-05
0.0593239
4.89801e-05
2.49049e-05
0.0594545
-7.22302e-05
0.0594976
-0.000152638
-6.80856e-05
0.0597798
-0.000399898
-0.000202778
0.0597236
-0.0002028
-0.000310659
0.0594728
8.78534e-05
-0.00019646
0.0589896
0.000373601
0.000196238
0.0585781
0.00052274
0.000310465
0.0589896
0.000373613
0.000202635
0.0594728
8.78756e-05
6.80213e-05
0.0597237
-0.000202772
0.0597799
-0.00039987
-0.000124268
0.0604368
-0.000918038
-0.000453668
0.0603823
-0.000453681
-0.000793859
0.0599495
0.000203327
-0.000607878
0.0589056
0.000898253
0.000607668
0.0576578
0.00134917
0.000793676
0.0589056
0.000898264
0.000453533
0.0599496
0.000203348
0.000124206
0.0603823
-0.000453654
0.0604369
-0.000918009
-0.000178834
0.0618149
-0.00189724
-0.000886399
0.0617973
-0.000886403
-0.00183782
0.0612864
0.00044643
-0.00185569
0.059665
0.00201928
0.0018555
0.0565192
0.00343315
0.00183764
0.059665
0.00201929
0.000886275
0.0612865
0.000446449
0.000178777
0.0617973
-0.000886378
0.061815
-0.00189722
-0.000196482
0.0642002
-0.00321716
-0.00139725
0.0641987
-0.00139725
-0.00345925
0.0641964
0.000775367
-0.00500148
0.0641943
0.0037206
0.0050013
0.0641935
0.00775847
0.00345909
0.0641944
0.0037206
0.00139714
0.0641964
0.000775384
0.000196428
0.0641987
-0.00139722
0.0642003
-0.00321714
-0.000197998
0.0665878
-0.00321944
-0.00139957
0.0666018
-0.00139956
-0.00346128
0.0671069
0.000773014
-0.00500228
0.0687233
0.0037182
0.00500212
0.0718671
0.00775607
0.00346114
0.0687233
0.00371821
0.00139947
0.0671069
0.00077303
0.000197951
0.0666018
-0.00139954
0.0665879
-0.00321942
-0.000184086
0.0679739
-0.00190513
-0.000894426
0.0680224
-0.000894401
-0.00184486
0.0684457
0.00043826
-0.00185846
0.0694814
0.00201095
0.00185831
0.0707259
0.00342477
0.00184474
0.0694814
0.00201096
0.000894334
0.0684457
0.000438274
0.000184041
0.0680224
-0.000894381
0.067974
-0.00190511
-0.000135669
0.0686484
-0.000935126
-0.000471104
0.0686932
-0.000471069
-0.000809172
0.0689267
0.000185478
-0.000613895
0.0693946
0.000879997
0.000613771
0.0698
0.00133076
0.000809064
0.0693946
0.000880003
0.000471027
0.0689267
0.00018549
0.000135633
0.0686932
-0.000471053
0.0686485
-0.000935108
-9.08705e-05
0.0689653
-0.000433915
-0.000237632
0.0689867
-0.000237586
-0.00034127
0.0690839
5.18833e-05
-0.000208505
0.0692597
0.000336589
0.000208402
0.0693843
0.000485315
0.000341181
0.0692598
0.000336595
0.000237567
0.0690839
5.18935e-05
9.08378e-05
0.0689867
-0.000237571
0.0689654
-0.000433898
-6.95418e-05
0.0691358
-0.000218801
-0.000140418
0.0691284
-0.000140361
-0.000165423
0.06914
-2.21634e-05
-8.3963e-05
0.0691794
8.90596e-05
8.3882e-05
0.0692087
0.000140208
0.000165354
0.0691794
8.9064e-05
0.000140369
0.0691401
-2.21551e-05
6.95175e-05
0.0691285
-0.00014035
0.0691359
-0.000218788
-7.68937e-05
0.0692745
-0.000155293
-0.000128829
0.0692323
-0.00012876
-0.000126092
0.0691754
-8.83718e-05
-5.46072e-05
0.0691347
-5.11143e-05
5.45496e-05
0.0691222
-3.49642e-05
0.000126044
0.0691347
-5.11111e-05
0.000128795
0.0691754
-8.83658e-05
7.68739e-05
0.0692324
-0.000128751
0.0692746
-0.00015528
-0.000119068
0.0694597
-0.000183453
-0.000185771
0.0693658
-0.000185691
-0.000166813
0.0692244
-0.000189133
-6.70258e-05
0.069104
-0.00019159
6.69922e-05
0.0690578
-0.000192215
0.000166786
0.069104
-0.000191588
0.000185754
0.0692244
-0.00018913
0.000119057
0.0693659
-0.000185686
0.0694598
-0.000183446
-0.000212967
0.0697752
-0.000293486
-0.000327174
0.0695943
-0.000327082
-0.000287206
0.0693168
-0.000378735
-0.000113198
0.0690779
-0.000423273
0.000113189
0.0689855
-0.000440522
0.000287201
0.069078
-0.000423272
0.000327172
0.0693168
-0.000378734
0.000212961
0.0695943
-0.000327079
0.0697753
-0.000293479
-0.000393897
0.0703458
-0.000507732
-0.000604701
0.070016
-0.000604599
-0.000526025
0.0695023
-0.000754799
-0.000205681
0.0690673
-0.000883201
0.000205697
0.0689013
-0.000932622
0.000526041
0.0690673
-0.000883202
0.000604717
0.0695024
-0.0007548
0.000393901
0.0700161
-0.000604601
0.0703458
-0.000507731
-0.000723649
0.0713725
-0.000866431
-0.00111839
0.0708056
-0.00111827
-0.000961044
0.069887
-0.00151728
-0.000371733
0.0691417
-0.00185043
0.000371775
0.0688671
-0.00197626
0.000961083
0.0691417
-0.00185043
0.00111842
0.069887
-0.00151728
0.000723656
0.0708057
-0.00111828
0.0713726
-0.000866431
-0.00129059
0.0731608
-0.00139333
-0.002037
0.0722986
-0.00203688
-0.00170636
0.0707332
-0.0031107
-0.000646323
0.0695913
-0.00396433
0.000646392
0.0692036
-0.0042758
0.00170642
0.0695913
-0.00396433
0.00203705
0.0707332
-0.00311071
0.0012906
0.0722987
-0.00203689
0.0731609
-0.00139333
-0.00215279
0.0760641
-0.00198211
-0.00360241
0.075198
-0.00360229
-0.00284823
0.0728582
-0.00665186
-0.00103403
0.0716207
-0.00884048
0.00103412
0.0713007
-0.00959297
0.00284831
0.0716208
-0.00884048
0.00360247
0.0728582
-0.00665186
0.0021528
0.0751981
-0.00360229
0.0760642
-0.00198211
-0.00301886
0.0800143
-0.00205928
-0.00594226
0.0810451
-0.00594213
-0.00408568
0.0796484
-0.0155481
-0.00135405
0.0805406
-0.0211374
0.00135417
0.0811453
-0.0228863
0.00408579
0.0805406
-0.0211374
0.00594233
0.0796484
-0.0155481
0.00301887
0.0810452
-0.00594213
0.0800144
-0.00205928
-0.00198808
0.082415
0.000256857
-0.00733898
0.0917472
-0.00733885
-0.00319346
0.1089
-0.0429806
-0.000749343
0.121209
-0.0566599
0.000749483
0.125413
-0.0604819
0.00319359
0.121209
-0.0566599
0.00733907
0.1089
-0.0429806
0.00198809
0.0917473
-0.00733883
0.0824151
0.000256867
0.00734412
0.0720339
0.00924277
0.00981391
0.086808
0.00981407
0.00911566
0.117514
0.00345424
0.136032
-0.00345409
0.141937
-0.00911552
0.136032
-0.00981381
0.117514
-0.00734412
0.086808
0.00981409
0.0720339
0.00924277
0.0221183
0.0416196
0.0220673
0.0405201
0.0500048
0.0405203
0.0276334
0.0649906
0.105982
0.00935908
0.0717365
0.133553
-0.00935894
0.073601
0.141141
-0.0276333
0.0717365
0.133553
-0.04052
0.0649906
0.105982
-0.0221183
0.0500047
0.0405202
0.0416197
0.0220672
0.0305034
0.0295802
0.055506
0.0555061
0.0343794
0.142547
0.0112235
0.163418
-0.0112234
0.167844
-0.0343792
0.163418
-0.0555058
0.142547
-0.0305033
0.055506
0.0295801
0.0527981
0.0377701
0.0669834
0.0336859
0.0297733
0.0350406
0.0216911
0.0239895
0.021691
0.00747703
0.0203972
0.0141528
-0.00747725
0.019196
0.0117019
-0.0216913
0.0203972
0.0141528
-0.0336861
0.0239895
0.021691
-0.0527982
0.0297733
0.0350407
0.0377701
0.0669835
0.0448013
0.0837346
0.0564586
0.0279022
0.0552984
0.0289576
0.0180988
0.0435961
0.0180987
0.00627576
0.0372544
0.0120087
-0.00627599
0.0352239
0.0100264
-0.018099
0.0372544
0.0120088
-0.0279023
0.0435961
0.0180987
-0.0448013
0.0552983
0.0289576
0.0837346
0.0564587
0.016365
0.0693425
0.0235668
0.0161999
0.0599907
0.0167476
0.0117571
0.0524814
0.011757
0.00424525
0.0475371
0.00843808
-0.00424549
0.045833
0.00728675
-0.0117573
0.0475371
0.0084381
-0.0162001
0.0524813
0.011757
-0.0163651
0.0599907
0.0167477
0.0693425
0.0235669
0.00701322
0.0641012
0.0108803
0.00869058
0.0603822
0.00888039
0.00681287
0.0562365
0.00681276
0.00254117
0.0531584
0.00527305
-0.00254142
0.0520406
0.00471214
-0.00681309
0.0531583
0.00527307
-0.00869074
0.0562365
0.0068128
-0.00701329
0.0603822
0.00888045
0.0641012
0.0108804
0.00329413
0.0617222
0.00523169
0.00454493
0.0600481
0.00456565
0.00373471
0.0578567
0.0037346
0.00142346
0.0561108
0.00307233
-0.00142371
0.0554558
0.00282339
-0.00373493
0.0561108
0.00307235
-0.00454509
0.0578567
0.00373464
-0.00329421
0.0600481
0.0045657
0.0617222
0.00523175
0.00162004
0.060532
0.00255892
0.0023535
0.0597262
0.00231898
0.0019888
0.0585858
0.0019887
0.000768445
0.0576392
0.00171481
-0.000768698
0.0572769
0.00160986
-0.00198902
0.0576392
0.00171483
-0.00235367
0.0585858
0.00198874
-0.00162011
0.0597262
0.00231903
0.060532
0.00255898
0.00081422
0.0599178
0.00126247
0.00121319
0.059517
0.00117243
0.00104218
0.0589276
0.00104209
0.000406086
0.0584264
0.000931458
-0.000406339
0.0582321
0.00088858
-0.00104241
0.0584264
0.00093148
-0.00121335
0.0589276
0.00104213
-0.000814298
0.059517
0.00117248
0.0599178
0.00126253
0.000413378
0.0595989
0.000625462
0.000623796
0.0593965
0.000591426
0.000540973
0.059093
0.000540888
0.000211836
0.0588311
0.000497412
-0.000212087
0.0587288
0.000480452
-0.000541195
0.0588311
0.000497434
-0.000623962
0.059093
0.000540929
-0.000413456
0.0593966
0.00059148
0.0595989
0.00062552
0.000211019
0.0594331
0.000308261
0.000320279
0.0593309
0.000296553
0.000279034
0.0591753
0.000278959
0.0001095
0.0590393
0.000263725
-0.000109748
0.0589858
0.000257771
-0.000279253
0.0590393
0.000263747
-0.000320442
0.0591753
0.000278999
-0.000211095
0.0593309
0.000296607
0.0594332
0.000308319
0.000108739
0.0593464
0.000144643
0.00016471
0.0592966
0.000143983
0.000143041
0.0592184
0.000142976
5.59471e-05
0.0591477
0.000142146
-5.61907e-05
0.0591192
0.000141859
-0.000143256
0.0591477
0.000142167
-0.00016487
0.0592185
0.000143015
-0.000108814
0.0592966
0.000144035
0.0593464
0.0001447
5.89508e-05
0.0592992
4.77429e-05
8.65204e-05
0.0592815
5.75969e-05
7.23136e-05
0.0592467
7.22584e-05
2.7415e-05
0.0592085
8.50979e-05
-2.76525e-05
0.059191
9.02771e-05
-7.25223e-05
0.0592085
8.51183e-05
-8.66756e-05
0.0592467
7.22965e-05
-5.90241e-05
0.0592815
5.76477e-05
0.0592992
4.77983e-05
4.12229e-05
0.0592701
-4.02613e-05
5.16819e-05
0.0592843
-9.91939e-06
3.41165e-05
0.0592816
3.40721e-05
9.96841e-06
0.0592558
7.22562e-05
-1.01984e-05
0.0592377
8.78028e-05
-3.43185e-05
0.0592558
7.22758e-05
-5.18321e-05
0.0592816
3.41087e-05
-4.12935e-05
0.0592843
-9.87046e-06
0.0592701
-4.02088e-05
5.54351e-05
0.0592503
-0.000188473
4.89878e-05
0.0593239
-0.00010558
8.32581e-06
0.0593628
8.2923e-06
-8.18918e-06
0.0593295
0.00010548
7.96825e-06
0.0592904
0.000145993
-8.51961e-06
0.0593296
0.000105499
-4.91313e-05
0.0593628
8.32719e-06
-5.55032e-05
0.0593239
-0.000105533
0.0592503
-0.000188422
0.000129012
0.0592617
-0.000540404
8.78755e-05
0.0594728
-0.000310681
-2.4912e-05
0.0595882
-2.49343e-05
-4.73215e-05
0.0595142
0.000211235
4.7111e-05
0.0594046
0.00031405
2.47274e-05
0.0595142
0.000211252
-8.8012e-05
0.0595883
-2.49013e-05
-0.000129077
0.0594728
-0.000310638
0.0592617
-0.000540357
0.000340088
0.0594576
-0.0014542
0.00020334
0.0599495
-0.00079387
-9.89342e-05
0.0601926
-9.89452e-05
-0.000156956
0.0600266
0.000443754
0.000156757
0.0597417
0.000698181
9.87603e-05
0.0600266
0.00044377
-0.000203468
0.0601927
-9.89144e-05
-0.000340149
0.0599496
-0.000793829
0.0594577
-0.00145415
0.000832005
0.060495
-0.0037667
0.000446433
0.0612864
-0.00183781
-0.000264969
0.0616154
-0.000264969
-0.000441816
0.0613663
0.00085635
0.00044163
0.0608445
0.00144688
0.000264807
0.0613663
0.000856366
-0.000446553
0.0616154
-0.00026494
-0.000832062
0.0612865
-0.00183778
0.060495
-0.00376666
0.00162343
0.0641979
-0.00854361
0.000775361
0.0641964
-0.00345924
-0.00051402
0.064194
-0.000514007
-0.000963603
0.0641919
0.00134446
0.000963433
0.0641911
0.00248476
0.000513871
0.064192
0.00134447
-0.00077547
0.064194
-0.000513982
-0.00162348
0.0641964
-0.0034592
0.064198
-0.00854357
0.00162189
0.0679022
-0.00854561
0.000772999
0.0671069
-0.00346126
-0.000516094
0.0667722
-0.000516069
-0.000964417
0.0670161
0.00134236
0.000964263
0.0675358
0.00248265
0.000515959
0.0670161
0.00134238
-0.000773097
0.0667722
-0.000516046
-0.00162193
0.067107
-0.00346123
0.0679022
-0.00854558
0.000826644
0.0689439
-0.00377362
0.000438235
0.0684457
-0.00184483
-0.000272168
0.0681929
-0.000272132
-0.000444643
0.0683504
0.000849053
0.000444506
0.0686319
0.00143953
0.000272049
0.0683504
0.000849064
-0.000438322
0.0681929
-0.000272112
-0.000826686
0.0684457
-0.0018448
0.068944
-0.00377359
0.000328388
0.0691496
-0.00146919
0.000185443
0.0689267
-0.000809123
-0.000114653
0.0687931
-0.000114604
-0.000163136
0.0688512
0.000427737
0.000163018
0.0689545
0.000682021
0.000114551
0.0688512
0.000427746
-0.000185516
0.0687931
-0.000114587
-0.000328423
0.0689267
-0.0008091
0.0691497
-0.00146916
0.000105459
0.0691805
-0.000570254
5.18372e-05
0.0690839
-0.000341208
-5.6564e-05
0.0690098
-5.65015e-05
-5.97793e-05
0.0690122
0.000178752
5.96814e-05
0.0690392
0.000281203
5.64796e-05
0.0690122
0.000178759
-5.18974e-05
0.0690099
-5.64875e-05
-0.000105489
0.069084
-0.000341189
0.0691805
-0.000570233
8.89809e-06
0.0691993
-0.000246514
-2.22207e-05
0.06914
-0.000165347
-5.42003e-05
0.0690738
-5.41237e-05
-3.28149e-05
0.0690392
4.07397e-05
3.27384e-05
0.0690336
8.03337e-05
5.41347e-05
0.0690392
4.07455e-05
2.21746e-05
0.0690739
-5.4113e-05
-8.92038e-06
0.0691401
-0.000165333
0.0691994
-0.000246499
-5.03615e-05
0.0692463
-0.000151952
-8.84406e-05
0.0691754
-0.000126002
-8.88349e-05
0.0690746
-8.87439e-05
-3.84571e-05
0.0689942
-5.64526e-05
3.84027e-05
0.068965
-4.3227e-05
8.87889e-05
0.0689942
-5.64487e-05
8.84094e-05
0.0690747
-8.87368e-05
5.03451e-05
0.0691755
-0.000125993
0.0692464
-0.000151941
-0.000121306
0.0693497
-0.000165406
-0.000189214
0.0692244
-0.000166708
-0.000169269
0.0690348
-0.000169164
-6.7651e-05
0.0688723
-0.000171248
6.76194e-05
0.0688095
-0.000171919
0.000169244
0.0688723
-0.000171246
0.000189198
0.0690348
-0.00016916
0.000121298
0.0692245
-0.000166704
0.0693497
-0.000165401
-0.000246563
0.069561
-0.000258163
-0.000378826
0.0693168
-0.000287087
-0.000331745
0.0689407
-0.000331625
-0.000130446
0.068618
-0.000370168
0.000130438
0.0684934
-0.000385139
0.000331739
0.068618
-0.000370168
0.000378826
0.0689407
-0.000331625
0.000246561
0.0693168
-0.000287088
0.069561
-0.000258162
-0.000490764
0.0699871
-0.000442956
-0.000754901
0.0695023
-0.000525893
-0.000654427
0.0687398
-0.000654294
-0.000255102
0.0681001
-0.000764451
0.000255117
0.0678576
-0.00080696
0.000654442
0.0681001
-0.000764453
0.000754917
0.0687399
-0.000654298
0.000490771
0.0695024
-0.000525899
0.0699871
-0.000442961
-0.000975492
0.0708456
-0.000749423
-0.00151739
0.069887
-0.000960902
-0.0012942
0.0682936
-0.00129405
-0.00049756
0.0670278
-0.00157464
0.0004976
0.0665675
-0.00168121
0.00129423
0.0670278
-0.00157464
0.00151742
0.0682936
-0.00129406
0.000975504
0.0698871
-0.000960912
0.0708457
-0.000749432
-0.00193414
0.072572
-0.00118542
-0.00311082
0.0707332
-0.00170621
-0.00255998
0.067192
-0.00255983
-0.000957793
0.0647152
-0.0032537
0.000957859
0.0638864
-0.00351015
0.00256004
0.0647152
-0.00325371
0.00311087
0.0671921
-0.00255984
0.00193416
0.0707333
-0.00170622
0.0725721
-0.00118543
-0.00377297
0.0759869
-0.0016239
-0.00665198
0.0728582
-0.00284808
-0.00503685
0.063962
-0.0050367
-0.00178652
0.0593238
-0.00669922
0.00178661
0.0580074
-0.00728683
0.00503694
0.0593238
-0.00669923
0.00665204
0.063962
-0.00503671
0.00377299
0.0728583
-0.00284809
0.075987
-0.00162391
-0.0069017
0.0823305
-0.00150092
-0.0155482
0.0796484
-0.00408553
-0.00967504
0.0522158
-0.00967488
-0.00310292
0.0450182
-0.0134037
0.00310304
0.0435498
-0.0146344
0.00967514
0.0450182
-0.0134037
0.0155483
0.0522159
-0.00967489
0.00690172
0.0796485
-0.00408554
0.0823305
-0.00150094
-0.00958379
0.0914009
0.000770423
-0.0429808
0.1089
-0.00319331
-0.0168727
-0.0168725
-0.00457135
-0.0239428
0.00457149
-0.0260748
0.0168728
-0.0239428
0.0429809
-0.0168726
0.00958379
0.1089
-0.00319332
0.091401
0.000770405
0.00791542
0.0848584
0.00787023
0.117514
0.00911582
-0.00791544
0.117514
0.00911577
0.0848583
0.0078702
0.0405713
0.0491325
0.0172221
0.105982
0.0649906
0.0276336
0.0552044
0.101555
0.0552045
0.0169465
0.101601
0.0702098
-0.0169464
0.100305
0.0747287
-0.0552043
0.101601
0.0702098
-0.105982
0.101555
0.0552045
-0.0405713
0.0649905
0.0276335
0.0491325
0.017222
0.0564293
0.0222836
0.142547
0.0343795
0.0552503
0.276148
0.0552504
0.0156501
0.238522
0.066097
-0.0156501
0.230265
0.0691845
-0.0552502
0.238522
0.0660969
-0.142547
0.276148
0.0552503
-0.0564292
0.0343794
0.0222835
0.0176241
0.2409
0.0176241
0.0073928
0.228972
0.0197813
-0.00739282
0.224442
0.0206084
-0.017624
0.228972
0.0197813
0.2409
0.0176241
0.0056959
0.229508
0.00569594
0.00286273
0.225667
0.00613819
-0.00286277
0.223827
0.00634003
-0.00569591
0.225667
0.00613818
0.229508
0.0056959
0.00185447
0.225799
0.00185449
0.00102319
0.224551
0.0019472
-0.00102323
0.223879
0.00199432
-0.0018545
0.224551
0.0019472
0.225799
0.00185448
0.000606075
0.224587
0.000606086
0.000351674
0.224179
0.000625828
-0.000351695
0.223946
0.000636572
-0.000606094
0.224179
0.000625827
0.224587
0.000606083
0.000198421
0.22419
0.000198427
0.000118377
0.224056
0.000202678
-0.000118391
0.223977
0.000205098
-0.000198439
0.224056
0.000202682
0.22419
0.000198434
6.50001e-05
0.22406
6.50031e-05
3.93892e-05
0.224016
6.59275e-05
-3.93904e-05
0.22399
6.64669e-05
-6.50086e-05
0.224016
6.59287e-05
0.22406
6.50079e-05
2.12915e-05
0.224017
2.1293e-05
1.30175e-05
0.224003
2.14965e-05
-1.30186e-05
0.223994
2.1619e-05
-2.12999e-05
0.224003
2.15008e-05
0.224017
2.13031e-05
6.96961e-06
0.224003
6.97025e-06
4.28813e-06
0.223999
7.0172e-06
-4.28171e-06
0.223996
7.04353e-06
-6.97135e-06
0.223999
7.018e-06
0.224003
6.97545e-06
2.27627e-06
0.223999
2.27652e-06
1.40649e-06
0.223997
2.28844e-06
-1.40471e-06
0.223996
2.29673e-06
-2.28079e-06
0.223997
2.29201e-06
0.223999
2.28532e-06
7.37514e-07
0.223997
7.37592e-07
4.60354e-07
0.223997
7.40666e-07
-4.55883e-07
0.223997
7.41704e-07
-7.38376e-07
0.223997
7.40995e-07
0.223997
7.39566e-07
2.30243e-07
0.223997
2.30256e-07
1.42445e-07
0.223997
2.30294e-07
-1.45892e-07
0.223997
2.31562e-07
-2.33992e-07
0.223997
2.32e-07
0.223997
2.34812e-07
5.45004e-08
5.44964e-08
3.29215e-08
5.34554e-08
-3.23186e-08
5.28973e-08
-5.05486e-08
5.28746e-08
5.4056e-08
0.0208553
0.0272453
0.0188826
0.0203363
0.0236902
0.0118693
0.0141529
0.0203972
0.00747692
0.00502619
0.0182532
0.00502608
-0.0050264
0.0175205
0.00423388
-0.0141531
0.0182532
0.0050261
-0.0203364
0.0203972
0.00747695
-0.0208554
0.0236902
0.0118693
0.0272453
0.0188826
0.0173002
0.0508428
0.0155607
0.0170433
0.0430884
0.00981595
0.0120089
0.0372544
0.00627565
0.00429345
0.0336838
0.00429334
-0.00429367
0.0324842
0.00364957
-0.012009
0.0336838
0.00429336
-0.0170434
0.0372544
0.00627569
-0.0173003
0.0430884
0.00981601
0.0508428
0.0155608
0.00954582
0.0566559
0.00820769
0.0112093
0.0521234
0.00604892
0.00843819
0.0475371
0.00424514
0.00309392
0.0443721
0.00309381
-0.00309414
0.0432584
0.00270039
-0.00843839
0.0443721
0.00309383
-0.0112094
0.0475371
0.00424518
-0.00954589
0.0521234
0.00604898
0.0566559
0.00820775
0.00501331
0.0584526
0.0040701
0.00662294
0.0560674
0.00332651
0.00527316
0.0531584
0.00254107
0.00198026
0.0509576
0.00198016
-0.00198049
0.0501519
0.00177922
-0.00527336
0.0509576
0.00198018
-0.00662309
0.0531583
0.00254111
-0.00501338
0.0560674
0.00332657
0.0584526
0.00407017
0.00262809
0.0590494
0.00200658
0.00371388
0.0578014
0.00174558
0.00307244
0.0561108
0.00142336
0.00117452
0.0547533
0.00117441
-0.00117474
0.0542422
0.00108209
-0.00307264
0.0547533
0.00117444
-0.00371403
0.0561108
0.00142341
-0.00262817
0.0578014
0.00174564
0.0590494
0.00200664
0.00138009
0.0592355
0.000992547
0.00202322
0.0585796
0.000897445
0.00171491
0.0576392
0.000768352
0.0006635
0.0568559
0.000663405
-0.00066373
0.0565556
0.000623569
-0.00171511
0.0568559
0.00066343
-0.00202338
0.0576392
0.000768399
-0.00138017
0.0585796
0.000897508
0.0592355
0.000992616
0.000724176
0.0592808
0.000492793
0.00108285
0.058936
0.000457118
0.000931551
0.0584264
0.000406001
0.000363208
0.0579923
0.000363121
-0.000363439
0.057824
0.000346605
-0.000931755
0.0579924
0.000363146
-0.001083
0.0584264
0.000406047
-0.000724249
0.058936
0.000457181
0.0592808
0.000492863
0.000379342
0.0592817
0.000245065
0.000573259
0.0591017
0.00023161
0.000497497
0.0588311
0.000211759
0.000194876
0.0585974
0.000194797
-0.000195105
0.0585061
0.000188209
-0.000497699
0.0585974
0.000194822
-0.000573411
0.0588311
0.000211805
-0.000379416
0.0591017
0.000231673
0.0592817
0.000245134
0.000199311
0.0592695
0.000120947
0.000302685
0.0591783
0.000116336
0.000263801
0.0590393
0.000109432
0.000103546
0.0589177
0.000103477
-0.000103773
0.0588698
0.000101159
-0.000264
0.0589177
0.000103501
-0.000302835
0.0590393
0.000109478
-0.000199383
0.0591783
0.000116398
0.0592695
0.000121015
0.000108079
0.0592495
5.64185e-05
0.000163703
0.0592102
5.62194e-05
0.000142211
0.0591477
5.58896e-05
5.56603e-05
0.0590907
5.56016e-05
-5.58829e-05
0.0590676
5.55028e-05
-0.000142407
0.0590907
5.56254e-05
-0.00016385
0.0591477
5.59343e-05
-0.00010815
0.0592103
5.62794e-05
0.0592495
5.64848e-05
6.88048e-05
0.0592112
1.70784e-05
0.000101182
0.059214
2.12916e-05
8.51531e-05
0.0592085
2.7368e-05
3.25942e-05
0.0591956
3.2546e-05
-3.28114e-05
0.0591885
3.46003e-05
-8.53441e-05
0.0591956
3.25691e-05
-0.000101324
0.0592085
2.74112e-05
-6.88735e-05
0.059214
2.13497e-05
0.0592112
1.71428e-05
7.15648e-05
0.0591219
-2.26326e-05
9.56733e-05
0.0591887
-8.86592e-06
7.23006e-05
0.0592558
9.9321e-06
2.5515e-05
0.0592891
2.54777e-05
-2.57254e-05
0.0592959
3.16054e-05
-7.24856e-05
0.0592891
2.54999e-05
-9.58113e-05
0.0592559
9.97367e-06
-7.16318e-05
0.0591887
-8.81014e-06
0.0591219
-2.2571e-05
0.000138328
0.0588984
-0.000103426
0.00016286
0.0591188
-6.04077e-05
0.000105513
0.0593296
-8.21459e-06
3.23244e-05
0.0594353
3.2298e-05
-3.25266e-05
0.0594585
4.81276e-05
-0.000105691
0.0594353
3.23192e-05
-0.000162992
0.0593296
-8.17502e-06
-0.000138392
0.0591188
-6.03546e-05
0.0588984
-0.000103367
0.000358735
0.0583479
-0.000348752
0.000373623
0.0589896
-0.000196474
0.000211257
0.0595142
-4.73358e-05
5.54939e-05
0.0597467
5.54788e-05
-5.56868e-05
0.0597887
9.49178e-05
-0.000211426
0.0597467
5.54988e-05
-0.000373748
0.0595142
-4.72985e-05
-0.000358796
0.0589896
-0.000196424
0.0583479
-0.000348696
0.00100041
0.0571451
-0.00125195
0.000898265
0.0589056
-0.00060788
0.000443765
0.0600266
-0.000156959
9.74715e-05
0.0604392
9.74677e-05
-9.76537e-05
0.0604904
0.000191478
-0.000443925
0.0604392
9.74864e-05
-0.000898383
0.0600266
-0.000156924
-0.00100047
0.0589056
-0.000607834
0.0571452
-0.0012519
0.0027609
0.0557181
-0.00510064
0.00201928
0.059665
-0.00185568
0.00085635
0.0613663
-0.000441808
0.000148711
0.0618544
0.000148719
-0.000148882
0.0618824
0.00035247
-0.000856499
0.0618544
0.000148736
-0.00201939
0.0613663
-0.000441775
-0.00276095
0.059665
-0.00185564
0.0557181
-0.00510059
0.00670781
0.0641959
-0.0237293
0.00372059
0.0641944
-0.00500146
0.00134445
0.064192
-0.000963584
0.000176694
0.0641898
0.000176713
-0.000176851
0.064189
0.000531624
-0.00134459
0.0641899
0.000176729
-0.00372069
0.064192
-0.000963555
-0.00670785
0.0641944
-0.00500142
0.064196
-0.0237293
0.00670624
0.0726741
-0.0237301
0.00371819
0.0687233
-0.00500225
0.00134234
0.0670161
-0.000964386
0.000175866
0.0665228
0.000175897
-0.000176009
0.0664927
0.000530802
-0.00134246
0.0665228
0.000175911
-0.00371828
0.0670161
-0.00096436
-0.00670628
0.0687234
-0.00500221
0.0726742
-0.0237301
0.00275544
0.0712484
-0.00510334
0.00201093
0.0694814
-0.00185842
0.000849017
0.0683504
-0.0004446
0.00014583
0.0679291
0.000145873
-0.000145956
0.0678744
0.000349602
-0.000849126
0.0679291
0.000145885
-0.00201101
0.0683505
-0.000444577
-0.00275548
0.0694814
-0.00185839
0.0712484
-0.0051033
0.000988451
0.0700485
-0.00125781
0.000879961
0.0693946
-0.00061384
0.000427688
0.0688512
-0.00016308
9.11479e-05
0.0686022
9.12036e-05
-9.12566e-05
0.0685537
0.000185155
-0.000427782
0.0686022
9.1214e-05
-0.00088003
0.0688512
-0.000163061
-0.000988484
0.0693946
-0.000613814
0.0700486
-0.00125778
0.000334505
0.0695042
-0.000360449
0.000336544
0.0692598
-0.000208437
0.000178689
0.0690122
-5.97105e-05
4.26719e-05
0.0688742
4.27408e-05
-4.27621e-05
0.0688383
8.20327e-05
-0.000178767
0.0688742
4.27492e-05
-0.000336599
0.0690123
-5.9695e-05
-0.000334532
0.0692598
-0.000208416
0.0695043
-0.000360426
9.00652e-05
0.0692939
-0.00012622
8.90028e-05
0.0691794
-8.38811e-05
4.06631e-05
0.0690392
-3.27324e-05
6.7791e-06
0.068942
6.86193e-06
-6.84984e-06
0.06891
2.2325e-05
-4.07239e-05
0.068942
6.8683e-06
-8.90455e-05
0.0690392
-3.27207e-05
-9.00859e-05
0.0691794
-8.38658e-05
0.0692939
-0.000126204
-2.44112e-05
0.0692329
-6.65539e-05
-5.11825e-05
0.0691347
-5.45113e-05
-5.65437e-05
0.0689942
-3.83604e-05
-2.52315e-05
0.0688794
-2.51343e-05
2.5181e-05
0.0688363
-1.99242e-05
5.65009e-05
0.0688794
-2.513e-05
5.11534e-05
0.0689942
-3.83527e-05
2.43972e-05
0.0691347
-5.45015e-05
0.069233
-6.65426e-05
-0.000122608
0.0692569
-6.67651e-05
-0.000191669
0.069104
-6.69158e-05
-0.000171354
0.0688723
-6.75398e-05
-6.83219e-05
0.0686734
-6.821e-05
6.82923e-05
0.0685963
-6.84541e-05
0.000171329
0.0686734
-6.82079e-05
0.000191654
0.0688724
-6.75361e-05
0.000122601
0.0691041
-6.69114e-05
0.069257
-6.67601e-05
-0.000275487
0.0693762
-0.000101893
-0.000423364
0.069078
-0.000113074
-0.000370288
0.068618
-0.000130321
-0.000145418
0.0682237
-0.000145292
0.000145409
0.0680715
-0.000151119
0.000370282
0.0682237
-0.000145292
0.000423363
0.0686181
-0.000130322
0.000275487
0.069078
-0.000113076
0.0693762
-0.000101894
-0.000573701
0.0696806
-0.00017359
-0.000883302
0.0690673
-0.000205545
-0.000764584
0.0681001
-0.000254964
-0.00029761
0.0672899
-0.000297472
0.000297624
0.0669834
-0.000313908
0.000764598
0.0672899
-0.000297473
0.000883316
0.0681001
-0.000254968
0.000573708
0.0690674
-0.000205551
0.0696807
-0.000173596
-0.00118697
0.0704096
-0.000291425
-0.00185054
0.0691417
-0.000371588
-0.00157478
0.0670278
-0.000497413
-0.000604133
0.0653487
-0.000603984
0.000604169
0.0647386
-0.000644629
0.00157481
0.0653487
-0.000603987
0.00185057
0.0670278
-0.00049742
0.00118698
0.0691417
-0.000371599
0.0704097
-0.000291436
-0.00245493
0.0721335
-0.000454275
-0.00396444
0.0695913
-0.000646172
-0.00325385
0.0647152
-0.00095764
-0.00121424
0.0612696
-0.00121408
0.0012143
0.0601098
-0.00130965
0.00325391
0.0612697
-0.00121408
0.00396448
0.0647152
-0.000957649
0.00245494
0.0695914
-0.000646185
0.0721336
-0.000454291
-0.00499714
0.0761099
-0.000603002
-0.0088406
0.0716207
-0.00103387
-0.00669938
0.0593238
-0.00178636
-0.00237412
0.0526193
-0.00237396
0.00237421
0.0506598
-0.00258502
0.00669946
0.0526193
-0.00237397
0.00884065
0.0593238
-0.00178637
0.00499716
0.0716208
-0.00103389
0.07611
-0.00060302
-0.00948631
0.0846018
-0.000506364
-0.0211376
0.0805406
-0.0013539
-0.0134038
0.0450182
-0.00310277
-0.00433362
0.0344791
-0.00433346
0.00433374
0.0321094
-0.00475112
0.013404
0.0344791
-0.00433347
0.0211376
0.0450182
-0.00310278
0.00948632
0.0805407
-0.00135392
0.0846019
-0.000506384
-0.0135475
0.0985008
0.000419221
-0.05666
0.121209
-0.00074919
-0.0239429
-0.0045712
-0.00670331
-0.00670316
0.00670345
-0.00737196
0.0239431
-0.00670317
0.0566601
-0.00457122
0.0135475
0.121209
-0.00074922
0.0985008
0.000419186
0.00916101
0.0942102
0.00300001
0.136032
0.00345439
-0.00916101
0.136032
0.00345433
0.0942102
0.00299995
0.0509828
0.0541941
0.00625575
0.133553
0.0717365
0.00935923
0.0702097
0.101601
0.0169467
0.0214654
0.0974884
0.0214656
-0.0214654
0.0947606
0.0228987
-0.0702096
0.0974883
0.0214655
-0.133553
0.101601
0.0169466
-0.0509827
0.0717364
0.00935915
0.054194
0.00625567
0.0685252
0.00795271
0.163418
0.0112237
0.0660968
0.238522
0.0156503
0.0187377
0.192206
0.0187378
-0.0187377
0.181689
0.0197317
-0.0660968
0.192206
0.0187378
-0.163417
0.238522
0.0156502
-0.0685251
0.0112236
0.00795261
0.0197812
0.228972
0.00739289
0.00821988
0.215329
0.00821997
-0.00821993
0.210173
0.00856303
-0.0197812
0.215329
0.00821995
0.228972
0.00739285
0.00613815
0.225667
0.00286279
0.00306457
0.221476
0.00306463
-0.00306462
0.219481
0.00316104
-0.00613818
0.221476
0.00306462
0.225667
0.00286277
0.00194718
0.224551
0.00102322
0.00107031
0.223229
0.00107035
-0.00107035
0.222521
0.00109492
-0.00194721
0.223229
0.00107035
0.224551
0.00102322
0.000625816
0.224179
0.000351693
0.000362418
0.223756
0.000362437
-0.00036244
0.223514
0.000368369
-0.000625838
0.223756
0.000362437
0.224179
0.000351691
0.000202672
0.224056
0.000118387
0.000120797
0.22392
0.000120806
-0.000120807
0.223839
0.000122193
-0.000202687
0.22392
0.000120809
0.224056
0.000118392
6.59245e-05
0.224016
3.93941e-05
3.99286e-05
0.223972
3.99334e-05
-3.99285e-05
0.223945
4.02517e-05
-6.59294e-05
0.223972
3.9935e-05
0.224016
3.93959e-05
2.14951e-05
0.224003
1.30198e-05
1.314e-05
0.223988
1.31422e-05
-1.31368e-05
0.22398
1.3215e-05
-2.14975e-05
0.223988
1.31454e-05
0.224003
1.30262e-05
7.01657e-06
0.223999
4.28912e-06
4.31445e-06
0.223994
4.31541e-06
-4.30725e-06
0.223991
4.33248e-06
-7.0139e-06
0.223994
4.31656e-06
0.223999
4.29057e-06
2.28819e-06
0.223997
1.40687e-06
1.41478e-06
0.223996
1.41514e-06
-1.40942e-06
0.223995
1.41942e-06
-2.28748e-06
0.223996
1.41741e-06
0.223997
1.41209e-06
7.40587e-07
0.223997
4.60468e-07
4.61393e-07
0.223996
4.61494e-07
-4.56592e-07
0.223996
4.62879e-07
-7.39805e-07
0.223996
4.61652e-07
0.223997
4.60371e-07
2.30281e-07
0.223997
1.42461e-07
1.43713e-07
0.223997
1.43724e-07
-1.45454e-07
0.223997
1.44063e-07
-2.3118e-07
0.223997
1.44959e-07
0.223997
1.45703e-07
5.34594e-08
3.29155e-08
3.23634e-08
3.23564e-08
-3.23413e-08
3.2755e-08
-4.93672e-08
3.2799e-08
3.34375e-08
0.013842
0.0239235
-0.018883
0.0159439
0.0216369
-0.0118697
0.011702
0.019196
-0.00747734
0.00423399
0.0175205
-0.00502649
-0.00423417
0.0169362
-0.00423427
-0.0117022
0.0175205
-0.00502647
-0.015944
0.0191959
-0.0074773
-0.0138421
0.0216369
-0.0118696
0.0239234
-0.018883
0.0115554
0.0434898
-0.0155612
0.013503
0.0393214
-0.00981639
0.0100265
0.0352239
-0.00627608
0.00364968
0.0324842
-0.00429376
-0.00364987
0.031535
-0.00364996
-0.0100267
0.0324842
-0.00429374
-0.0135031
0.0352239
-0.00627604
-0.0115555
0.0393214
-0.00981633
0.0434898
-0.0155611
0.00738705
0.0525184
-0.00820813
0.00940548
0.049401
-0.00604936
0.00728686
0.045833
-0.00424557
0.0027005
0.0432584
-0.00309423
-0.0027007
0.0423372
-0.00270079
-0.00728704
0.0432584
-0.0030942
-0.00940562
0.045833
-0.00424553
-0.00738711
0.049401
-0.0060493
0.0525183
-0.00820806
0.00426972
0.0563891
-0.00407054
0.0058375
0.0544865
-0.00332695
0.00471225
0.0520407
-0.0025415
0.00177932
0.0501519
-0.00198057
-0.00177953
0.0494548
-0.00177961
-0.00471243
0.0501519
-0.00198055
-0.00583763
0.0520406
-0.00254145
-0.00426978
0.0544865
-0.00332689
0.0563891
-0.00407047
0.0023671
0.0580354
-0.00200701
0.00339166
0.0569533
-0.00174602
0.00282349
0.0554558
-0.00142379
0.00108219
0.0542423
-0.00117482
-0.00108239
0.0537837
-0.00108247
-0.00282367
0.0542422
-0.0011748
-0.0033918
0.0554558
-0.00142375
-0.00236717
0.0569533
-0.00174596
0.0580354
-0.00200694
0.00128499
0.0587358
-0.00099297
0.00189413
0.0581393
-0.00089787
0.00160996
0.0572769
-0.000768768
0.000623664
0.0565556
-0.000663804
-0.00062387
0.0562786
-0.000623946
-0.00161015
0.0565556
-0.00066378
-0.00189427
0.0572769
-0.000768723
-0.00128506
0.0581393
-0.00089781
0.0587358
-0.000992902
0.000688501
0.0590331
-0.000493204
0.00103173
0.0587105
-0.00045753
0.000888672
0.0582322
-0.000406402
0.000346692
0.057824
-0.000363506
-0.000346898
0.0576656
-0.000346967
-0.000888854
0.057824
-0.000363482
-0.00103187
0.0582322
-0.000406358
-0.000688567
0.0587105
-0.000457469
0.0590331
-0.000493136
0.000365888
0.0591576
-0.000245458
0.000553407
0.0589864
-0.000232005
0.000480535
0.0587288
-0.000212143
0.000188287
0.0585061
-0.000195164
-0.000188492
0.058419
-0.000188553
-0.000480716
0.0585061
-0.000195141
-0.000553543
0.0587288
-0.000212099
-0.000365955
0.0589864
-0.000231945
0.0591576
-0.000245391
0.000194701
0.059205
-0.00012132
0.000295781
0.0591182
-0.00011671
0.000257846
0.0589858
-0.000109796
0.000101228
0.0588698
-0.000103824
-0.00010143
0.0588242
-0.000101483
-0.000258024
0.0588699
-0.0001038
-0.000295915
0.0589858
-0.000109752
-0.000194766
0.0591182
-0.000116651
0.059205
-0.000121254
0.00010788
0.0592102
-5.6769e-05
0.000163373
0.0591753
-5.65701e-05
0.000141923
0.0591192
-5.62301e-05
5.55615e-05
0.0590676
-5.59251e-05
-5.57603e-05
0.0590467
-5.58043e-05
-0.000142098
0.0590676
-5.59023e-05
-0.000163505
0.0591192
-5.61873e-05
-0.000107945
0.0591753
-5.65125e-05
0.0592102
-5.67046e-05
7.30181e-05
0.0591715
-1.74041e-05
0.000107258
0.0591838
-2.1617e-05
9.03312e-05
0.059191
-2.76831e-05
3.46485e-05
0.0591885
-3.28446e-05
-3.48425e-05
0.0591855
-3.48774e-05
-9.0502e-05
0.0591886
-3.28225e-05
-0.000107386
0.059191
-2.76417e-05
-7.30803e-05
0.0591838
-2.15612e-05
0.0591715
-1.73415e-05
8.53315e-05
0.0590411
2.23341e-05
0.000114471
0.0591371
8.56792e-06
8.78462e-05
0.0592377
-1.022e-05
3.16428e-05
0.0592959
-2.57494e-05
-3.1831e-05
0.0593124
-3.18564e-05
-8.80118e-05
0.0592959
-2.5728e-05
-0.000114595
0.0592377
-1.018e-05
-8.53927e-05
0.0591371
8.62164e-06
0.0590411
2.23941e-05
0.000181346
0.0586531
0.000103156
0.000215053
0.0589827
6.0139e-05
0.000146026
0.0592904
7.95573e-06
4.81539e-05
0.0594585
-3.25412e-05
-4.83351e-05
0.0595053
-4.8351e-05
-0.000146185
0.0594585
-3.25209e-05
-0.000215172
0.0592904
7.99385e-06
-0.000181404
0.0589827
6.01901e-05
0.0586531
0.000103213
0.000511013
0.0574447
0.000348513
0.000522761
0.0585782
0.000196236
0.000314072
0.0594046
4.71077e-05
9.49329e-05
0.0597887
-5.56919e-05
-9.51058e-05
0.0598853
-9.5112e-05
-0.000314223
0.0597887
-5.56727e-05
-0.000522874
0.0594046
4.71438e-05
-0.000511069
0.0585782
0.000196284
0.0574447
0.000348567
0.00164448
0.0532964
0.00125174
0.00134919
0.0576578
0.000607675
0.000698192
0.0597418
0.000156763
0.000191482
0.0604905
-9.76494e-05
-0.000191646
0.0606514
-0.000191642
-0.000698335
0.0604905
-9.76313e-05
-0.00134929
0.0597418
0.000156797
-0.00164453
0.0576578
0.00060772
0.0532965
0.00125179
0.00600585
0.0370894
0.00510047
0.00343316
0.0565192
0.00185551
0.00144688
0.0608445
0.000441646
0.000352463
0.0618824
-0.000148868
-0.000352616
0.0620616
-0.000352602
-0.00144701
0.0618824
-0.000148851
-0.00343326
0.0608446
0.000441677
-0.0060059
0.0565193
0.00185556
0.0370894
0.00510052
0.0254357
0.0641951
0.0237292
0.00775847
0.0641936
0.00500133
0.00248475
0.0641912
0.000963457
0.000531604
0.064189
-0.000176827
-0.000531746
0.0641882
-0.000531723
-0.00248487
0.064189
-0.000176812
-0.00775856
0.0641912
0.000963486
-0.0254357
0.0641936
0.00500136
0.0641952
0.0237292
0.0254341
0.0913009
0.02373
0.00775605
0.0718672
0.00500215
0.00248262
0.0675359
0.000964297
0.000530771
0.0664927
-0.000175975
-0.000530899
0.0663115
-0.000530866
-0.00248274
0.0664928
-0.000175961
-0.00775613
0.0675359
0.000964322
-0.0254341
0.0718672
0.00500218
0.091301
0.02373
0.00600036
0.0750939
0.00510327
0.00342475
0.070726
0.00185836
0.00143949
0.0686319
0.00044455
0.000349559
0.0678744
-0.000145913
-0.000349672
0.06771
-0.000349629
-0.00143959
0.0678744
-0.000145901
-0.00342482
0.068632
0.000444572
-0.00600039
0.070726
0.00185839
0.0750939
0.00510331
0.00163242
0.0709459
0.00125779
0.00133072
0.0698
0.000613825
0.000681971
0.0689545
0.000163072
0.000185099
0.0685537
-9.12027e-05
-0.000185198
0.0684506
-0.000185144
-0.000682057
0.0685537
-9.11925e-05
-0.00133078
0.0689546
0.000163091
-0.00163245
0.0698
0.00061385
0.0709459
0.00125781
0.000486517
0.0697384
0.000360474
0.00048527
0.0693843
0.000208466
0.000281141
0.0690392
5.9746e-05
8.19637e-05
0.0688383
-4.26972e-05
-8.20456e-05
0.0687786
-8.19804e-05
-0.000281211
0.0688383
-4.26889e-05
-0.000485321
0.0690392
5.97613e-05
-0.000486541
0.0693844
0.000208486
0.0697385
0.000360497
0.000132405
0.0693535
0.000126293
0.000140151
0.0692088
8.39571e-05
8.02575e-05
0.0690336
3.28141e-05
2.22422e-05
0.06891
-6.77331e-06
-2.23066e-05
0.0688677
-2.22295e-05
-8.03129e-05
0.06891
-6.76697e-06
-0.000140191
0.0690336
3.28258e-05
-0.000132424
0.0692088
8.39724e-05
0.0693536
0.000126309
-1.23686e-05
0.0692327
6.66735e-05
-3.50316e-05
0.0691223
5.46359e-05
-4.33176e-05
0.068965
3.84901e-05
-2.00214e-05
0.0688363
2.52697e-05
1.99752e-05
0.0687878
2.00647e-05
4.32782e-05
0.0688363
2.5274e-05
3.50046e-05
0.0689651
3.8498e-05
1.23561e-05
0.0691223
5.4646e-05
0.0692327
6.66847e-05
-0.000122759
0.0692218
6.6934e-05
-0.000192293
0.0690579
6.709e-05
-0.000172024
0.0688096
6.77187e-05
-6.8566e-05
0.0685963
6.83934e-05
6.85386e-05
0.0685136
6.86408e-05
0.000172001
0.0685963
6.83958e-05
0.000192279
0.0688096
6.7723e-05
0.000122752
0.0690579
6.70952e-05
0.0692218
6.69393e-05
-0.000286668
0.0693045
0.000102111
-0.000440611
0.0689855
0.000113298
-0.000385258
0.0684934
0.000130549
-0.000151245
0.0680715
0.000145522
0.000151237
0.0679087
0.000151352
0.000385252
0.0680716
0.000145523
0.000440609
0.0684934
0.00013055
0.000286668
0.0689855
0.000113298
0.0693045
0.000102111
-0.000605656
0.0695628
0.000173854
-0.000932722
0.0689013
0.000205816
-0.000807092
0.0678576
0.000255238
-0.000314047
0.0669834
0.000297748
0.000314059
0.0666526
0.000314184
0.000807103
0.0669834
0.000297747
0.000932733
0.0678577
0.000255236
0.000605663
0.0689013
0.000205812
0.0695628
0.000173849
-0.00126713
0.0702468
0.000291732
-0.00197637
0.0688671
0.000371902
-0.00168135
0.0665676
0.00049773
-0.000644778
0.0647386
0.000604302
0.000644811
0.0640736
0.000644946
0.00168138
0.0647386
0.0006043
0.00197639
0.0665676
0.000497725
0.00126715
0.0688672
0.000371894
0.0702469
0.000291723
-0.00264682
0.0719848
0.00045462
-0.00427591
0.0692036
0.000646523
-0.00351029
0.0638864
0.000957994
-0.00130981
0.0601098
0.00121444
0.00130987
0.0588344
0.00131001
0.00351034
0.0601098
0.00121443
0.00427595
0.0638865
0.000957987
0.00264684
0.0692037
0.000646513
0.0719849
0.000454607
-0.00542801
0.0762065
0.000603376
-0.00959309
0.0713007
0.00103425
-0.00728698
0.0580074
0.00178675
-0.00258517
0.0506598
0.00237435
0.00258526
0.0484937
0.0025854
0.00728705
0.0506598
0.00237434
0.00959314
0.0580074
0.00178674
0.00542803
0.0713008
0.00103424
0.0762066
0.000603359
-0.0103338
0.0855274
0.00050676
-0.0228864
0.0811453
0.0013543
-0.0146345
0.0435498
0.00310318
-0.00475128
0.0321094
0.00433388
0.00475139
0.0294886
0.00475153
0.0146346
0.0321094
0.00433387
0.0228865
0.0435498
0.00310316
0.0103339
0.0811454
0.00135428
0.0855274
0.000506737
-0.0147159
0.101082
-0.000418806
-0.060482
0.125413
0.000749614
-0.0260749
0.00457163
-0.00737211
0.00670359
0.00737224
0.00737238
0.026075
0.00670358
0.0604821
0.00457161
0.0147159
0.125413
0.00074958
0.101082
-0.000418845
0.00961539
0.097466
-0.00299959
0.141937
-0.00345396
-0.00961539
0.141937
-0.00345401
0.0974659
-0.00299964
0.0540863
0.055891
-0.00625533
0.14114
0.073601
-0.00935881
0.0747285
0.100305
-0.0169463
0.0228985
0.0947606
-0.0214652
-0.0228985
0.0915937
-0.0228983
-0.0747285
0.0947606
-0.0214652
-0.14114
0.100305
-0.0169463
-0.0540862
0.0736009
-0.00935888
0.055891
-0.0062554
0.0717962
-0.0079523
0.167844
-0.0112233
0.0691844
0.230265
-0.01565
0.0197316
0.181688
-0.0187376
-0.0197316
0.17052
-0.0197315
-0.0691844
0.181688
-0.0187376
-0.167844
0.230265
-0.01565
-0.0717961
-0.0112234
-0.00795237
0.0206083
0.224442
-0.00739273
0.00856293
0.210173
-0.00821984
-0.008563
0.204771
-0.00856291
-0.0206083
0.210173
-0.00821985
0.224442
-0.00739275
0.00633999
0.223827
-0.00286272
0.00316098
0.219481
-0.00306457
-0.00316104
0.217415
-0.00316099
-0.00634002
0.219481
-0.00306457
0.223827
-0.00286273
0.0019943
0.223879
-0.0010232
0.00109489
0.222521
-0.00107032
-0.00109493
0.221795
-0.0010949
-0.00199433
0.222521
-0.00107032
0.223879
-0.0010232
0.000636561
0.223946
-0.000351677
0.00036835
0.223514
-0.000362422
-0.000368372
0.223268
-0.000368354
-0.000636584
0.223514
-0.000362424
0.223946
-0.000351682
0.000205092
0.223977
-0.000118381
0.000122183
0.223839
-0.000120797
-0.000122191
0.223757
-0.000122181
-0.000205104
0.223839
-0.000120796
0.223977
-0.00011838
6.64638e-05
0.22399
-3.93855e-05
4.02469e-05
0.223945
-3.99237e-05
-4.02453e-05
0.223918
-4.02404e-05
-6.64685e-05
0.223945
-3.99231e-05
0.22399
-3.93855e-05
2.16175e-05
0.223994
-1.30163e-05
1.32128e-05
0.22398
-1.31345e-05
-1.32065e-05
0.223971
-1.32042e-05
-2.16166e-05
0.22398
-1.31321e-05
0.223994
-1.30115e-05
7.04286e-06
0.223996
-4.28066e-06
4.33152e-06
0.223991
-4.30622e-06
-4.32317e-06
0.223988
-4.32215e-06
-7.03989e-06
0.223991
-4.30541e-06
0.223996
-4.27966e-06
2.29646e-06
0.223996
-1.40429e-06
1.41906e-06
0.223995
-1.40901e-06
-1.41143e-06
0.223994
-1.41103e-06
-2.29281e-06
0.223995
-1.40695e-06
0.223996
-1.39973e-06
7.41613e-07
0.223997
-4.5574e-07
4.62778e-07
0.223996
-4.56456e-07
-4.5782e-07
0.223996
-4.57689e-07
-7.41086e-07
0.223996
-4.56443e-07
0.223997
-4.55852e-07
2.31544e-07
0.223997
-1.45859e-07
1.44053e-07
0.223997
-1.45423e-07
-1.44558e-07
0.223996
-1.44528e-07
-2.30436e-07
0.223997
-1.44351e-07
0.223997
-1.43224e-07
5.29003e-08
-3.23172e-08
3.2762e-08
-3.23395e-08
-3.22973e-08
-3.22963e-08
-4.87287e-08
-3.21439e-08
-3.19513e-08
0.0208553
0.0272453
-0.0669838
0.0203363
0.0236902
-0.035041
0.0141529
0.0203972
-0.0216913
0.00502621
0.0182532
-0.0141531
-0.00502637
0.0175205
-0.0117023
-0.014153
0.0182532
-0.0141531
-0.0203364
0.0203972
-0.0216913
-0.0208554
0.0236902
-0.035041
0.0272453
-0.0669837
0.0173002
0.0508428
-0.056459
0.0170433
0.0430884
-0.0289579
0.0120089
0.0372544
-0.018099
0.00429347
0.0336838
-0.0120091
-0.00429364
0.0324842
-0.0100268
-0.012009
0.0336838
-0.0120091
-0.0170434
0.0372544
-0.018099
-0.0173002
0.0430884
-0.0289579
0.0508428
-0.056459
0.00954581
0.0566559
-0.0235672
0.0112093
0.0521234
-0.016748
0.00843821
0.0475371
-0.0117574
0.00309394
0.0443721
-0.00843845
-0.00309411
0.0432584
-0.0072871
-0.00843836
0.0443721
-0.00843843
-0.0112094
0.0475371
-0.0117573
-0.00954587
0.0521234
-0.016748
0.0566559
-0.0235672
0.0050133
0.0584526
-0.0108807
0.00662295
0.0560674
-0.00888078
0.00527317
0.0531584
-0.00681314
0.00198029
0.0509576
-0.00527341
-0.00198046
0.0501519
-0.00471249
-0.00527333
0.0509576
-0.00527339
-0.00662307
0.0531584
-0.0068131
-0.00501336
0.0560674
-0.00888073
0.0584526
-0.0108806
0.00262809
0.0590495
-0.00523207
0.00371389
0.0578015
-0.00456603
0.00307246
0.0561108
-0.00373497
0.00117454
0.0547533
-0.0030727
-0.00117472
0.0542423
-0.00282373
-0.00307262
0.0547533
-0.00307268
-0.00371401
0.0561108
-0.00373494
-0.00262815
0.0578014
-0.00456598
0.0590494
-0.00523201
0.00138009
0.0592355
-0.00255929
0.00202323
0.0585796
-0.00231935
0.00171493
0.0576392
-0.00198907
0.000663522
0.0568559
-0.00171516
-0.000663704
0.0565556
-0.0016102
-0.00171509
0.0568559
-0.00171514
-0.00202335
0.0576392
-0.00198903
-0.00138015
0.0585796
-0.0023193
0.0592355
-0.00255923
0.000724175
0.0592808
-0.00126283
0.00108286
0.058936
-0.00117279
0.000931568
0.0584264
-0.00104244
0.000363231
0.0579924
-0.000931798
-0.000363413
0.057824
-0.0008889
-0.000931729
0.0579924
-0.000931778
-0.00108298
0.0584264
-0.00104241
-0.000724234
0.058936
-0.00117274
0.0592808
-0.00126277
0.000379341
0.0592817
-0.000625805
0.000573269
0.0591017
-0.000591772
0.000497514
0.0588311
-0.000541227
0.000194898
0.0585974
-0.000497736
-0.000195079
0.0585061
-0.000480756
-0.000497674
0.0585974
-0.000497716
-0.00057339
0.0588311
-0.00054119
-0.000379401
0.0591017
-0.000591722
0.0592817
-0.00062575
0.000199311
0.0592696
-0.000308587
0.000302695
0.0591783
-0.000296881
0.000263818
0.0590393
-0.000279279
0.000103568
0.0589177
-0.000264031
-0.000103747
0.0588699
-0.000258058
-0.000263976
0.0589177
-0.000264012
-0.000302814
0.0590393
-0.000279243
-0.000199369
0.0591783
-0.000296832
0.0592696
-0.000308532
0.000108079
0.0592495
-0.00014495
0.000163713
0.0592103
-0.000144291
0.000142228
0.0591477
-0.000143276
5.56823e-05
0.0590907
-0.000142432
-5.58583e-05
0.0590676
-0.000142126
-0.000142383
0.0590907
-0.000142412
-0.00016383
0.0591478
-0.00014324
-0.000108137
0.0592103
-0.000144243
0.0592496
-0.000144896
6.88052e-05
0.0592112
-4.80282e-05
0.000101192
0.059214
-5.78829e-05
8.51698e-05
0.0592085
-7.25364e-05
3.26157e-05
0.0591956
-8.53619e-05
-3.27876e-05
0.0591886
-9.05228e-05
-8.53212e-05
0.0591956
-8.53433e-05
-0.000101306
0.0592085
-7.25016e-05
-6.88607e-05
0.059214
-5.78363e-05
0.0592113
-4.79758e-05
7.15653e-05
0.0591219
4.00002e-05
9.56834e-05
0.0591887
9.65715e-06
7.23169e-05
0.0592559
-3.43262e-05
2.55357e-05
0.0592891
-7.24966e-05
-2.57026e-05
0.0592959
-8.80254e-05
-7.24638e-05
0.0592891
-7.24786e-05
-9.57934e-05
0.0592559
-3.42925e-05
-7.16203e-05
0.0591887
9.7023e-06
0.0591219
4.00502e-05
0.000138329
0.0588984
0.000188236
0.00016287
0.0591188
0.000105343
0.000105529
0.0593296
-8.52083e-06
3.23442e-05
0.0594353
-0.000105695
-3.2505e-05
0.0594585
-0.000146192
-0.00010567
0.0594353
-0.000105678
-0.000162975
0.0593296
-8.48861e-06
-0.000138381
0.0591188
0.000105386
0.0588984
0.000188285
0.000358736
0.0583479
0.000540195
0.000373632
0.0589896
0.000310472
0.000211272
0.0595143
2.47326e-05
5.55128e-05
0.0597468
-0.000211424
-5.56664e-05
0.0597887
-0.000314223
-0.000211407
0.0597468
-0.000211407
-0.000373733
0.0595143
2.47633e-05
-0.000358787
0.0589896
0.000310513
0.058348
0.00054024
0.00100042
0.0571452
0.00145401
0.000898275
0.0589056
0.000793689
0.000443779
0.0600267
9.87719e-05
9.74893e-05
0.0604392
-0.000443915
-9.76348e-05
0.0604905
-0.000698327
-0.000443907
0.0604392
-0.0004439
-0.000898369
0.0600267
9.88007e-05
-0.00100046
0.0589057
0.000793728
0.0571452
0.00145406
0.0027609
0.0557181
0.00376655
0.00201929
0.059665
0.00183766
0.000856363
0.0613664
0.000264825
0.000148728
0.0618545
-0.000856483
-0.000148864
0.0618824
-0.001447
-0.000856483
0.0618545
-0.000856468
-0.00201938
0.0613664
0.000264852
-0.00276094
0.0596651
0.0018377
0.0557182
0.00376659
0.00670781
0.064196
0.00854349
0.0037206
0.0641944
0.00345912
0.00134446
0.064192
0.000513895
0.000176709
0.0641899
-0.00134456
-0.000176835
0.0641891
-0.00248485
-0.00134457
0.0641899
-0.00134455
-0.00372068
0.064192
0.00051392
-0.00670785
0.0641944
0.00345915
0.064196
0.00854353
0.00670624
0.0726742
0.00854552
0.0037182
0.0687234
0.00346117
0.00134235
0.0670161
0.00051599
0.00017588
0.0665228
-0.00134243
-0.000175994
0.0664928
-0.00248271
-0.00134245
0.0665228
-0.00134242
-0.00371827
0.0670162
0.000516012
-0.00670628
0.0687234
0.0034612
0.0726742
0.00854555
0.00275544
0.0712484
0.00377356
0.00201094
0.0694814
0.00184477
0.000849027
0.0683505
0.000272087
0.000145842
0.0679291
-0.000849089
-0.000145944
0.0678744
-0.00143955
-0.000849116
0.0679291
-0.000849078
-0.002011
0.0683505
0.000272106
-0.00275547
0.0694815
0.0018448
0.0712485
0.00377359
0.000988454
0.0700486
0.00146917
0.000879968
0.0693946
0.000809108
0.000427697
0.0688512
0.000114595
9.11584e-05
0.0686022
-0.000427737
-9.12465e-05
0.0685537
-0.000682012
-0.000427774
0.0686022
-0.000427728
-0.000880024
0.0688512
0.000114612
-0.000988482
0.0693947
0.00080913
0.0700486
0.00146919
0.000334509
0.0695042
0.000570275
0.00033655
0.0692598
0.000341232
0.000178697
0.0690123
5.65315e-05
4.26806e-05
0.0688742
-0.000178715
-4.27541e-05
0.0688383
-0.000281158
-0.000178761
0.0688743
-0.000178707
-0.000336596
0.0690123
5.65452e-05
-0.000334531
0.0692598
0.00034125
0.0695043
0.000570295
9.00691e-05
0.0692939
0.000246576
8.90085e-05
0.0691794
0.000165413
4.067e-05
0.0690393
5.41943e-05
6.78603e-06
0.068942
-4.06629e-05
-6.84408e-06
0.06891
-8.02507e-05
-4.07201e-05
0.0689421
-4.06571e-05
-8.9044e-05
0.0690393
5.4205e-05
-9.00869e-05
0.0691795
0.000165427
0.069294
0.000246591
-2.44062e-05
0.0692329
0.000152055
-5.11774e-05
0.0691347
0.00012611
-5.6538e-05
0.0689943
8.88566e-05
-2.52264e-05
0.0688794
5.65705e-05
2.51845e-05
0.0688364
4.33496e-05
5.65022e-05
0.0688795
5.65747e-05
5.11526e-05
0.0689943
8.88642e-05
2.43948e-05
0.0691348
0.00012612
0.069233
0.000152066
-0.000122603
0.069257
0.000165553
-0.000191665
0.0691041
0.00016686
-0.000171349
0.0688724
0.00016932
-6.83186e-05
0.0686735
0.000171408
6.82936e-05
0.0685964
0.000172082
0.000171328
0.0686735
0.000171411
0.000191651
0.0688724
0.000169324
0.000122596
0.0691041
0.000166866
0.069257
0.000165559
-0.000275481
0.0693762
0.000258351
-0.00042336
0.069078
0.000287282
-0.000370285
0.0686181
0.000331824
-0.000145416
0.0682238
0.00037037
0.000145408
0.0680716
0.000385343
0.000370279
0.0682238
0.000370371
0.000423358
0.0686181
0.000331826
0.000275481
0.0690781
0.000287284
0.0693763
0.000258354
-0.000573694
0.0696806
0.000443186
-0.000883299
0.0690674
0.000526129
-0.000764582
0.0681001
0.000654534
-0.00029761
0.0672899
0.000764694
0.000297621
0.0669834
0.000807203
0.000764592
0.06729
0.000764694
0.000883309
0.0681002
0.000654534
0.0005737
0.0690674
0.000526129
0.0696807
0.000443185
-0.00118696
0.0704097
0.000749689
-0.00185054
0.0691417
0.000961177
-0.00157478
0.0670278
0.00129433
-0.000604134
0.0653487
0.00157491
0.000604165
0.0647386
0.00168149
0.0015748
0.0653488
0.00157491
0.00185056
0.0670279
0.00129433
0.00118697
0.0691418
0.000961173
0.0704097
0.000749686
-0.00245492
0.0721336
0.00118572
-0.00396444
0.0695914
0.00170652
-0.00325385
0.0647152
0.00256014
-0.00121424
0.0612697
0.00325402
0.00121429
0.0601098
0.00351046
0.0032539
0.0612697
0.00325401
0.00396447
0.0647152
0.00256014
0.00245493
0.0695914
0.00170651
0.0721336
0.00118571
-0.00499714
0.0761099
0.00162423
-0.0088406
0.0716208
0.00284841
-0.00669938
0.0593238
0.00503704
-0.00237412
0.0526193
0.00669957
0.0023742
0.0506598
0.00728717
0.00669944
0.0526194
0.00669956
0.00884064
0.0593239
0.00503703
0.00499715
0.0716208
0.0028484
0.07611
0.00162421
-0.0094863
0.0846019
0.00150127
-0.0211376
0.0805406
0.00408589
-0.0134038
0.0450182
0.00967525
-0.00433362
0.0344791
0.0134041
0.00433373
0.0321094
0.0146348
0.0134039
0.0344791
0.0134041
0.0211376
0.0450182
0.00967523
0.00948631
0.0805407
0.00408587
0.0846019
0.00150125
-0.0135475
0.0985008
-0.000770061
-0.05666
0.121209
0.00319368
-0.0239429
0.0168729
-0.00670332
0.0239432
0.00670344
0.0260751
0.0239431
0.0239432
0.0566601
0.0168729
0.0135475
0.121209
0.00319364
0.0985007
-0.000770099
0.00916101
0.0942102
-0.00786986
0.136032
-0.00911543
-0.00916102
0.136032
-0.00911548
0.0942102
-0.00786991
0.0509828
0.0541941
-0.0172217
0.133553
0.0717365
-0.0276332
0.0702096
0.101601
-0.0552042
0.0214654
0.0974883
-0.0702094
-0.0214654
0.0947605
-0.0747284
-0.0702096
0.0974882
-0.0702095
-0.133553
0.101601
-0.0552042
-0.0509827
0.0717364
-0.0276333
0.054194
-0.0172218
0.0685252
-0.0222833
0.163418
-0.0343791
0.0660968
0.238522
-0.0552501
0.0187377
0.192206
-0.0660967
-0.0187377
0.181688
-0.0691843
-0.0660968
0.192206
-0.0660967
-0.163417
0.238522
-0.0552501
-0.0685251
-0.0343792
-0.0222833
0.0197812
0.228972
-0.017624
0.00821986
0.215329
-0.0197812
-0.00821994
0.210173
-0.0206083
-0.0197812
0.215329
-0.0197812
0.228972
-0.017624
0.00613814
0.225667
-0.00569587
0.00306456
0.221476
-0.00613814
-0.00306463
0.219481
-0.00633999
-0.00613818
0.221476
-0.00613815
0.225667
-0.00569588
0.00194718
0.22455
-0.00185448
0.00107031
0.223229
-0.00194719
-0.00107036
0.222521
-0.00199432
-0.00194721
0.223229
-0.00194719
0.224551
-0.00185448
0.000625816
0.224179
-0.000606084
0.000362418
0.223756
-0.000625828
-0.000362442
0.223514
-0.000636574
-0.000625843
0.223756
-0.000625832
0.224179
-0.000606092
0.000202676
0.224056
-0.000198433
0.000120799
0.22392
-0.000202681
-0.000120806
0.223839
-0.000205098
-0.000202687
0.22392
-0.000202682
0.224056
-0.000198435
6.59256e-05
0.224016
-6.50055e-05
3.99302e-05
0.223972
-6.59263e-05
-3.99279e-05
0.223945
-6.64654e-05
-6.59309e-05
0.223972
-6.59279e-05
0.224016
-6.50072e-05
2.14993e-05
0.224003
-2.12983e-05
1.31431e-05
0.223988
-2.14959e-05
-1.31344e-05
0.22398
-2.16151e-05
-2.1496e-05
0.223988
-2.14945e-05
0.224003
-2.12945e-05
7.01731e-06
0.223999
-6.97057e-06
4.31559e-06
0.223994
-7.01311e-06
-4.30643e-06
0.223991
-7.03914e-06
-7.01413e-06
0.223994
-7.01343e-06
0.223999
-6.96852e-06
2.29173e-06
0.223997
-2.28044e-06
1.41705e-06
0.223996
-2.28711e-06
-1.40736e-06
0.223995
-2.29247e-06
-2.28559e-06
0.223996
-2.28528e-06
0.223997
-2.27533e-06
7.40897e-07
0.223997
-7.38222e-07
4.61545e-07
0.223996
-7.39641e-07
-4.56575e-07
0.223996
-7.40942e-07
-7.40494e-07
0.223996
-7.40373e-07
0.223997
-7.36778e-07
2.3198e-07
0.223997
-2.33931e-07
1.44947e-07
0.223997
-2.31111e-07
-1.44381e-07
0.223997
-2.30379e-07
-2.29308e-07
0.223997
-2.29265e-07
0.223997
-2.28686e-07
5.28779e-08
-5.05298e-08
3.28052e-08
-4.93467e-08
-3.21449e-08
-4.87129e-08
-4.85362e-08
-4.85258e-08
-4.5874e-08
0.0527981
0.0377701
-0.0575521
0.0336859
0.0297733
-0.0457023
0.0216911
0.0239895
-0.0336861
0.00747706
0.0203972
-0.0203364
-0.00747721
0.0191959
-0.0159441
-0.0216912
0.0203972
-0.0203364
-0.033686
0.0239895
-0.0336861
-0.0527981
0.0297732
-0.0457022
0.0377701
-0.057552
0.0448013
0.0837346
-0.0472249
0.0279022
0.0552984
-0.0375842
0.0180988
0.0435961
-0.0279024
0.00627579
0.0372544
-0.0170435
-0.00627595
0.0352239
-0.0135032
-0.0180989
0.0372544
-0.0170434
-0.0279023
0.0435961
-0.0279023
-0.0448013
0.0552984
-0.0375841
0.0837346
-0.0472249
0.016365
0.0693425
-0.0255403
0.0161999
0.0599907
-0.0212754
0.0117571
0.0524814
-0.0162001
0.00424529
0.0475371
-0.0112094
-0.00424544
0.045833
-0.00940565
-0.0117573
0.0475371
-0.0112094
-0.0162
0.0524814
-0.0162001
-0.0163651
0.0599907
-0.0212754
0.0693425
-0.0255402
0.00701321
0.0641013
-0.0126528
0.00869059
0.0603822
-0.0109498
0.0068129
0.0562365
-0.00869077
0.00254121
0.0531584
-0.00662312
-0.00254137
0.0520407
-0.00583767
-0.00681304
0.0531584
-0.00662311
-0.0086907
0.0562365
-0.00869074
-0.00701326
0.0603822
-0.0109498
0.0641013
-0.0126528
0.00329413
0.0617222
-0.0061473
0.00454494
0.0600481
-0.00548298
0.00373474
0.0578567
-0.00454511
0.00142351
0.0561108
-0.00371406
-0.00142367
0.0554558
-0.00339183
-0.00373488
0.0561108
-0.00371404
-0.00454505
0.0578567
-0.00454509
-0.00329418
0.0600481
-0.00548295
0.0617222
-0.00614727
0.00162003
0.060532
-0.00298922
0.00235352
0.0597262
-0.00273105
0.00198883
0.0585859
-0.00235369
0.000768487
0.0576393
-0.0020234
-0.000768649
0.0572769
-0.0018943
-0.00198898
0.0576393
-0.00202339
-0.00235363
0.0585859
-0.00235366
-0.00162009
0.0597262
-0.00273102
0.060532
-0.00298918
0.000814216
0.0599179
-0.00146305
0.0012132
0.059517
-0.00136279
0.00104222
0.0589276
-0.00121337
0.000406128
0.0584264
-0.00108303
-0.00040629
0.0582322
-0.0010319
-0.00104236
0.0584264
-0.00108301
-0.00121331
0.0589276
-0.00121334
-0.000814269
0.059517
-0.00136275
0.0599179
-0.00146301
0.000413375
0.0595989
-0.000720367
0.000623814
0.0593966
-0.00068191
0.000541005
0.0590931
-0.000623975
0.000211878
0.0588311
-0.00057343
-0.000212039
0.0587288
-0.000553566
-0.000541147
0.0588311
-0.000573415
-0.000623922
0.0590931
-0.000623948
-0.000413429
0.0593966
-0.000681875
0.059599
-0.00072033
0.000211017
0.0594332
-0.000353966
0.000320297
0.0593309
-0.000340636
0.000279066
0.0591753
-0.000320452
0.000109541
0.0590393
-0.00030285
-0.000109701
0.0589858
-0.000295934
-0.000279207
0.0590393
-0.000302835
-0.000320404
0.0591753
-0.000320426
-0.000211069
0.0593309
-0.000340601
0.0594332
-0.000353929
0.000108737
0.0593465
-0.000167063
0.000164728
0.0592967
-0.000166174
0.000143072
0.0592185
-0.000164877
5.5988e-05
0.0591478
-0.000163861
-5.61448e-05
0.0591192
-0.000163519
-0.000143211
0.0591478
-0.000163846
-0.000164833
0.0592185
-0.00016485
-0.00010879
0.0592967
-0.00016614
0.0593465
-0.000167027
5.89505e-05
0.0592993
-5.98914e-05
8.65386e-05
0.0592815
-7.04708e-05
7.23443e-05
0.0592467
-8.66784e-05
2.74548e-05
0.0592085
-0.000101331
-2.76082e-05
0.0591911
-0.000107396
-7.24795e-05
0.0592085
-0.000101318
-8.66403e-05
0.0592467
-8.6653e-05
-5.90002e-05
0.0592816
-7.04371e-05
0.0592993
-5.98554e-05
4.12223e-05
0.0592702
2.78105e-05
5.17001e-05
0.0592844
-3.74728e-06
3.41465e-05
0.0592817
-5.18312e-05
1.00069e-05
0.0592559
-9.5814e-05
-1.01558e-05
0.0592377
-0.000114601
-3.42776e-05
0.0592559
-9.58007e-05
-5.17986e-05
0.0592817
-5.18065e-05
-4.12724e-05
0.0592844
-3.71537e-06
0.0592702
2.78444e-05
5.54364e-05
0.0592504
0.000152498
4.90056e-05
0.059324
7.20862e-05
8.35474e-06
0.0593628
-4.91269e-05
-8.15226e-06
0.0593296
-0.000162991
8.00868e-06
0.0592905
-0.000215173
-8.48108e-06
0.0593296
-0.000162978
-4.91002e-05
0.0593628
-4.91032e-05
-5.54827e-05
0.059324
7.21178e-05
0.0592504
0.000152532
0.000129013
0.0592617
0.000399747
8.78929e-05
0.0594728
0.000202646
-2.48841e-05
0.0595883
-8.80039e-05
-4.72864e-05
0.0595143
-0.000373743
4.71491e-05
0.0594046
-0.00052287
2.47634e-05
0.0595143
-0.000373731
-8.79831e-05
0.0595883
-8.79812e-05
-0.000129059
0.0594728
0.000202675
0.0592618
0.000399778
0.000340091
0.0594577
0.000917904
0.000203357
0.0599496
0.000453547
-9.89077e-05
0.0601927
-0.000203457
-0.000156923
0.0600267
-0.000898374
0.000156793
0.0597418
-0.00134928
9.87935e-05
0.0600267
-0.000898362
-0.000203442
0.0601927
-0.000203435
-0.000340132
0.0599496
0.000453575
0.0594577
0.000917935
0.000832008
0.0604951
0.00189713
0.00044645
0.0612865
0.000886292
-0.000264944
0.0616154
-0.000446538
-0.000441785
0.0613664
-0.00201938
0.000441663
0.0608446
-0.00343324
0.000264837
0.0613664
-0.00201936
-0.000446529
0.0616154
-0.000446517
-0.000832048
0.0612865
0.000886317
0.0604951
0.00189716
0.00162344
0.064198
0.00321707
0.000775376
0.0641965
0.00139716
-0.000513996
0.0641941
-0.000775451
-0.000963575
0.064192
-0.00372067
0.000963462
0.0641912
-0.00775854
0.000513898
0.064192
-0.00372066
-0.00077545
0.0641941
-0.000775433
-0.00162347
0.0641965
0.00139718
0.064198
0.0032171
0.00162189
0.0679022
0.00321938
0.000773014
0.067107
0.00139949
-0.000516072
0.0667722
-0.000773075
-0.000964392
0.0670161
-0.00371826
0.000964289
0.0675359
-0.00775611
0.000515982
0.0670162
-0.00371825
-0.00077308
0.0667722
-0.000773058
-0.00162192
0.067107
0.00139951
0.0679023
0.0032194
0.00082665
0.068944
0.00190509
0.000438249
0.0684458
0.000894361
-0.000272149
0.068193
-0.000438296
-0.00044462
0.0683505
-0.00201098
0.000444529
0.068632
-0.00342479
0.000272069
0.0683505
-0.00201098
-0.000438307
0.068193
-0.000438281
-0.000826678
0.0684458
0.000894381
0.0689441
0.00190511
0.000328393
0.0691497
0.000935112
0.000185455
0.0689268
0.000471057
-0.000114636
0.0687932
-0.000185487
-0.000163116
0.0688512
-0.000879999
0.000163037
0.0689546
-0.00133075
0.000114567
0.0688513
-0.000879992
-0.000185506
0.0687932
-0.000185474
-0.000328419
0.0689268
0.000471073
0.0691497
0.00093513
0.000105466
0.0691806
0.000433927
5.18489e-05
0.069084
0.000237601
-5.65488e-05
0.0690099
-5.18635e-05
-5.97628e-05
0.0690123
-0.000336564
5.96966e-05
0.0690393
-0.000485285
5.64913e-05
0.0690123
-0.000336558
-5.18905e-05
0.06901
-5.18528e-05
-0.000105486
0.069084
0.000237616
0.0691806
0.000433943
8.90546e-06
0.0691994
0.000218844
-2.22098e-05
0.0691401
0.000140407
-5.41872e-05
0.0690739
2.22128e-05
-3.28017e-05
0.0690393
-8.90056e-05
3.27495e-05
0.0690336
-0.000140149
5.41421e-05
0.0690393
-8.90009e-05
2.21777e-05
0.0690739
2.22216e-05
-8.92239e-06
0.0691402
0.000140418
0.0691994
0.000218855
-5.03513e-05
0.0692464
0.000155363
-8.84308e-05
0.0691755
0.000128836
-8.88241e-05
0.0690747
8.8452e-05
-3.84473e-05
0.0689943
5.11985e-05
3.84096e-05
0.0689651
3.50522e-05
8.87917e-05
0.0689943
5.1202e-05
8.84082e-05
0.0690747
8.84585e-05
5.03412e-05
0.0691755
0.000128845
0.0692465
0.000155374
-0.000121296
0.0693498
0.000183557
-0.000189205
0.0692245
0.000185799
-0.000169261
0.0690349
0.000189245
-6.76445e-05
0.0688724
0.000191705
6.76221e-05
0.0688096
0.000192333
0.000169242
0.0688724
0.000191707
0.000189193
0.0690349
0.00018925
0.000121289
0.0692245
0.000185805
0.0693498
0.000183563
-0.00024655
0.0695611
0.000293617
-0.000378819
0.0693169
0.000327221
-0.000331738
0.0689408
0.000378878
-0.000130443
0.0686181
0.000423419
0.000130437
0.0684934
0.000440669
0.000331733
0.0686181
0.000423421
0.000378816
0.0689408
0.000378881
0.00024655
0.0693169
0.000327225
0.0695611
0.000293622
-0.000490751
0.0699871
0.000507896
-0.000754894
0.0695024
0.000604769
-0.000654422
0.0687399
0.000754973
-0.000255101
0.0681002
0.000883377
0.000255112
0.0678577
0.000932799
0.000654432
0.0681002
0.000883378
0.000754903
0.06874
0.000754974
0.000490756
0.0695025
0.000604771
0.0699872
0.000507897
-0.000975476
0.0708457
0.00086662
-0.00151738
0.0698871
0.00111847
-0.00129419
0.0682936
0.00151748
-0.000497562
0.0670279
0.00185064
0.000497592
0.0665676
0.00197646
0.00129422
0.0670279
0.00185064
0.0015174
0.0682937
0.00151748
0.000975487
0.0698871
0.00111847
0.0708458
0.00086662
-0.00193412
0.0725721
0.00139354
-0.00311081
0.0707333
0.0020371
-0.00255998
0.0671921
0.00311093
-0.000957796
0.0647152
0.00396455
0.000957848
0.0638865
0.00427602
0.00256002
0.0647153
0.00396455
0.00311085
0.0671921
0.00311093
0.00193414
0.0707333
0.0020371
0.0725721
0.00139354
-0.00377295
0.075987
0.00198234
-0.00665197
0.0728582
0.00360253
-0.00503685
0.063962
0.0066521
-0.00178652
0.0593238
0.00884073
0.0017866
0.0580074
0.00959322
0.00503691
0.0593239
0.00884072
0.00665201
0.0639621
0.00665209
0.00377296
0.0728583
0.00360252
0.075987
0.00198233
-0.00690168
0.0823305
0.00205953
-0.0155482
0.0796484
0.00594239
-0.00967503
0.0522159
0.0155484
-0.00310293
0.0450182
0.0211377
0.00310302
0.0435498
0.0228866
0.00967512
0.0450182
0.0211377
0.0155483
0.0522159
0.0155483
0.00690169
0.0796484
0.00594236
0.0823305
0.00205951
-0.00958377
0.091401
-0.000256604
-0.0429807
0.1089
0.00733912
-0.0168727
0.0429809
-0.00457137
0.0566602
0.00457147
0.0604822
0.0168728
0.0566601
0.0429808
0.0429809
0.00958376
0.1089
0.00733908
0.0914009
-0.000256635
0.00791545
0.0848584
-0.00924251
0.117514
-0.00981378
-0.00791546
0.117514
-0.00981384
0.0848583
-0.00924254
0.0405713
0.0491325
-0.022067
0.105982
0.0649905
-0.04052
0.0552043
0.101555
-0.105982
0.0169465
0.101601
-0.133553
-0.0169465
0.100305
-0.14114
-0.0552043
0.101601
-0.133553
-0.105982
0.101555
-0.105982
-0.0405713
0.0649905
-0.04052
0.0491325
-0.022067
0.0564293
-0.0295799
0.142547
-0.0555058
0.0552502
0.276148
-0.142546
0.0156501
0.238522
-0.163417
-0.0156501
0.230264
-0.167844
-0.0552502
0.238522
-0.163417
-0.142547
0.276148
-0.142546
-0.0564292
-0.0555058
-0.0295799
0.017624
0.2409
0.00739276
0.228972
-0.00739284
0.224442
-0.0176241
0.228972
0.2409
0.00569587
0.229508
0.00286271
0.225667
-0.00286279
0.223827
-0.00569592
0.225667
0.229508
0.00185446
0.225799
0.00102319
0.22455
-0.00102323
0.223879
-0.0018545
0.224551
0.225799
0.000606072
0.224587
0.000351672
0.224179
-0.0003517
0.223946
-0.000606103
0.224179
0.224587
0.000198428
0.22419
0.000118382
0.224056
-0.000118389
0.223977
-0.000198441
0.224056
0.22419
6.50048e-05
0.22406
3.9391e-05
0.224016
-3.93904e-05
0.22399
-6.50102e-05
0.224016
0.22406
2.13016e-05
0.224017
1.30239e-05
0.224003
-1.30138e-05
0.223994
-2.1296e-05
0.224003
0.224017
6.97477e-06
0.224003
4.28955e-06
0.223999
-4.28072e-06
0.223996
-6.96922e-06
0.223999
0.224003
2.28505e-06
0.223999
1.41169e-06
0.223997
-1.40017e-06
0.223996
-2.27564e-06
0.223997
0.223999
7.39478e-07
0.223997
4.60244e-07
0.223997
-4.56006e-07
0.223997
-7.36899e-07
0.223997
0.223997
2.348e-07
0.223997
1.45679e-07
0.223997
-1.43267e-07
0.223997
-2.28729e-07
0.223997
0.223997
5.40611e-08
3.3439e-08
-3.19577e-08
-4.58844e-08
0.0646479
0.0480972
-0.0702973
0.0457021
0.0378914
-0.064648
0.0350408
0.0297733
-0.0527982
0.0118694
0.0236902
-0.0208554
-0.0118696
0.0216369
-0.0138421
-0.0350409
0.0236902
-0.0208554
-0.0457022
0.0297732
-0.0527982
-0.0646479
0.0378913
-0.064648
0.0480972
-0.0702973
0.054442
0.105419
-0.0589891
0.037584
0.0716071
-0.0544421
0.0289577
0.0552984
-0.0448013
0.00981611
0.0430884
-0.0173003
-0.00981625
0.0393214
-0.0115555
-0.0289578
0.0430884
-0.0173003
-0.0375841
0.0552984
-0.0448013
-0.0544421
0.0716071
-0.0544421
0.105419
-0.0589891
0.0206299
0.08223
-0.0229811
0.0212752
0.0703162
-0.02063
0.0167478
0.0599907
-0.0163651
0.00604908
0.0521234
-0.0095459
-0.00604922
0.049401
-0.00738713
-0.0167479
0.0521234
-0.00954589
-0.0212753
0.0599907
-0.0163651
-0.02063
0.0703162
-0.02063
0.08223
-0.0229811
0.00871618
0.0706068
-0.00974592
0.0109497
0.065849
-0.00871627
0.00888054
0.0603822
-0.0070133
0.00332667
0.0560674
-0.00501339
-0.00332681
0.0544865
-0.0042698
-0.00888067
0.0560674
-0.00501338
-0.0109498
0.0603822
-0.00701328
-0.00871624
0.065849
-0.00871625
0.0706068
-0.00974591
0.00395845
0.0648803
-0.00437944
0.00548281
0.0628001
-0.00395854
0.00456579
0.0600481
-0.00329421
0.00174573
0.0578015
-0.00262817
-0.00174588
0.0569533
-0.00236718
-0.00456592
0.0578015
-0.00262817
-0.00548291
0.0600481
-0.0032942
-0.0039585
0.0628001
-0.00395852
0.0648803
-0.00437943
0.0018782
0.0620582
-0.0020454
0.00273088
0.0610944
-0.00187828
0.00231912
0.0597262
-0.00162012
0.000897591
0.0585796
-0.00138018
-0.000897739
0.0581393
-0.00128507
-0.00231925
0.0585796
-0.00138017
-0.00273098
0.0597262
-0.0016201
-0.00187825
0.0610945
-0.00187827
0.0620582
-0.00204539
0.000914474
0.0606606
-0.000980026
0.00136262
0.0601979
-0.000914559
0.00117256
0.059517
-0.0008143
0.000457257
0.058936
-0.000724256
-0.000457405
0.0587105
-0.000688578
-0.00117269
0.058936
-0.000724247
-0.00136272
0.059517
-0.000814284
-0.000914525
0.0601979
-0.00091454
0.0606606
-0.000980013
0.000451831
0.0599653
-0.000477099
0.000681748
0.0597379
-0.000451915
0.00059155
0.0593966
-0.000413457
0.000231741
0.0591017
-0.000379421
-0.000231888
0.0589864
-0.000365964
-0.00059168
0.0591017
-0.000379413
-0.000681848
0.0593966
-0.000413441
-0.000451884
0.0597379
-0.000451897
0.0599654
-0.000477087
0.000224346
0.0596201
-0.000233169
0.000340481
0.0595054
-0.000224426
0.000296669
0.0593309
-0.000211095
0.000116457
0.0591783
-0.000199387
-0.000116602
0.0591182
-0.000194773
-0.000296797
0.0591783
-0.000199378
-0.000340579
0.0593309
-0.000211079
-0.000224396
0.0595054
-0.000224407
0.0596201
-0.000233155
0.000109626
0.0594536
-0.00011033
0.000166026
0.0593924
-0.000109703
0.000144088
0.0592967
-0.000108813
5.63294e-05
0.0592103
-0.000108153
-5.64722e-05
0.0591754
-0.00010795
-0.000144215
0.0592103
-0.000108144
-0.000166123
0.0592967
-0.000108798
-0.000109677
0.0593924
-0.000109685
0.0594537
-0.000110317
4.8371e-05
0.059387
-4.16984e-05
7.0331e-05
0.0593483
-4.84435e-05
5.76914e-05
0.0592816
-5.90218e-05
2.139e-05
0.059214
-6.88745e-05
-2.15297e-05
0.0591839
-7.30842e-05
-5.78148e-05
0.059214
-6.88661e-05
-7.04244e-05
0.0592816
-5.90062e-05
-4.84184e-05
0.0593483
-4.84245e-05
0.059387
-4.16837e-05
9.66451e-06
0.0593948
1.01965e-05
3.61614e-06
0.0593602
-9.73344e-06
-9.83631e-06
0.0592844
-4.12901e-05
-8.77977e-06
0.0591887
-7.16314e-05
8.64418e-06
0.0591372
-8.53946e-05
9.7166e-06
0.0591887
-7.16235e-05
-3.7075e-06
0.0592844
-4.12761e-05
-9.71263e-06
0.0593602
-9.71625e-06
0.0593949
1.021e-05
-2.49751e-05
0.0594976
7.46157e-05
-7.22075e-05
0.0594545
2.49117e-05
-0.000105509
0.059324
-5.54988e-05
-6.03344e-05
0.0591188
-0.00013839
6.02035e-05
0.0589828
-0.000181404
0.000105394
0.0591189
-0.000138382
7.21208e-05
0.059324
-5.5484e-05
2.49312e-05
0.0594545
2.493e-05
0.0594976
7.46308e-05
-6.80878e-05
0.0597799
0.000185494
-0.000202757
0.0597237
6.80287e-05
-0.000310623
0.0594728
-0.000129071
-0.000196414
0.0589896
-0.000358793
0.000196289
0.0585782
-0.000511067
0.000310513
0.0589896
-0.000358786
0.000202673
0.0594728
-0.000129058
6.80436e-05
0.0597237
6.80448e-05
0.0597799
0.000185508
-0.000124267
0.0604369
0.000385087
-0.000453647
0.0603824
0.000124214
-0.000793825
0.0599496
-0.000340143
-0.000607834
0.0589057
-0.00100047
0.000607715
0.0576578
-0.00164453
0.00079372
0.0589057
-0.00100046
0.000453569
0.0599496
-0.000340129
0.000124227
0.0603824
0.000124231
0.0604369
0.000385102
-0.000178833
0.061815
0.000697842
-0.000886379
0.0617974
0.000178786
-0.00183778
0.0612865
-0.000832054
-0.00185565
0.0596651
-0.00276094
0.00185554
0.0565193
-0.0060059
0.00183768
0.0596651
-0.00276094
0.000886306
0.0612865
-0.000832043
0.000178794
0.0617974
0.0001788
0.061815
0.000697855
-0.000196478
0.0642003
0.00102821
-0.00139723
0.0641988
0.000196437
-0.00345922
0.0641965
-0.00162348
-0.00500144
0.0641944
-0.00670785
0.00500134
0.0641936
-0.0254357
0.00345913
0.0641944
-0.00670784
0.00139717
0.0641965
-0.00162346
0.000196444
0.0641988
0.000196453
0.0642003
0.00102823
-0.000197995
0.0665879
0.00102972
-0.00139955
0.0666019
0.000197961
-0.00346126
0.067107
-0.00162192
-0.00500225
0.0687234
-0.00670627
0.00500215
0.0718672
-0.0254341
0.00346117
0.0687234
-0.00670627
0.00139949
0.067107
-0.00162191
0.000197962
0.0666019
0.000197973
0.066588
0.00102973
-0.000184078
0.067974
0.000703033
-0.000894407
0.0680225
0.000184052
-0.00184484
0.0684458
-0.000826675
-0.00185843
0.0694815
-0.00275546
0.00185835
0.070726
-0.00600038
0.00184476
0.0694815
-0.00275546
0.000894354
0.0684458
-0.000826665
0.000184052
0.0680225
0.000184065
0.0679741
0.000703046
-0.000135663
0.0686485
0.00039632
-0.000471088
0.0686933
0.000135644
-0.000809148
0.0689268
-0.000328411
-0.000613869
0.0693947
-0.000988471
0.000613797
0.0698001
-0.00163243
0.000809085
0.0693947
-0.000988467
0.000471041
0.0689268
-0.000328403
0.000135638
0.0686933
0.000135654
0.0686485
0.00039633
-9.08597e-05
0.0689655
0.000207806
-0.000237615
0.0689868
9.08503e-05
-0.00034125
0.069084
-0.000105475
-0.000208483
0.0692599
-0.000334518
0.000208423
0.0693844
-0.000486525
0.000341197
0.0692599
-0.000334514
0.000237578
0.069084
-0.000105468
9.08415e-05
0.0689868
9.08606e-05
0.0689655
0.000207817
-6.95315e-05
0.0691359
0.000117943
-0.000140404
0.0691286
6.95307e-05
-0.000165406
0.0691402
-8.90606e-06
-8.3945e-05
0.0691795
-9.00695e-05
8.38974e-05
0.0692088
-0.000132405
0.000165365
0.0691795
-9.00665e-05
0.000140374
0.0691402
-8.9008e-06
6.95155e-05
0.0691286
6.95377e-05
0.069136
0.000117951
-7.68784e-05
0.0692746
9.35267e-05
-0.000128815
0.0692325
7.68878e-05
-0.000126078
0.0691755
5.03607e-05
-5.45936e-05
0.0691348
2.44154e-05
5.45594e-05
0.0691224
1.23771e-05
0.000126048
0.0691348
2.44181e-05
0.000128795
0.0691755
5.03659e-05
7.68696e-05
0.0692325
7.6895e-05
0.0692747
9.35355e-05
-0.000119053
0.0694598
0.000117445
-0.000185759
0.0693659
0.000119072
-0.000166801
0.0692245
0.000121314
-6.70165e-05
0.0691041
0.000122621
6.69966e-05
0.069058
0.000122776
0.000166784
0.0691041
0.000122623
0.000185748
0.0692246
0.000121317
0.000119047
0.069366
0.000119076
0.0694599
0.000117451
-0.000212947
0.0697753
0.000191063
-0.000327161
0.0695944
0.000212976
-0.000287197
0.0693169
0.000246579
-0.000113193
0.0690781
0.000275509
0.000113188
0.0689856
0.000286695
0.000287193
0.0690781
0.000275511
0.000327161
0.0693169
0.000246582
0.000212948
0.0695944
0.00021298
0.0697754
0.000191069
-0.000393877
0.0703459
0.000331276
-0.000604691
0.0700161
0.000393916
-0.000526018
0.0695024
0.00049079
-0.000205679
0.0690674
0.000573732
0.000205691
0.0689014
0.000605691
0.000526028
0.0690674
0.000573732
0.0006047
0.0695025
0.000490791
0.000393882
0.0700162
0.000393918
0.0703459
0.000331279
-0.000723625
0.0713726
0.000563495
-0.00111837
0.0708057
0.000723672
-0.000961039
0.0698871
0.000975523
-0.000371735
0.0691418
0.00118701
0.000371765
0.0688672
0.00126718
0.000961065
0.0691418
0.00118701
0.0011184
0.0698871
0.000975524
0.000723635
0.0708057
0.000723674
0.0713727
0.000563498
-0.00129056
0.0731609
0.000895906
-0.00203699
0.0722987
0.00129062
-0.00170635
0.0707333
0.00193418
-0.000646328
0.0695914
0.00245497
0.000646378
0.0692037
0.00264687
0.0017064
0.0695914
0.00245497
0.00203702
0.0707333
0.00193418
0.00129057
0.0722987
0.00129061
0.0731609
0.000895904
-0.00215276
0.0760642
0.00123186
-0.0036024
0.0751981
0.00215282
-0.00284823
0.0728583
0.00377301
-0.00103403
0.0716208
0.00499719
0.0010341
0.0713008
0.00542806
0.00284829
0.0716208
0.00499718
0.00360244
0.0728583
0.003773
0.00215277
0.0751981
0.00215281
0.0760642
0.00123186
-0.00301882
0.0800144
0.00112824
-0.00594224
0.0810452
0.00301889
-0.00408568
0.0796485
0.00690174
-0.00135406
0.0805407
0.00948635
0.00135415
0.0811454
0.0103339
0.00408575
0.0805407
0.00948634
0.00594229
0.0796484
0.00690172
0.00301883
0.0810452
0.00301887
0.0800144
0.00112822
-0.00198804
0.0824151
-0.00066911
-0.00733895
0.0917473
0.00198811
-0.00319346
0.1089
0.00958381
-0.000749365
0.121209
0.0135475
0.000749445
0.125413
0.014716
0.00319353
0.121209
0.0135475
0.007339
0.1089
0.0095838
0.00198805
0.0917472
0.00198809
0.082415
-0.000669124
0.00734417
0.0720339
-0.0062053
0.00981399
0.086808
-0.00734411
0.00911564
0.117514
-0.00791543
0.00345419
0.136032
-0.009161
-0.00345415
0.141937
-0.00961538
-0.00911559
0.136032
-0.009161
-0.00981395
0.117514
-0.00791543
-0.00734416
0.0868079
-0.00734411
0.0720338
-0.0062053
0.0221183
0.0416196
-0.0137708
0.0405201
0.0500047
-0.0221182
0.0276334
0.0649905
-0.0405712
0.00935901
0.0717364
-0.0509827
-0.00935901
0.0736008
-0.0540862
-0.0276334
0.0717364
-0.0509827
-0.0405201
0.0649904
-0.0405712
-0.0221183
0.0500047
-0.0221182
0.0416196
-0.0137708
0.0305034
-0.0184635
0.0555059
-0.0305033
0.0343793
-0.0564292
0.0112235
-0.0685251
-0.0112235
-0.0717961
-0.0343793
-0.0685251
-0.0555059
-0.0564292
-0.0305033
-0.0305033
-0.0184634
0.0702972
0.0594054
0.0575519
0.0480972
0.0669835
0.0377701
0.0188827
0.0272453
-0.0188829
0.0239235
-0.0669837
0.0272453
-0.057552
0.0377701
-0.0702972
0.0480972
0.0594054
0.058989
0.141427
0.0472248
0.105419
0.0564588
0.0837346
0.0155609
0.0508428
-0.015561
0.0434898
-0.0564589
0.0508428
-0.0472248
0.0837346
-0.058989
0.105419
0.141427
0.022981
0.0954651
0.0255401
0.08223
0.023567
0.0693425
0.00820785
0.0566559
-0.00820798
0.0525184
-0.0235671
0.0566559
-0.0255402
0.0693425
-0.022981
0.08223
0.0954651
0.00974583
0.0759732
0.0126526
0.0706068
0.0108805
0.0641013
0.00407026
0.0584526
-0.0040704
0.0563891
-0.0108806
0.0584526
-0.0126527
0.0641013
-0.00974589
0.0706068
0.0759732
0.00437935
0.0672144
0.00614713
0.0648803
0.00523183
0.0617222
0.00200673
0.0590495
-0.00200687
0.0580354
-0.00523196
0.0590495
-0.00614723
0.0617222
-0.00437941
0.0648803
0.0672143
0.00204531
0.0631235
0.00298905
0.0620582
0.00255906
0.060532
0.000992695
0.0592356
-0.000992834
0.0587358
-0.00255918
0.0592356
-0.00298915
0.060532
-0.00204537
0.0620582
0.0631235
0.000979941
0.0611635
0.00146288
0.0606606
0.0012626
0.0599179
0.000492935
0.0592809
-0.000493074
0.0590331
-0.00126273
0.0592809
-0.00146298
0.0599179
-0.000979998
0.0606606
0.0611635
0.000477016
0.0602093
0.000720206
0.0599653
0.000625586
0.059599
0.000245198
0.0592817
-0.000245337
0.0591576
-0.000625709
0.0592817
-0.000720304
0.059599
-0.000477074
0.0599654
0.0602093
0.000233089
0.0597429
0.000353812
0.0596201
0.000308377
0.0594332
0.000121071
0.0592696
-0.000121207
0.059205
-0.000308498
0.0592696
-0.000353907
0.0594332
-0.000233145
0.0596201
0.0597429
0.000110253
0.0595223
0.000166916
0.0594536
0.000144749
0.0593465
5.65317e-05
0.0592496
-5.66662e-05
0.0592102
-0.000144869
0.0592496
-0.00016701
0.0593465
-0.000110308
0.0594537
0.0595223
4.16259e-05
0.0594389
5.97528e-05
0.059387
4.78386e-05
0.0592993
1.71804e-05
0.0592113
-1.73116e-05
0.0591715
-4.7955e-05
0.0592113
-5.98427e-05
0.0592993
-4.16776e-05
0.059387
0.0594389
-1.02654e-05
0.0594593
-2.79405e-05
0.0593949
-4.01776e-05
0.0592702
-2.2543e-05
0.059122
2.24153e-05
0.0590411
4.0064e-05
0.059122
2.78523e-05
0.0592702
1.02136e-05
0.0593949
0.0594593
-7.46792e-05
0.0596085
-0.000152618
0.0594976
-0.0001884
0.0592504
-0.000103349
0.0588984
0.000103226
0.0586531
0.000188291
0.0588984
0.000152535
0.0592504
7.4632e-05
0.0594976
0.0596085
-0.000185553
0.0599795
-0.000399857
0.0597799
-0.000540345
0.0592618
-0.000348688
0.058348
0.00034857
0.0574448
0.00054024
0.058348
0.000399776
0.0592618
0.000185506
0.0597799
0.0599795
-0.00038514
0.0607497
-0.000918003
0.0604369
-0.00145415
0.0594577
-0.0012519
0.0571452
0.00125179
0.0532965
0.00145405
0.0571452
0.000917929
0.0594577
0.000385099
0.0604369
0.0607497
-0.00069789
0.0621454
-0.00189722
0.061815
-0.00376667
0.0604951
-0.00510061
0.0557182
0.0051005
0.0370895
0.00376658
0.0557182
0.00189715
0.0604951
0.000697849
0.061815
0.0621454
-0.00102825
0.0642018
-0.00321715
0.0642003
-0.00854359
0.064198
-0.0237293
0.064196
0.0237292
0.0641952
0.0085435
0.064196
0.00321708
0.064198
0.00102822
0.0642003
0.0642018
-0.00102975
0.0662613
-0.00321944
0.0665879
-0.0085456
0.0679023
-0.0237301
0.0726742
0.02373
0.091301
0.00854552
0.0726742
0.00321938
0.0679023
0.00102972
0.066588
0.0662613
-0.000703059
0.0676673
-0.00190513
0.0679741
-0.00377363
0.068944
-0.00510334
0.0712485
0.00510327
0.075094
0.00377356
0.0712485
0.00190508
0.0689441
0.000703033
0.0679741
0.0676674
-0.000396338
0.06846
-0.000935143
0.0686485
-0.00146921
0.0691497
-0.00125783
0.0700486
0.00125776
0.070946
0.00146915
0.0700486
0.000935099
0.0691497
0.000396314
0.0686485
0.06846
-0.000207815
0.0688756
-0.000433941
0.0689655
-0.000570292
0.0691806
-0.000360491
0.0695043
0.000360434
0.0697385
0.000570243
0.0695043
0.000433906
0.0691806
0.000207798
0.0689655
0.0688756
-0.000117943
0.0691115
-0.00021884
0.0691359
-0.000246569
0.0691994
-0.000126281
0.069294
0.000126236
0.0693536
0.00024653
0.069294
0.000218812
0.0691994
0.000117929
0.069136
0.0691115
-9.35173e-05
0.0692985
-0.000155342
0.0692746
-0.000152023
0.0692465
-6.66319e-05
0.069233
6.66003e-05
0.0692328
0.000151996
0.069233
0.000155324
0.0692465
9.351e-05
0.0692747
0.0692986
-0.000117427
0.0695334
-0.000183516
0.0694598
-0.000165494
0.0693498
-6.68616e-05
0.069257
6.68435e-05
0.0692219
0.000165479
0.069257
0.000183506
0.0693498
0.000117422
0.0694599
0.0695335
-0.000191033
0.0699155
-0.000293559
0.0697753
-0.000258266
0.0695611
-0.000102007
0.0693763
0.000102004
0.0693046
0.000258264
0.0693763
0.000293559
0.0695611
0.000191036
0.0697754
0.0699156
-0.000331238
0.0705781
-0.000507818
0.0703459
-0.000443076
0.0699872
-0.00017372
0.0696807
0.000173732
0.0695628
0.000443087
0.0696807
0.000507827
0.0699872
0.000331243
0.0703459
0.0705781
-0.000563448
0.071705
-0.000866524
0.0713726
-0.000749553
0.0708457
-0.000291568
0.0704097
0.000291598
0.0702469
0.00074958
0.0704097
0.000866545
0.0708458
0.000563459
0.0713727
0.0717051
-0.000895852
0.0734968
-0.00139343
0.0731609
-0.00118556
0.0725721
-0.000454428
0.0721336
0.000454476
0.0719849
0.0011856
0.0721336
0.00139346
0.0725721
0.000895864
0.0731609
0.0734969
-0.0012318
0.0759605
-0.00198221
0.0760642
-0.00162405
0.075987
-0.00060316
0.07611
0.000603226
0.0762066
0.0016241
0.07611
0.00198225
0.075987
0.00123182
0.0760642
0.0759606
-0.00112818
0.078217
-0.00205938
0.0800144
-0.00150107
0.0823305
-0.000506527
0.0846019
0.000506603
0.0855274
0.00150114
0.0846019
0.00205943
0.0823305
0.00112819
0.0800144
0.078217
0.000669174
0.0768789
0.000256763
0.0824151
0.000770271
0.091401
0.000419046
0.0985008
-0.000418975
0.101082
-0.000770206
0.0985007
-0.000256713
0.0914009
-0.000669166
0.082415
0.0768788
0.00620537
0.0644684
0.00924267
0.0720339
0.00787007
0.0848584
0.00299982
0.0942102
-0.00299977
0.0974659
-0.00787002
0.0942102
-0.00924263
0.0848583
-0.00620535
0.0720338
0.0644684
0.0137709
0.0369269
0.0220671
0.0416196
0.0172219
0.0491325
0.00625554
0.054194
-0.00625553
0.055891
-0.0172219
0.054194
-0.0220671
0.0491325
-0.0137708
0.0416196
0.0369269
0.0184636
0.02958
0.0222834
0.00795248
-0.0079525
-0.0222834
-0.02958
-0.0184635
)
;

boundaryField
{
    injectionXMinus
    {
        type            calculated;
        value           nonuniform List<scalar> 2(-0.1 -0.1);
    }
    injectionXPlus
    {
        type            calculated;
        value           nonuniform List<scalar> 2(-0.1 -0.1);
    }
    injectionYMinus
    {
        type            calculated;
        value           nonuniform List<scalar> 2(-0.1 -0.1);
    }
    injectionYPlus
    {
        type            calculated;
        value           nonuniform List<scalar> 2(-0.1 -0.1);
    }
    inletXMinus
    {
        type            calculated;
        value           nonuniform List<scalar> 
12
(
-0.1
-0.1
-0.1
-0.1
-0.1
-0.1
-0.1
-0.1
-0.1
-0.1
-0.1
-0.1
)
;
    }
    inletXPlus
    {
        type            calculated;
        value           nonuniform List<scalar> 
12
(
-0.1
-0.1
-0.1
-0.1
-0.1
-0.1
-0.1
-0.1
-0.1
-0.1
-0.1
-0.1
)
;
    }
    inletYMinus
    {
        type            calculated;
        value           nonuniform List<scalar> 
12
(
-0.1
-0.1
-0.1
-0.1
-0.1
-0.1
-0.1
-0.1
-0.1
-0.1
-0.1
-0.1
)
;
    }
    inletYPlus
    {
        type            calculated;
        value           nonuniform List<scalar> 
12
(
-0.1
-0.1
-0.1
-0.1
-0.1
-0.1
-0.1
-0.1
-0.1
-0.1
-0.1
-0.1
)
;
    }
    outlet
    {
        type            calculated;
        value           nonuniform List<scalar> 
25
(
0.223997
0.223997
0.223997
0.223997
0.223997
0.223997
0.223997
0.223997
0.223997
0.223997
0.223997
0.223997
0.223997
0.223997
0.223997
0.223997
0.223997
0.223997
0.223997
0.223997
0.223997
0.223997
0.223997
0.223997
0.223997
)
;
    }
    valve
    {
        type            calculated;
        value           uniform 0;
    }
    walls
    {
        type            calculated;
        value           uniform 0;
    }
}


// ************************************************************************* //
