/*--------------------------------*- C++ -*----------------------------------*\
  =========                 |
  \\      /  F ield         | OpenFOAM: The Open Source CFD Toolbox
   \\    /   O peration     | Website:  https://openfoam.org
    \\  /    A nd           | Version:  6
     \\/     M anipulation  |
\*---------------------------------------------------------------------------*/
FoamFile
{
    version     2.0;
    format      ascii;
    class       surfaceScalarField;
    location    "0.9";
    object      phi;
}
// * * * * * * * * * * * * * * * * * * * * * * * * * * * * * * * * * * * * * //

dimensions      [0 3 -1 0 0 0 0];

internalField   nonuniform List<scalar> 
8239
(
0.0351486
0.0297028
0.0351486
0.0287759
0.0240486
0.0323239
0.0334917
0.018885
0.026399
0.00944132
0.0136227
0.0104276
-0.00944148
0.0119617
0.00692098
-0.0334919
0.0136226
0.0104276
-0.028776
0.018885
0.026399
-0.0351486
0.0240486
0.0323239
0.0297027
0.0351486
0.0294945
0.0707136
0.0294945
0.0236123
0.0527096
0.027221
0.0282293
0.0418673
0.0224006
0.00778039
0.0254213
0.00865007
-0.00778056
0.0217448
0.00577768
-0.0282295
0.0254213
0.00865007
-0.0236124
0.0418672
0.0224006
-0.0294945
0.0527096
0.027221
0.0707136
0.0294945
0.0114905
0.0477326
0.0114905
0.01277
0.041115
0.0103149
0.0117834
0.0346712
0.00818247
0.00410386
0.0283278
0.00477288
-0.00410403
0.026259
0.0036935
-0.0117836
0.0283278
0.00477288
-0.0127701
0.0346712
0.00818247
-0.0114905
0.041115
0.0103149
0.0477326
0.0114904
0.00487287
0.0379868
0.00487284
0.00632619
0.0353034
0.00435802
0.00544009
0.0320505
0.00350656
0.00203504
0.0292261
0.00250663
-0.00203522
0.0281943
0.00213484
-0.00544024
0.0292261
0.00250663
-0.0063263
0.0320505
0.00350656
-0.0048729
0.0353034
0.00435801
0.0379867
0.00487282
0.00218954
0.0336076
0.0021895
0.00307329
0.0324404
0.00197909
0.00261565
0.030861
0.001647
0.00100322
0.0295243
0.00131404
-0.0010034
0.0290171
0.00118357
-0.00261581
0.0295243
0.00131404
-0.00307341
0.030861
0.001647
-0.00218957
0.0324404
0.00197909
0.0336076
0.00218949
0.0010223
0.0315629
0.00102227
0.00149392
0.0310297
0.000938823
0.00127896
0.0302658
0.000809923
0.000496081
0.0296169
0.000690117
-0.000496263
0.0293667
0.000642632
-0.00127912
0.0296169
0.000690117
-0.00149403
0.0302658
0.000809923
-0.00102234
0.0310297
0.000938821
0.0315629
0.00102226
0.000489121
0.0305846
0.000489094
0.000730042
0.0303319
0.000456654
0.00063
0.0299587
0.000406994
0.000245903
0.0296384
0.00036239
-0.000246086
0.0295138
0.000344719
-0.000630162
0.0296384
0.000362391
-0.00073016
0.0299587
0.000406995
-0.000489159
0.0303319
0.000456653
0.0305846
0.000489078
0.000236496
0.0301115
0.00023647
0.000356814
0.0299868
0.000224644
0.000309712
0.029799
0.000206611
0.000121298
0.029636
0.000190656
-0.000121481
0.0295721
0.000184352
-0.000309873
0.029636
0.000190657
-0.00035693
0.029799
0.000206612
-0.000236534
0.0299868
0.000224642
0.0301115
0.000236455
0.000111795
0.0298878
0.000111772
0.000169061
0.02982
0.000109358
0.000146702
0.0297155
0.00010573
5.7373e-05
0.0296226
0.000102587
-5.75535e-05
0.0295855
0.00010137
-0.000146861
0.0296226
0.000102588
-0.000169177
0.0297155
0.000105732
-0.000111834
0.02982
0.000109358
0.0298878
0.000111759
4.39624e-05
0.0297998
4.39423e-05
6.4586e-05
0.0297506
4.85814e-05
5.38149e-05
0.0296703
5.5826e-05
2.02738e-05
0.0295936
6.24353e-05
-2.04509e-05
0.029561
6.51659e-05
-5.39702e-05
0.0295936
6.2436e-05
-6.46987e-05
0.0296703
5.58269e-05
-4.4001e-05
0.0297506
4.85804e-05
0.0297998
4.39292e-05
-5.23835e-06
0.0298102
-5.25564e-06
-1.57196e-05
0.0297504
1.05369e-05
-2.29016e-05
0.0296421
3.52353e-05
-1.23614e-05
0.0295249
5.80554e-05
1.21884e-05
0.0294686
6.77092e-05
2.27498e-05
0.0295249
5.80562e-05
1.56088e-05
0.0296421
3.52369e-05
5.19892e-06
0.0297504
1.05375e-05
0.0298102
-5.26595e-06
-6.5053e-05
0.0299403
-6.50673e-05
-0.000124001
0.0298335
-2.43125e-05
-0.000140151
0.029618
4.01922e-05
-6.8649e-05
0.0293512
0.0001021
6.84816e-05
0.0292012
0.000130116
0.000140005
0.0293512
0.000102101
0.000123895
0.029618
4.01931e-05
6.50148e-05
0.0298335
-2.4313e-05
0.0299403
-6.50777e-05
-0.000171783
0.0302838
-0.000171794
-0.000339569
0.0300732
-7.20399e-05
-0.000406951
0.0295959
8.93299e-05
-0.00021857
0.0289071
0.000255599
0.000218409
0.0284223
0.000341825
0.00040681
0.0289071
0.0002556
0.000339466
0.0295959
8.93317e-05
0.000171744
0.0300732
-7.20388e-05
0.0302838
-0.000171802
-0.000382316
0.0310483
-0.000382325
-0.00081689
0.030655
-0.000147263
-0.00109577
0.0296275
0.000247154
-0.000703305
0.0278077
0.000706792
0.000703152
0.0260044
0.00101142
0.00109564
0.0278077
0.000706793
0.000816793
0.0296276
0.000247155
0.00038228
0.030655
-0.000147264
0.0310484
-0.000382332
-0.000775696
0.0325997
-0.000775701
-0.00184431
0.0319774
-0.000253904
-0.00291558
0.0300238
0.0006749
-0.00250665
0.0254031
0.00199563
0.0025065
0.0177074
0.0032838
0.00291546
0.0254031
0.00199563
0.00184421
0.0300238
0.000674902
0.000775659
0.0319774
-0.000253902
0.0325997
-0.000775705
-0.001398
0.0353956
-0.001398
-0.00379784
0.034737
-0.000359864
-0.00753632
0.0321004
0.00166186
-0.0102024
0.0225494
0.00551968
0.0102022
-0.0147069
0.0120096
0.00753621
0.0225494
0.00551968
0.00379776
0.0321004
0.00166186
0.00139796
0.034737
-0.000359864
0.0353956
-0.001398
-0.00205661
0.0395088
-0.00205661
-0.00643446
0.0395078
-0.00039304
-0.0170873
0.0395063
0.00324683
-0.0474586
0.039505
0.0134156
0.0474585
0.0395045
0.0508714
0.0170872
0.039505
0.0134156
0.00643438
0.0395064
0.00324683
0.00205658
0.0395078
-0.000393037
0.0395088
-0.00205661
-0.00205758
0.0436239
-0.00205757
-0.00643594
0.0442801
-0.000394015
-0.0170886
0.0469131
0.00324583
-0.0474592
0.056461
0.0134146
0.047459
0.093716
0.0508703
0.0170885
0.056461
0.0134146
0.00643587
0.0469132
0.00324583
0.00205755
0.0442802
-0.000394014
0.0436239
-0.00205757
-0.00140133
0.0464265
-0.00140132
-0.00380294
0.0470449
-0.000363242
-0.0075408
0.0489926
0.0016584
-0.0102041
0.0536081
0.00551615
0.010204
0.0613018
0.012006
0.00754071
0.0536081
0.00551615
0.00380287
0.0489926
0.0016584
0.0014013
0.047045
-0.000363239
0.0464265
-0.00140132
-0.000782904
0.0479923
-0.000782892
-0.00185532
0.0483786
-0.000261238
-0.00292525
0.0493951
0.00066734
-0.00251045
0.0512054
0.00198787
0.00251036
0.053005
0.00327596
0.00292518
0.0512054
0.00198787
0.00185527
0.0493952
0.000667341
0.000782878
0.0483786
-0.000261237
0.0479923
-0.00078289
-0.000396618
0.0487855
-0.000396603
-0.000838758
0.0489826
-0.000161916
-0.00111498
0.0494394
0.00023192
-0.00071086
0.0501102
0.000691046
0.000710788
0.0505879
0.000995475
0.00111492
0.0501103
0.000691047
0.000838712
0.0494395
0.000231922
0.000396594
0.0489827
-0.000161913
0.0487855
-0.000396597
-0.000199492
0.0491845
-0.000199472
-0.000381947
0.0492658
-0.000100681
-0.000444165
0.0494425
5.92026e-05
-0.000233223
0.0496752
0.000224168
0.000233166
0.0498116
0.000309881
0.000444117
0.0496752
0.000224169
0.000381913
0.0494425
5.92039e-05
0.000199472
0.0492658
-0.000100679
0.0491845
-0.000199467
-0.000118178
0.0494208
-0.000118155
-0.000205259
0.0494327
-7.98667e-05
-0.000211472
0.0494679
-1.91501e-05
-9.67412e-05
0.049521
3.9444e-05
9.67005e-05
0.0495521
6.61576e-05
0.000211438
0.049521
3.94451e-05
0.000205234
0.0494679
-1.91477e-05
0.00011816
0.0494328
-7.98624e-05
0.0494208
-0.000118146
-0.000106229
0.0496333
-0.000106202
-0.000170154
0.0495934
-9.67041e-05
-0.000158315
0.0495377
-8.1667e-05
-6.56794e-05
0.0494957
-6.72631e-05
6.56554e-05
0.0494817
-6.09039e-05
0.000158296
0.0494957
-6.72623e-05
0.00017014
0.0495378
-8.16656e-05
0.000106216
0.0495935
-9.67012e-05
0.0496333
-0.000106193
-0.000146054
0.0499254
-0.000146023
-0.000225852
0.0498307
-0.000157414
-0.000200357
0.0496871
-0.00017482
-7.96724e-05
0.0495646
-0.000189536
7.9665e-05
0.0495175
-0.000195099
0.000200352
0.0495646
-0.000189535
0.000225849
0.0496871
-0.000174818
0.000146042
0.0498307
-0.000157409
0.0499254
-0.00014601
-0.000240704
0.0504068
-0.00024067
-0.000369441
0.0502432
-0.000283716
-0.00032287
0.0499909
-0.000350305
-0.000126752
0.0497758
-0.000407225
0.000126763
0.0496932
-0.000429121
0.000322881
0.0497758
-0.000407225
0.00036945
0.049991
-0.000350303
0.000240698
0.0502433
-0.000283713
0.0504068
-0.000240658
-0.00040423
0.0512152
-0.000404192
-0.000621758
0.0509788
-0.000517927
-0.000538007
0.0506041
-0.000696791
-0.000209332
0.0502941
-0.00084694
0.00020936
0.0501784
-0.00090384
0.000538032
0.0502942
-0.000846939
0.000621776
0.0506041
-0.000696788
0.000404225
0.0509788
-0.000517922
0.0512153
-0.000404176
-0.000640667
0.0524966
-0.000640627
-0.000996498
0.052257
-0.000922289
-0.000847916
0.0518372
-0.00138157
-0.000325028
0.0515246
-0.00175321
0.000325074
0.0514186
-0.00189013
0.000847957
0.0515246
-0.0017532
0.000996528
0.0518372
-0.00138157
0.000640665
0.0522571
-0.000922284
0.0524966
-0.00064061
-0.000880214
0.054257
-0.000880172
-0.00141638
0.0543312
-0.00153788
-0.00116049
0.0542764
-0.002695
-0.000431009
0.0543645
-0.00356927
0.000431072
0.0544336
-0.00387698
0.00116055
0.0543645
-0.00356927
0.00141642
0.0542764
-0.00269499
0.00088021
0.0543313
-0.00153788
0.0542571
-0.00088015
-0.000806017
0.0558691
-0.000805973
-0.00147123
0.057153
-0.00215638
-0.0010724
0.0588075
-0.00492979
-0.000361877
0.06043
-0.00677588
0.000361956
0.0610912
-0.00738125
0.00107247
0.06043
-0.00677588
0.00147127
0.0588075
-0.00492978
0.000806012
0.057153
-0.00215637
0.0558691
-0.000805948
0.000477875
0.0549134
0.00047792
0.000183282
0.0588679
-0.00142006
0.000550104
0.0652864
-0.00684555
0.000299299
0.0703578
-0.00967677
-0.000299207
0.0722012
-0.0105113
-0.000550025
0.0703578
-0.00967677
-0.000183231
0.0652864
-0.00684554
-0.000477886
0.0588679
-0.00142005
0.0549134
0.000477953
0.00443233
0.0460488
0.00443238
0.00660184
0.0514528
0.00524583
0.00562145
0.0606132
0.00565389
0.00214274
0.0672931
0.00654359
-0.00214264
0.0696186
0.00686815
-0.00562136
0.0672931
0.0065436
-0.00660179
0.0606132
0.0056539
-0.00443234
0.0514528
0.00524585
0.0460488
0.00443241
0.00983629
0.0263764
0.00983633
0.0157622
0.0297283
0.0157988
0.0123014
0.0350947
0.0289795
0.00446828
0.0387101
0.0364163
-0.00446818
0.0399222
0.0386331
-0.0123013
0.0387101
0.0364163
-0.0157622
0.0350947
0.0289795
-0.0098363
0.0297283
0.0157988
0.0263764
0.00983636
0.0131882
0.0131883
0.0211286
0.0217882
0.0159168
0.0403067
0.0056804
0.0489466
-0.0056803
0.051283
-0.0159167
0.0489466
-0.0211285
0.0403067
-0.0131882
0.0217882
0.0131883
0.032324
0.0240486
0.0287759
0.022851
0.0189457
0.022851
0.0175203
0.0148866
0.0168429
0.00593466
0.0118451
0.0101681
-0.00593483
0.0108184
0.00797188
-0.0175205
0.0118451
0.0101681
-0.0228511
0.0148866
0.0168429
-0.032324
0.0189457
0.022851
0.0240486
0.0287759
0.027221
0.0527096
0.0236123
0.018792
0.0358035
0.0187919
0.0144788
0.0276491
0.013951
0.004908
0.0215441
0.00852156
-0.00490817
0.0196606
0.00675142
-0.0144789
0.0215441
0.00852157
-0.0187921
0.0276491
0.013951
-0.0272211
0.0358035
0.0187919
0.0527096
0.0236123
0.0103149
0.041115
0.0127699
0.0106376
0.0351581
0.0106375
0.00837382
0.0299952
0.00809985
0.00302448
0.0260616
0.00560455
-0.00302465
0.0247004
0.00470267
-0.00837397
0.0260616
0.00560456
-0.0106377
0.0299952
0.00809987
-0.010315
0.0351581
0.0106375
0.0411149
0.0127699
0.00435805
0.0353034
0.00632613
0.00547473
0.0329245
0.00547467
0.00444016
0.030191
0.00434518
0.00166325
0.0280335
0.0033114
-0.00166343
0.027243
0.00291869
-0.00444032
0.0280335
0.00331141
-0.00547484
0.030191
0.00434519
-0.0043581
0.0329245
0.00547469
0.0353034
0.00632615
0.00197912
0.0324404
0.00307324
0.0027412
0.0314001
0.00274114
0.00228269
0.0300239
0.00227232
0.000872751
0.0289004
0.0018569
-0.000872931
0.0284762
0.00169583
-0.00228285
0.0289004
0.00185691
-0.00274132
0.0300239
0.00227234
-0.00197917
0.0314001
0.00274116
0.0324404
0.00307326
0.000938853
0.0310297
0.00149386
0.00136502
0.0305475
0.00136496
0.00115915
0.0298629
0.00117656
0.000448595
0.0292892
0.00101168
-0.000448778
0.0290688
0.000947232
-0.00115931
0.0292892
0.00101169
-0.00136514
0.0298629
0.00117658
-0.000938904
0.0305475
0.00136498
0.0310297
0.00149388
0.000456681
0.0303319
0.000729991
0.000680382
0.0300999
0.000680329
0.000585396
0.0297583
0.000606346
0.000228231
0.0294667
0.000541817
-0.000228414
0.0293535
0.000516513
-0.000585557
0.0294667
0.000541827
-0.000680502
0.0297583
0.000606364
-0.000456734
0.0300999
0.000680353
0.0303319
0.000730013
0.000224669
0.0299868
0.000356767
0.000338781
0.0298715
0.000338732
0.000293757
0.0296982
0.000311606
0.000114994
0.029548
0.000287962
-0.000115176
0.0294891
0.000278684
-0.000293917
0.029548
0.000287972
-0.0003389
0.0296982
0.000311624
-0.000224721
0.0298715
0.000338756
0.0299868
0.000356789
0.000109381
0.02982
0.000169019
0.000165433
0.0297592
0.000165389
0.000143559
0.0296656
0.000159962
5.61558e-05
0.0295825
0.000155298
-5.63354e-05
0.0295493
0.000153497
-0.000143717
0.0295825
0.000155308
-0.00016555
0.0296656
0.00015998
-0.000109433
0.0297592
0.000165413
0.02982
0.000169042
4.86015e-05
0.0297506
6.45487e-05
7.18306e-05
0.0297126
7.17919e-05
6.04243e-05
0.0296497
8.29426e-05
2.30043e-05
0.0295892
9.29497e-05
-2.31808e-05
0.0295635
9.7021e-05
-6.05794e-05
0.0295892
9.29593e-05
-7.19452e-05
0.0296497
8.29604e-05
-4.86521e-05
0.0297126
7.18147e-05
0.0297506
6.45707e-05
1.05542e-05
0.0297504
-1.57515e-05
8.97875e-06
0.0297156
8.94562e-06
-8.159e-08
0.0296471
4.67715e-05
-2.70756e-06
0.0295689
8.08254e-05
2.53549e-06
0.029531
9.48387e-05
-6.94577e-08
0.0295689
8.08347e-05
-9.09067e-06
0.0296471
4.67888e-05
-1.06045e-05
0.0297156
8.96844e-06
0.0297504
-1.57287e-05
-2.42981e-05
0.0298335
-0.000124027
-5.94965e-05
0.0297858
-5.95239e-05
-7.8243e-05
0.0296671
3.8775e-05
-4.06332e-05
0.0295047
0.000128618
4.04665e-05
0.029413
0.000166943
7.80967e-05
0.0295047
0.000128627
5.93889e-05
0.0296671
3.87918e-05
2.42501e-05
0.0297858
-5.95024e-05
0.0298336
-0.000124006
-7.20285e-05
0.0300732
-0.000339589
-0.000178199
0.029998
-0.00017822
-0.000240682
0.0297537
6.50507e-05
-0.000132344
0.0293583
0.000293525
0.000132184
0.0290919
0.000398195
0.000240542
0.0293583
0.000293534
0.000178095
0.0297537
6.50667e-05
7.19814e-05
0.029998
-0.000178199
0.0300732
-0.000339568
-0.000147255
0.030655
-0.000816905
-0.000422472
0.0305483
-0.000422488
-0.000636137
0.0300553
0.000159149
-0.000398675
0.0290966
0.000730931
0.000398522
0.0282768
0.00102932
0.000636003
0.0290966
0.000730939
0.000422374
0.0300553
0.000159165
0.000147211
0.0305483
-0.000422468
0.030655
-0.000816886
-0.000253899
0.0319774
-0.00184431
-0.000915501
0.0318714
-0.00091551
-0.00159485
0.0310108
0.000398641
-0.00121848
0.0289271
0.00178861
0.00121834
0.0264332
0.00269049
0.00159472
0.0289271
0.00178861
0.000915408
0.0310108
0.000398656
0.000253856
0.0318714
-0.000915491
0.0319774
-0.00184429
-0.000359862
0.034737
-0.00379785
-0.00177612
0.0347038
-0.00177612
-0.0036785
0.0336853
0.000889612
-0.00371244
0.0304453
0.00403536
0.0037123
0.0241549
0.00686313
0.00367839
0.0304453
0.00403537
0.00177603
0.0336854
0.000889626
0.000359823
0.0347038
-0.0017761
0.034737
-0.00379783
-0.000393041
0.0395078
-0.00643446
-0.00279459
0.0395068
-0.00279459
-0.00691853
0.0395053
0.0015507
-0.0100029
0.039504
0.00744121
0.0100028
0.0395035
0.015517
0.00691842
0.039504
0.00744122
0.00279451
0.0395054
0.00155072
0.000393004
0.0395069
-0.00279457
0.0395078
-0.00643444
-0.000394019
0.0442801
-0.00643593
-0.00279609
0.0443109
-0.00279608
-0.00691984
0.0453257
0.00154918
-0.0100034
0.0485625
0.00743966
0.0100033
0.0548517
0.0155154
0.00691975
0.0485625
0.00743967
0.00279602
0.0453257
0.00154919
0.000393987
0.0443109
-0.00279606
0.0442802
-0.00643591
-0.00036325
0.0470449
-0.00380292
-0.00178129
0.0471469
-0.00178128
-0.00368305
0.0480015
0.000884325
-0.00371422
0.0500798
0.00402996
0.00371412
0.0525717
0.00685768
0.00368296
0.0500798
0.00402996
0.00178123
0.0480015
0.000884335
0.00036322
0.047147
-0.00178126
0.047045
-0.00380291
-0.00026125
0.0483786
-0.0018553
-0.000926742
0.0484779
-0.000926718
-0.00160472
0.0489597
0.000387086
-0.00122236
0.0499086
0.00177674
0.00122227
0.0507245
0.00267851
0.00160465
0.0499086
0.00177675
0.000926689
0.0489598
0.000387094
0.000261224
0.0484779
-0.000926707
0.0483786
-0.00185528
-0.000161932
0.0489826
-0.000838727
-0.000444922
0.0490439
-0.00044489
-0.000655852
0.0492667
0.000135854
-0.000406431
0.0496434
0.00070685
0.00040636
0.0499023
0.00100492
0.000655791
0.0496434
0.000706854
0.000444877
0.0492667
0.000135861
0.000161909
0.0490439
-0.00044488
0.0489827
-0.000838716
-0.0001007
0.0492658
-0.000381909
-0.000222064
0.0492866
-0.000222025
-0.0002792
0.0493641
1.8969e-05
-0.00014751
0.0494904
0.000245446
0.000147454
0.0495679
0.000349328
0.000279152
0.0494905
0.000245449
0.000222031
0.0493641
1.89748e-05
0.000100683
0.0492866
-0.000222018
0.0492658
-0.000381901
-7.989e-05
0.0494328
-0.000205214
-0.000144542
0.0494159
-0.000144495
-0.000152878
0.0494053
-5.19993e-05
-7.00276e-05
0.0494143
3.2767e-05
6.9988e-05
0.049425
6.90955e-05
0.000152845
0.0494143
3.27692e-05
0.000144519
0.0494054
-5.19952e-05
7.98764e-05
0.049416
-0.000144489
0.0494328
-0.000205205
-9.67314e-05
0.0495934
-0.0001701
-0.000155117
0.0495327
-0.000155061
-0.000143911
0.0494446
-0.000132046
-5.93202e-05
0.0493734
-0.000110896
5.9297e-05
0.0493475
-0.000101937
0.000143892
0.0493734
-0.000110895
0.000155105
0.0494446
-0.000132044
9.6724e-05
0.0495328
-0.000155058
0.0495935
-0.000170095
-0.000157445
0.0498307
-0.000225792
-0.000243259
0.0497044
-0.000243196
-0.000215072
0.0495116
-0.000269979
-8.52355e-05
0.0493469
-0.000292784
8.52292e-05
0.0492835
-0.000301475
0.000215068
0.0493469
-0.000292783
0.000243258
0.0495117
-0.000269978
0.000157441
0.0497044
-0.000243194
0.0498308
-0.000225787
-0.000283751
0.0502433
-0.000369374
-0.00043603
0.050009
-0.00043596
-0.000379791
0.0496444
-0.000539249
-0.000148648
0.0493361
-0.000627423
0.000148659
0.0492185
-0.00066131
0.000379802
0.0493361
-0.000627423
0.000436041
0.0496445
-0.00053925
0.000283753
0.0500091
-0.000435961
0.0502433
-0.000369373
-0.000517965
0.0509788
-0.000621685
-0.000800622
0.0505744
-0.000800545
-0.000688156
0.0499193
-0.00108397
-0.000266232
0.0493879
-0.00132055
0.00026626
0.0491922
-0.00140987
0.000688183
0.0493879
-0.00132055
0.000800643
0.0499193
-0.00108398
0.00051797
0.0505745
-0.000800548
0.0509788
-0.000621684
-0.000922329
0.052257
-0.00099642
-0.00145578
0.0516415
-0.0014557
-0.00121955
0.0505237
-0.00222209
-0.000461958
0.0497085
-0.00283128
0.000462004
0.0494318
-0.00305354
0.00121959
0.0497085
-0.00283128
0.00145581
0.0505238
-0.0022221
0.000922339
0.0516415
-0.0014557
0.0522571
-0.000996422
-0.00153793
0.0543312
-0.0014163
-0.0025735
0.0537127
-0.00257342
-0.00203477
0.0520416
-0.00475144
-0.00073872
0.0511579
-0.00631452
0.000738785
0.0509294
-0.00685193
0.00203483
0.0511579
-0.00631453
0.00257354
0.0520416
-0.00475144
0.00153794
0.0537128
-0.00257342
0.0543313
-0.0014163
-0.00215643
0.057153
-0.00147114
-0.00424463
0.0578893
-0.00424454
-0.00291849
0.0568917
-0.0111059
-0.000967239
0.0575291
-0.0150982
0.000967321
0.0579611
-0.0163473
0.00291856
0.0575291
-0.0150982
0.00424468
0.0568918
-0.0111059
0.00215644
0.0578894
-0.00424454
0.057153
-0.00147114
-0.00142011
0.0588679
0.000183367
-0.00524221
0.0655338
-0.00524212
-0.00228112
0.0777859
-0.0307005
-0.000535275
0.0865781
-0.0404714
0.000535371
0.0895807
-0.0432014
0.0022812
0.0865781
-0.0404714
0.00524227
0.0777859
-0.0307005
0.00142011
0.0655338
-0.00524211
0.0588679
0.000183374
0.00524578
0.0514528
0.00660193
0.00700991
0.0620058
0.00701002
0.00651115
0.0839388
0.0024673
0.0971658
-0.0024672
0.101384
-0.00651106
0.0971658
-0.00700984
0.0839388
-0.00524578
0.0620058
0.00701003
0.0514528
0.00660194
0.0157988
0.0297283
0.0157623
0.0289429
0.0357177
0.028943
0.0197382
0.0464219
0.0757015
0.00668505
0.0512404
0.0953951
-0.00668496
0.0525722
0.100815
-0.0197381
0.0512404
0.0953951
-0.0289429
0.0464219
0.0757015
-0.0157988
0.0357177
0.028943
0.0297283
0.0157623
0.0217882
0.0211287
0.0396471
0.0396472
0.0245567
0.101819
0.00801682
0.116727
-0.00801674
0.119889
-0.0245566
0.116727
-0.039647
0.101819
-0.0217881
0.0396472
0.0211286
0.0263991
0.018885
0.0334917
0.016843
0.0148866
0.0175203
0.0108455
0.0119947
0.0108454
0.00373849
0.0101986
0.00707634
-0.00373864
0.00959795
0.00585093
-0.0108456
0.0101986
0.00707636
-0.016843
0.0119947
0.0108455
-0.0263991
0.0148866
0.0175203
0.018885
0.0334917
0.0224006
0.0418672
0.0282293
0.0139511
0.0276491
0.0144787
0.00904936
0.021798
0.00904928
0.00313785
0.0186271
0.00600433
-0.00313801
0.0176119
0.00501318
-0.0090495
0.0186271
0.00600434
-0.0139512
0.021798
0.0090493
-0.0224007
0.0276491
0.0144788
0.0418672
0.0282293
0.0081825
0.0346712
0.0117833
0.00809991
0.0299952
0.00837374
0.00587852
0.0262406
0.00587844
0.00212259
0.0237684
0.004219
-0.00212276
0.0229164
0.00364334
-0.00587867
0.0237684
0.00421901
-0.00810002
0.0262406
0.00587847
-0.00818255
0.0299952
0.00837378
0.0346711
0.0117834
0.00350658
0.0320505
0.00544002
0.00434524
0.030191
0.00444008
0.00340638
0.0281181
0.00340631
0.00127055
0.026579
0.00263648
-0.00127072
0.0260201
0.00235605
-0.00340653
0.026579
0.0026365
-0.00434535
0.0281181
0.00340633
-0.00350664
0.030191
0.00444012
0.0320505
0.00544005
0.00164702
0.030861
0.00261558
0.00227238
0.0300239
0.00228262
0.00186727
0.0289282
0.0018672
0.000711683
0.0280551
0.00153615
-0.000711854
0.0277276
0.00141171
-0.00186742
0.0280551
0.00153617
-0.0022725
0.0289281
0.00186722
-0.00164708
0.0300239
0.00228266
0.030861
0.00261562
0.00080995
0.0302658
0.00127889
0.00117662
0.0298629
0.00115908
0.000994265
0.0292927
0.000994196
0.00038415
0.0288193
0.000857473
-0.000384323
0.0286381
0.000805089
-0.000994418
0.0288193
0.000857488
-0.00117674
0.0292927
0.000994224
-0.000810003
0.0298629
0.00115912
0.0302658
0.00127893
0.00040702
0.0299587
0.000629939
0.000606399
0.0297583
0.000585333
0.000520868
0.0294636
0.000520804
0.000202927
0.0292128
0.000466051
-0.0002031
0.0291156
0.000444836
-0.00052102
0.0292128
0.000466066
-0.000606513
0.0294636
0.000520832
-0.000407073
0.0297583
0.00058537
0.0299587
0.000629979
0.000206635
0.0297991
0.000309656
0.000311654
0.0296982
0.0002937
0.000270114
0.0295465
0.000270056
0.000105716
0.0294153
0.000249749
-0.000105888
0.0293639
0.000241837
-0.000270266
0.0294153
0.000249764
-0.000311768
0.0295465
0.000270084
-0.000206688
0.0296982
0.000293737
0.0297991
0.000309696
0.000105751
0.0297155
0.000146652
0.000160006
0.0296656
0.000143508
0.000138895
0.0295886
0.000138843
5.43544e-05
0.0295201
0.000134863
-5.45244e-05
0.0294928
0.000133331
-0.000139044
0.0295201
0.000134878
-0.000160118
0.0295886
0.000138871
-0.000105804
0.0296656
0.000143545
0.0297155
0.000146692
5.58447e-05
0.0296703
5.37716e-05
8.29813e-05
0.0296497
6.03797e-05
7.04314e-05
0.0296136
7.03864e-05
2.70756e-05
0.0295771
7.92067e-05
-2.72425e-05
0.0295613
8.27439e-05
-7.05783e-05
0.0295771
7.92211e-05
-8.30909e-05
0.0296136
7.04134e-05
-5.58961e-05
0.0296497
6.04156e-05
0.0296703
5.38101e-05
3.52514e-05
0.0296421
-2.29382e-05
4.68046e-05
0.0296471
-1.19144e-07
3.39723e-05
0.0296391
3.39344e-05
1.13058e-05
0.0296167
6.37471e-05
-1.14685e-05
0.0296031
7.57243e-05
-3.41154e-05
0.0296167
6.37611e-05
-4.6911e-05
0.0296391
3.39605e-05
-3.53016e-05
0.0296471
-8.43326e-08
0.0296421
-2.29002e-05
4.02055e-05
0.029618
-0.000140181
3.88023e-05
0.0296671
-7.82733e-05
1.15997e-05
0.0296934
1.15691e-05
-2.30768e-06
0.0296696
8.95625e-05
2.15e-06
0.0296442
0.000121288
-1.17382e-05
0.0296696
8.95759e-05
-3.89053e-05
0.0296934
1.15943e-05
-4.02539e-05
0.0296671
-7.82397e-05
0.029618
-0.000140145
8.93405e-05
0.0295959
-0.000406973
6.50721e-05
0.0297537
-0.000240705
-1.22078e-05
0.0298478
-1.22309e-05
-2.76737e-05
0.0297957
0.00018278
2.75222e-05
0.0297231
0.00026405
1.20749e-05
0.0297957
0.000182793
-6.51705e-05
0.0298478
-1.2207e-05
-8.93872e-05
0.0297537
-0.000240673
0.0295959
-0.000406939
0.000247162
0.0296275
-0.00109579
0.000159165
0.0300553
-0.000636152
-6.43558e-05
0.0302948
-6.43713e-05
-0.000100289
0.0301542
0.000408214
0.000100145
0.0299379
0.000613935
6.42292e-05
0.0301543
0.000408226
-0.000159258
0.0302948
-6.43486e-05
-0.000247206
0.0300553
-0.000636122
0.0296276
-0.00109576
0.000674905
0.0300238
-0.00291559
0.00039865
0.0310108
-0.00159486
-0.000204885
0.0315018
-0.000204892
-0.000316597
0.0311739
0.000880603
0.00031646
0.0306058
0.00138949
0.000204765
0.0311739
0.000880614
-0.000398738
0.0315018
-0.000204871
-0.000674947
0.0310108
-0.00159483
0.0300239
-0.00291556
0.00166186
0.0321004
-0.00753632
0.000889615
0.0336854
-0.0036785
-0.000532757
0.0343464
-0.000532757
-0.000884665
0.0338512
0.00170993
0.000884538
0.0328087
0.00289099
0.000532646
0.0338512
0.00170994
-0.000889697
0.0343465
-0.000532738
-0.0016619
0.0336854
-0.00367848
0.0321004
-0.0075363
0.00324683
0.0395063
-0.0170873
0.0015507
0.0395053
-0.00691852
-0.00102802
0.0395038
-0.00102801
-0.00192713
0.0395025
0.00268896
0.00192701
0.0395019
0.00496957
0.00102792
0.0395025
0.00268897
-0.00155078
0.0395038
-0.001028
-0.00324687
0.0395054
-0.0069185
0.0395064
-0.0170873
0.00324583
0.0469131
-0.0170886
0.00154917
0.0453257
-0.00691983
-0.00102936
0.0446608
-0.00102935
-0.00192765
0.0451528
0.0026876
0.00192755
0.046194
0.0049682
0.00102927
0.0451528
0.00268761
-0.00154924
0.0446609
-0.00102933
-0.00324586
0.0453257
-0.00691981
0.0469132
-0.0170886
0.00165839
0.0489926
-0.00754077
0.000884308
0.0480015
-0.00368303
-0.000537418
0.0475043
-0.000537393
-0.000886494
0.0478266
0.00170519
0.0008864
0.0483925
0.00288621
0.000537336
0.0478266
0.0017052
-0.000884367
0.0475043
-0.000537379
-0.00165842
0.0480015
-0.00368301
0.0489926
-0.00754075
0.000667329
0.0493952
-0.00292522
0.000387062
0.0489597
-0.00160469
-0.000215062
0.0487085
-0.000215029
-0.000320597
0.0488387
0.000870197
0.000320516
0.0490509
0.00137897
0.000214992
0.0488387
0.000870203
-0.000387112
0.0487085
-0.000215017
-0.000667353
0.0489598
-0.00160467
0.0493952
-0.0029252
0.000231905
0.0494394
-0.00111494
0.000135822
0.0492667
-0.00065581
-8.48563e-05
0.0491498
-8.48135e-05
-0.000108357
0.049182
0.000387082
0.000108289
0.0492467
0.000592528
8.47982e-05
0.049182
0.000387087
-0.000135864
0.0491499
-8.48039e-05
-0.000231926
0.0492668
-0.000655797
0.0494395
-0.00111492
5.91846e-05
0.0494425
-0.000444115
1.89298e-05
0.0493641
-0.000279148
-5.27224e-05
0.0492931
-5.267e-05
-4.36281e-05
0.0492778
0.000140589
4.35755e-05
0.0492877
0.000221166
5.26772e-05
0.0492778
0.000140593
-1.89616e-05
0.0492932
-5.26626e-05
-5.91999e-05
0.0493642
-0.000279138
0.0494425
-0.000444104
-1.91718e-05
0.0494679
-0.000211412
-5.20464e-05
0.0494053
-0.000152816
-6.81121e-05
0.0493253
-6.80498e-05
-3.36991e-05
0.0492706
5.50121e-06
3.36616e-05
0.049254
3.54768e-05
6.80804e-05
0.0492707
5.50392e-06
5.20249e-05
0.0493253
-6.80448e-05
1.91605e-05
0.0494054
-0.00015281
0.0494679
-0.000211404
-8.16924e-05
0.0495377
-0.000158246
-0.000132102
0.0494446
-0.00014384
-0.000122761
0.0493067
-0.000122689
-5.0361e-05
0.0491915
-0.000104127
5.03392e-05
0.049148
-9.65615e-05
0.000122743
0.0491916
-0.000104126
0.00013209
0.0493067
-0.000122686
8.16868e-05
0.0494446
-0.000143836
0.0495378
-0.000158242
-0.000174849
0.0496871
-0.000200278
-0.000270042
0.0495116
-0.000214991
-0.000237877
0.0492424
-0.000237795
-9.39263e-05
0.0490123
-0.000257411
9.39205e-05
0.0489237
-0.000264952
0.000237874
0.0490123
-0.000257411
0.000270041
0.0492424
-0.000237795
0.000174848
0.0495117
-0.000214991
0.0496872
-0.000200277
-0.000350337
0.0499909
-0.000322783
-0.000539319
0.0496445
-0.000379701
-0.000467965
0.0490997
-0.000467874
-0.000182535
0.048643
-0.000543442
0.000182546
0.0484699
-0.000572568
0.000467976
0.048643
-0.000543443
0.000539329
0.0490998
-0.000467877
0.000350341
0.0496445
-0.000379704
0.049991
-0.000322786
-0.000696826
0.0506041
-0.000537912
-0.00108405
0.0499193
-0.000688059
-0.000924731
0.0487812
-0.000924633
-0.000355555
0.0478772
-0.00112382
0.000355582
0.0475485
-0.00119946
0.000924756
0.0478772
-0.00112382
0.00108407
0.0487812
-0.000924638
0.000696834
0.0499193
-0.000688066
0.0506041
-0.000537919
-0.00138161
0.0518372
-0.000847817
-0.00222217
0.0505237
-0.00121945
-0.00182874
0.0479944
-0.00182863
-0.000684219
0.0462253
-0.00232378
0.000684265
0.0456334
-0.00250676
0.00182878
0.0462253
-0.00232378
0.0022222
0.0479944
-0.00182864
0.00138162
0.0505238
-0.00121946
0.0518372
-0.000847826
-0.00269504
0.0542764
-0.00116039
-0.00475152
0.0520416
-0.00203466
-0.00359786
0.0456872
-0.00359775
-0.00127613
0.0423742
-0.00478508
0.00127619
0.041434
-0.00520472
0.00359791
0.0423743
-0.00478508
0.00475156
0.0456872
-0.00359776
0.00269505
0.0520417
-0.00203467
0.0542764
-0.0011604
-0.00492983
0.0588075
-0.00107229
-0.0111059
0.0568918
-0.00291839
-0.00691081
0.0372971
-0.0069107
-0.0022164
0.0321559
-0.00957407
0.00221648
0.031107
-0.0104531
0.00691088
0.0321559
-0.00957407
0.011106
0.0372971
-0.0069107
0.00492984
0.0568918
-0.00291839
0.0588076
-0.0010723
-0.00684559
0.0652864
0.000550209
-0.0307006
0.0777859
-0.00228101
-0.012052
-0.0120519
-0.00326527
-0.017102
0.00326537
-0.0186248
0.0120521
-0.017102
0.0307007
-0.0120519
0.00684559
0.0777859
-0.00228102
0.0652864
0.000550196
0.00565387
0.0606132
0.00562155
0.0839388
0.00651126
-0.00565388
0.0839387
0.00651123
0.0606131
0.00562153
0.0289795
0.0350947
0.0123015
0.0757014
0.0464219
0.0197383
0.0394317
0.0725395
0.0394318
0.0121047
0.0725723
0.0501499
-0.0121046
0.0716463
0.0533777
-0.0394316
0.0725723
0.0501498
-0.0757014
0.0725395
0.0394318
-0.0289795
0.0464218
0.0197382
0.0350947
0.0123014
0.0403067
0.0159169
0.101819
0.0245568
0.0394645
0.197249
0.0394646
0.0111787
0.170373
0.0472121
-0.0111786
0.164475
0.0494175
-0.0394644
0.170373
0.0472121
-0.101819
0.197249
0.0394645
-0.0403066
0.0245567
0.0159168
0.0125886
0.172071
0.0125887
0.00528057
0.163551
0.0141295
-0.00528058
0.160316
0.0147203
-0.0125886
0.163551
0.0141295
0.172071
0.0125886
0.0040685
0.163934
0.00406853
0.00204481
0.161191
0.00438442
-0.00204484
0.159877
0.00452859
-0.0040685
0.161191
0.00438441
0.163934
0.0040685
0.00132462
0.161285
0.00132464
0.00073085
0.160393
0.00139086
-0.000730877
0.159914
0.00142452
-0.00132464
0.160393
0.00139085
0.161285
0.00132463
0.000432911
0.160419
0.000432919
0.000251196
0.160128
0.00044702
-0.000251211
0.159961
0.000454694
-0.000432924
0.160128
0.00044702
0.160419
0.000432917
0.00014173
0.160136
0.000141734
8.45553e-05
0.16004
0.00014477
-8.45649e-05
0.159984
0.000146499
-0.000141742
0.16004
0.000144773
0.160136
0.000141739
4.6429e-05
0.160043
4.64311e-05
2.81352e-05
0.160012
4.70913e-05
-2.8136e-05
0.159993
4.74765e-05
-4.64348e-05
0.160012
4.70921e-05
0.160043
4.64344e-05
1.52086e-05
0.160012
1.52096e-05
9.29832e-06
0.160002
1.53549e-05
-9.29907e-06
0.159996
1.54423e-05
-1.52143e-05
0.160002
1.53578e-05
0.160012
1.52165e-05
4.97859e-06
0.160003
4.97903e-06
3.06291e-06
0.159999
5.01248e-06
-3.05852e-06
0.159997
5.03129e-06
-4.97979e-06
0.159999
5.01302e-06
0.160003
4.98259e-06
1.62618e-06
0.159999
1.62636e-06
1.00467e-06
0.159998
1.6348e-06
-1.00345e-06
0.159998
1.64065e-06
-1.62929e-06
0.159998
1.63725e-06
0.159999
1.63239e-06
5.27046e-07
0.159998
5.27099e-07
3.28822e-07
0.159998
5.29268e-07
-3.25758e-07
0.159998
5.30017e-07
-5.27638e-07
0.159998
5.29493e-07
0.159998
5.28453e-07
1.64645e-07
0.159998
1.64654e-07
1.01852e-07
0.159998
1.64693e-07
-1.04215e-07
0.159998
1.65571e-07
-1.67216e-07
0.159998
1.65863e-07
0.159998
1.67778e-07
3.89153e-08
3.89126e-08
2.35282e-08
3.82012e-08
-2.31149e-08
3.782e-08
-3.62061e-08
3.78031e-08
3.86108e-08
0.0104277
0.0136226
0.00944125
0.0101681
0.0118451
0.00593459
0.00707642
0.0101986
0.00373842
0.00251307
0.00912656
0.002513
-0.00251322
0.0087602
0.0021169
-0.00707655
0.00912656
0.00251301
-0.0101682
0.0101986
0.00373844
-0.0104277
0.0118451
0.00593463
0.0136226
0.00944129
0.00865009
0.0254213
0.00778032
0.00852163
0.0215441
0.00490793
0.0060044
0.0186271
0.00313778
0.0021467
0.0168418
0.00214663
-0.00214685
0.016242
0.00182474
-0.00600453
0.0168418
0.00214664
-0.00852172
0.0186271
0.00313781
-0.00865014
0.0215441
0.00490796
0.0254213
0.00778036
0.0047729
0.0283278
0.00410379
0.00560462
0.0260616
0.0030244
0.00421907
0.0237684
0.00212252
0.00154694
0.0221859
0.00154686
-0.00154709
0.0216291
0.00135016
-0.00421921
0.0221859
0.00154688
-0.00560472
0.0237684
0.00212255
-0.00477295
0.0260616
0.00302444
0.0283278
0.00410383
0.00250665
0.0292261
0.00203497
0.00331146
0.0280335
0.00166318
0.00263656
0.026579
0.00127048
0.000990111
0.0254787
0.000990038
-0.000990265
0.0250758
0.000889576
-0.0026367
0.0254787
0.000990054
-0.00331156
0.026579
0.00127051
-0.0025067
0.0280335
0.00166323
0.0292261
0.00203502
0.00131407
0.0295243
0.00100316
0.00185696
0.0289004
0.000872683
0.00153622
0.0280551
0.000711615
0.000587245
0.0273765
0.000587176
-0.000587401
0.027121
0.000541027
-0.00153636
0.0273765
0.000587192
-0.00185706
0.0280551
0.000711646
-0.00131412
0.0289004
0.000872726
0.0295243
0.0010032
0.000690142
0.0296169
0.000496019
0.00101173
0.0292892
0.000448533
0.000857542
0.0288193
0.000384086
0.000331767
0.0284279
0.000331702
-0.000331924
0.0282778
0.000311821
-0.000857681
0.0284279
0.000331719
-0.00101184
0.0288193
0.000384118
-0.000690193
0.0292892
0.000448576
0.0296169
0.000496067
0.000362414
0.0296384
0.000245846
0.00054187
0.0294667
0.000228174
0.000466115
0.0292128
0.000202869
0.000181713
0.0289965
0.000181653
-0.00018187
0.0289126
0.000173485
-0.000466254
0.0289965
0.00018167
-0.000541975
0.0292128
0.000202901
-0.000362464
0.0294667
0.000228217
0.0296384
0.000245894
0.000190678
0.029636
0.000121247
0.000288011
0.029548
0.000114943
0.000249807
0.0294153
0.000105663
9.78035e-05
0.0293004
9.77499e-05
-9.79606e-05
0.0292554
9.46818e-05
-0.000249946
0.0293004
9.77668e-05
-0.000288115
0.0294153
0.000105695
-0.000190728
0.029548
0.000114986
0.0296361
0.000121295
0.000102607
0.0296226
5.73286e-05
0.000155342
0.0295825
5.61105e-05
0.000134915
0.0295201
5.43082e-05
5.28222e-05
0.0294645
5.2775e-05
-5.29774e-05
0.0294423
5.21885e-05
-0.000135052
0.0294645
5.27917e-05
-0.000155444
0.0295201
5.43394e-05
-0.000102656
0.0295825
5.61525e-05
0.0296226
5.73752e-05
6.24528e-05
0.0295936
2.02359e-05
9.2988e-05
0.0295892
2.29658e-05
7.92517e-05
0.0295771
2.70361e-05
3.06127e-05
0.0295616
3.05724e-05
-3.07652e-05
0.0295543
3.19795e-05
-7.9386e-05
0.0295616
3.05887e-05
-9.30887e-05
0.0295771
2.70667e-05
-6.25016e-05
0.0295892
2.30069e-05
0.0295936
2.02813e-05
5.80704e-05
0.0295249
-1.23924e-05
8.08581e-05
0.0295689
-2.73908e-06
6.3785e-05
0.0296167
1.12734e-05
2.3283e-05
0.0296425
2.32499e-05
-2.34318e-05
0.0296487
2.7986e-05
-6.39159e-05
0.0296425
2.32657e-05
-8.09558e-05
0.0296167
1.13031e-05
-5.81175e-05
0.0295689
-2.69931e-06
0.0295249
-1.23483e-05
0.000102113
0.0293512
-6.8673e-05
0.000128645
0.0295047
-4.06575e-05
8.95931e-05
0.0296696
-2.3327e-06
2.94176e-05
0.0297628
2.93919e-05
-2.95618e-05
0.029787
4.18873e-05
-8.97199e-05
0.0297628
2.94071e-05
-0.000128739
0.0296696
-2.30419e-06
-0.000102159
0.0295047
-4.06192e-05
0.0293512
-6.86307e-05
0.000255609
0.0289071
-0.000218587
0.000293546
0.0293583
-0.000132361
0.000182803
0.0297957
-2.76913e-05
5.35961e-05
0.0300211
5.35779e-05
-5.37348e-05
0.0300729
8.53241e-05
-0.000182925
0.0300211
5.35924e-05
-0.000293637
0.0297957
-2.76641e-05
-0.000255652
0.0293583
-0.000132325
0.0289071
-0.000218546
0.0007068
0.0278077
-0.000703315
0.000730946
0.0290966
-0.000398684
0.000408229
0.0301543
-0.000100299
0.000105432
0.0306266
0.000105421
-0.000105564
0.0307135
0.000184326
-0.000408346
0.0306266
0.000105435
-0.000731032
0.0301543
-0.000100274
-0.000706842
0.0290966
-0.00039865
0.0278078
-0.000703277
0.00199564
0.0254031
-0.00250665
0.00178862
0.0289271
-0.00121848
0.000880611
0.0311739
-0.000316599
0.00019229
0.0320032
0.000192287
-0.000192415
0.0321073
0.000380312
-0.00088072
0.0320032
0.0001923
-0.0017887
0.0311739
-0.000316575
-0.00199568
0.0289272
-0.00121845
0.0254031
-0.00250661
0.00551968
0.0225494
-0.0102024
0.00403536
0.0304453
-0.00371243
0.00170993
0.0338512
-0.00088466
0.000296401
0.0348302
0.000296406
-0.000296518
0.0348873
0.000703906
-0.00171003
0.0348302
0.000296418
-0.00403544
0.0338512
-0.000884637
-0.00551972
0.0304454
-0.0037124
0.0225494
-0.0102023
0.0134156
0.0395051
-0.0474586
0.00744121
0.039504
-0.0100029
0.00268896
0.0395025
-0.00192711
0.000353479
0.0395011
0.000353492
-0.000353587
0.0395006
0.00106331
-0.00268905
0.0395011
0.000353503
-0.00744128
0.0395025
-0.00192709
-0.0134156
0.0395041
-0.0100029
0.0395051
-0.0474586
0.0134146
0.056461
-0.0474591
0.00743965
0.0485625
-0.0100034
0.00268759
0.0451528
-0.00192763
0.000352942
0.0441704
0.000352963
-0.00035304
0.044112
0.00106278
-0.00268767
0.0441704
0.000352973
-0.00743971
0.0451528
-0.00192761
-0.0134146
0.0485625
-0.0100034
0.056461
-0.0474591
0.00551614
0.0536081
-0.0102041
0.00402994
0.0500798
-0.00371419
0.00170516
0.0478266
-0.000886465
0.000294531
0.0469916
0.00029456
-0.000294617
0.0468853
0.000702043
-0.00170524
0.0469916
0.000294568
-0.00403
0.0478266
-0.000886449
-0.00551617
0.0500799
-0.00371417
0.0536081
-0.0102041
0.00198786
0.0512054
-0.00251041
0.00177672
0.0499086
-0.00122232
0.000870163
0.0488387
-0.000320559
0.000188181
0.0483556
0.000188219
-0.000188256
0.0482645
0.0003762
-0.000870228
0.0483556
0.000188226
-0.00177677
0.0488387
-0.000320546
-0.00198788
0.0499086
-0.0012223
0.0512055
-0.00251039
0.000691033
0.0501103
-0.000710814
0.000706819
0.0496434
-0.000406384
0.000387039
0.049182
-0.00010831
9.70899e-05
0.0489355
9.71371e-05
-9.7152e-05
0.0488753
0.000175932
-0.000387092
0.0489355
9.71428e-05
-0.000706857
0.049182
-0.000108299
-0.000691052
0.0496434
-0.00040637
0.0501103
-0.000710798
0.000224151
0.0496752
-0.000233168
0.000245407
0.0494905
-0.000147454
0.000140537
0.0492778
-4.35717e-05
3.69488e-05
0.0491427
3.70054e-05
-3.69974e-05
0.049102
6.84758e-05
-0.000140579
0.0491427
3.70098e-05
-0.000245437
0.0492778
-4.35636e-05
-0.000224166
0.0494905
-0.000147444
0.0496752
-0.000233156
3.94242e-05
0.049521
-9.66771e-05
3.27203e-05
0.0494143
-6.9962e-05
5.43887e-06
0.0492706
-3.36329e-05
-3.7235e-06
0.049161
-3.65692e-06
3.68874e-06
0.0491219
8.14708e-06
-5.46836e-06
0.049161
-3.65398e-06
-3.27404e-05
0.0492707
-3.36276e-05
-3.94339e-05
0.0494144
-6.99552e-05
0.0495211
-9.66693e-05
-6.72862e-05
0.0494957
-6.56058e-05
-0.000110951
0.0493734
-5.92448e-05
-0.0001042
0.0491915
-5.02848e-05
-4.27952e-05
0.0490383
-4.27185e-05
4.27748e-05
0.0489796
-3.97155e-05
0.000104183
0.0490383
-4.27171e-05
0.00011094
0.0491916
-5.02823e-05
6.72813e-05
0.0493735
-5.92418e-05
0.0494958
-6.56024e-05
-0.000189562
0.0495646
-7.95896e-05
-0.000292846
0.0493469
-8.51507e-05
-0.000257493
0.0490123
-9.38406e-05
-0.000101467
0.0487262
-0.00010138
0.000101461
0.048616
-0.000104296
0.000257489
0.0487263
-0.00010138
0.000292845
0.0490123
-9.38408e-05
0.000189562
0.049347
-8.51514e-05
0.0495647
-7.95901e-05
-0.000407255
0.0497758
-0.000126661
-0.000627492
0.0493361
-0.000148555
-0.000543533
0.048643
-0.000182441
-0.000211662
0.0480626
-0.000211567
0.000211671
0.047843
-0.000222818
0.000543542
0.0480626
-0.000211568
0.000627501
0.048643
-0.000182444
0.000407259
0.0493361
-0.000148559
0.0497759
-0.000126666
-0.000846972
0.0502942
-0.000209235
-0.00132062
0.0493879
-0.000266132
-0.00112392
0.0478772
-0.000355454
-0.000431193
0.0466772
-0.000431091
0.000431218
0.0462412
-0.000459931
0.00112394
0.0466772
-0.000431093
0.00132064
0.0478772
-0.000355459
0.000846981
0.0493879
-0.000266139
0.0502942
-0.000209242
-0.00175324
0.0515246
-0.000324926
-0.00283136
0.0497085
-0.000461854
-0.00232388
0.0462253
-0.000684114
-0.000867202
0.043764
-0.000867096
0.000867245
0.0429354
-0.000935287
0.00232392
0.043764
-0.000867099
0.00283139
0.0462253
-0.00068412
0.00175325
0.0497086
-0.000461863
0.0515246
-0.000324937
-0.00356931
0.0543645
-0.000430905
-0.00631461
0.0511579
-0.000738614
-0.00478519
0.0423742
-0.00127602
-0.00169577
0.0375853
-0.00169566
0.00169583
0.0361856
-0.00184639
0.00478524
0.0375853
-0.00169567
0.00631465
0.0423743
-0.00127603
0.00356932
0.0511579
-0.000738625
0.0543645
-0.000430917
-0.00677592
0.06043
-0.000361773
-0.0150983
0.0575291
-0.000967134
-0.00957417
0.0321559
-0.00221629
-0.00309544
0.024628
-0.00309534
0.00309552
0.0229353
-0.00339365
0.00957424
0.024628
-0.00309534
0.0150983
0.0321559
-0.0022163
0.00677593
0.0575292
-0.000967146
0.06043
-0.000361787
-0.00967681
0.0703578
0.000299402
-0.0404715
0.0865782
-0.00053517
-0.0171021
-0.00326517
-0.00478809
-0.00478798
0.00478818
-0.00526569
0.0171022
-0.00478799
0.0404715
-0.00326518
0.00967681
0.0865782
-0.00053519
0.0703578
0.000299378
0.00654358
0.0672931
0.00214284
0.0971658
0.0024674
-0.00654358
0.0971657
0.00246736
0.0672931
0.0021428
0.0364163
0.0387101
0.00446838
0.095395
0.0512404
0.00668515
0.0501498
0.0725723
0.0121048
0.0153325
0.0696346
0.0153326
-0.0153324
0.0676862
0.0163562
-0.0501497
0.0696345
0.0153325
-0.0953949
0.0725722
0.0121047
-0.0364163
0.0512403
0.0066851
0.0387101
0.00446833
0.0489466
0.0056805
0.116727
0.00801691
0.047212
0.170373
0.0111788
0.0133841
0.13729
0.0133842
-0.0133841
0.129778
0.0140941
-0.047212
0.13729
0.0133841
-0.116727
0.170373
0.0111787
-0.0489465
0.00801685
0.00568043
0.0141295
0.163551
0.00528063
0.00587134
0.153806
0.00587141
-0.00587138
0.150124
0.00611645
-0.0141295
0.153806
0.00587139
0.163551
0.00528061
0.0043844
0.16119
0.00204485
0.00218898
0.158197
0.00218902
-0.00218902
0.156772
0.00225788
-0.00438441
0.158197
0.00218901
0.161191
0.00204484
0.00139084
0.160393
0.000730873
0.000764511
0.159449
0.000764534
-0.000764538
0.158944
0.000782086
-0.00139086
0.15945
0.000764533
0.160393
0.000730871
0.000447012
0.160128
0.000251209
0.000258871
0.159826
0.000258883
-0.000258885
0.159653
0.00026312
-0.000447027
0.159826
0.000258883
0.160128
0.000251207
0.000144766
0.16004
8.45619e-05
8.62835e-05
0.159943
8.62901e-05
-8.62905e-05
0.159885
8.72804e-05
-0.000144776
0.159943
8.6292e-05
0.16004
8.45655e-05
4.70892e-05
0.160012
2.81386e-05
2.85205e-05
0.15998
2.85238e-05
-2.85204e-05
0.159961
2.87511e-05
-4.70925e-05
0.15998
2.85249e-05
0.160012
2.81398e-05
1.53539e-05
0.160002
9.29988e-06
9.3857e-06
0.159992
9.38724e-06
-9.38354e-06
0.159986
9.43918e-06
-1.53556e-05
0.159992
9.38938e-06
0.160002
9.30429e-06
5.01205e-06
0.159999
3.06359e-06
3.08172e-06
0.159996
3.08238e-06
-3.07679e-06
0.159994
3.09454e-06
-5.01022e-06
0.159996
3.08317e-06
0.159999
3.06459e-06
1.63463e-06
0.159998
1.00493e-06
1.01052e-06
0.159997
1.01077e-06
-1.00685e-06
0.159996
1.01381e-06
-1.63415e-06
0.159997
1.01233e-06
0.159998
1.00851e-06
5.29214e-07
0.159998
3.289e-07
3.29571e-07
0.159998
3.29641e-07
-3.26281e-07
0.159997
3.30613e-07
-5.28678e-07
0.159998
3.29749e-07
0.159998
3.28834e-07
1.64684e-07
0.159998
1.01863e-07
1.0273e-07
0.159998
1.02737e-07
-1.03923e-07
0.159998
1.02975e-07
-1.653e-07
0.159998
1.03584e-07
0.159998
1.04086e-07
3.8204e-08
2.3524e-08
2.3147e-08
2.31422e-08
-2.31318e-08
2.34163e-08
-3.53984e-08
2.34457e-08
2.3882e-08
0.006921
0.0119617
-0.00944154
0.00797194
0.0108184
-0.00593488
0.005851
0.00959794
-0.0037387
0.00211697
0.00876019
-0.00251328
-0.0021171
0.00846804
-0.00211717
-0.00585112
0.00876019
-0.00251326
-0.00797202
0.00959794
-0.00373868
-0.00692103
0.0108184
-0.00593485
0.0119617
-0.0094415
0.0057777
0.0217448
-0.00778061
0.00675148
0.0196606
-0.00490823
0.00501325
0.0176119
-0.00313807
0.00182482
0.016242
-0.00214691
-0.00182495
0.0157674
-0.00182502
-0.00501337
0.016242
-0.0021469
-0.00675157
0.0176119
-0.00313805
-0.00577774
0.0196606
-0.00490819
0.0217448
-0.00778057
0.00369352
0.026259
-0.00410408
0.00470273
0.0247004
-0.00302471
0.00364341
0.0229164
-0.00212282
0.00135023
0.0216291
-0.00154715
-0.00135037
0.0211685
-0.00135043
-0.00364353
0.0216291
-0.00154713
-0.00470282
0.0229164
-0.00212279
-0.00369357
0.0247004
-0.00302467
0.026259
-0.00410404
0.00213487
0.0281943
-0.00203527
0.00291875
0.027243
-0.00166349
0.00235612
0.0260201
-0.00127077
0.000889649
0.0250758
-0.000990323
-0.000889786
0.0247272
-0.000889846
-0.00235624
0.0250758
-0.000990307
-0.00291884
0.0260201
-0.00127074
-0.00213491
0.027243
-0.00166345
0.0281943
-0.00203522
0.0011836
0.0290172
-0.00100345
0.00169589
0.0284762
-0.000872981
0.00141179
0.0277276
-0.000711906
0.000541097
0.027121
-0.000587456
-0.000541236
0.0268918
-0.000541292
-0.00141191
0.027121
-0.00058744
-0.00169598
0.0277276
-0.000711876
-0.00118364
0.0284762
-0.00087294
0.0290172
-0.00100341
0.000642656
0.0293667
-0.000496309
0.000947287
0.0290688
-0.000448824
0.000805157
0.0286381
-0.000384371
0.000311885
0.0282778
-0.000331975
-0.000312026
0.0281395
-0.000312078
-0.000805282
0.0282778
-0.000331959
-0.000947381
0.0286381
-0.00038434
-0.000642702
0.0290688
-0.000448782
0.0293667
-0.000496262
0.000344741
0.0295138
-0.000246127
0.000516565
0.0293535
-0.000228455
0.000444899
0.0291156
-0.000203144
0.000173544
0.0289126
-0.000181916
-0.000173685
0.0288338
-0.000173733
-0.000445023
0.0289126
-0.0001819
-0.000516659
0.0291156
-0.000203113
-0.000344787
0.0293535
-0.000228414
0.0295138
-0.000246081
0.000184373
0.0295721
-0.000121517
0.000278731
0.0294891
-0.000115213
0.000241894
0.029364
-0.000105926
9.47354e-05
0.0292554
-9.80012e-05
-9.48756e-05
0.0292129
-9.49176e-05
-0.000242018
0.0292554
-9.7985e-05
-0.000278824
0.029364
-0.000105895
-0.000184419
0.0294891
-0.000115172
0.0295721
-0.000121471
0.000101389
0.0295855
-5.75843e-05
0.000153539
0.0295493
-5.63665e-05
0.000133382
0.0294929
-5.45573e-05
5.22356e-05
0.0294423
-5.30124e-05
-5.23742e-05
0.029422
-5.24105e-05
-0.000133504
0.0294423
-5.29964e-05
-0.000153631
0.0294929
-5.45273e-05
-0.000101433
0.0295493
-5.63262e-05
0.0295856
-5.7539e-05
6.51827e-05
0.029561
-2.04761e-05
9.70583e-05
0.0295635
-2.32062e-05
8.2788e-05
0.0295613
-2.72695e-05
3.20198e-05
0.0295543
-3.07943e-05
-3.2156e-05
0.0295503
-3.21862e-05
-8.2908e-05
0.0295543
-3.07786e-05
-9.71485e-05
0.0295613
-2.72402e-05
-6.52272e-05
0.0295635
-2.31667e-05
0.029561
-2.0432e-05
6.77238e-05
0.0294686
1.2169e-05
9.48706e-05
0.029531
2.51592e-06
7.57615e-05
0.0296031
-1.14896e-05
2.80191e-05
0.0296487
-2.34547e-05
-2.81521e-05
0.0296626
-2.81761e-05
-7.58785e-05
0.0296487
-2.34395e-05
-9.49582e-05
0.0296031
-1.14612e-05
-6.77664e-05
0.029531
2.55415e-06
0.0294686
1.22119e-05
0.000130128
0.0292013
6.84681e-05
0.000166969
0.029413
4.04529e-05
0.000121318
0.0296442
2.13508e-06
4.1913e-05
0.029787
-2.95784e-05
-4.20421e-05
0.0298304
-4.20596e-05
-0.000121431
0.029787
-2.95637e-05
-0.000167054
0.0296442
2.16249e-06
-0.00013017
0.029413
4.04898e-05
0.0292013
6.85092e-05
0.000341835
0.0284224
0.000218402
0.000398216
0.029092
0.000132176
0.000264073
0.0297231
2.75135e-05
8.53423e-05
0.030073
-5.37449e-05
-8.54665e-05
0.0301719
-8.54775e-05
-0.000264182
0.030073
-5.3731e-05
-0.000398297
0.0297231
2.75396e-05
-0.000341874
0.029092
0.000132211
0.0284224
0.000218441
0.00101143
0.0260044
0.00070315
0.00102933
0.0282768
0.000398521
0.00061395
0.029938
0.000100142
0.000184337
0.0307135
-0.000105567
-0.000184455
0.0309095
-0.00018446
-0.000614054
0.0307135
-0.000105554
-0.00102941
0.029938
0.000100167
-0.00101147
0.0282768
0.000398554
0.0260044
0.000703187
0.0032838
0.0177074
0.00250651
0.0026905
0.0264332
0.00121834
0.0013895
0.0306058
0.000316464
0.000380315
0.0321073
-0.000192412
-0.000380427
0.0324309
-0.000380425
-0.00138959
0.0321073
-0.000192399
-0.00269057
0.0306058
0.000316487
-0.00328384
0.0264332
0.00121837
0.0177074
0.00250654
0.0120096
-0.0147069
0.0102022
0.00686313
0.0241549
0.00371231
0.00289099
0.0328087
0.000884548
0.000703901
0.0348873
-0.000296508
-0.000704006
0.0352467
-0.000703997
-0.00289108
0.0348873
-0.000296497
-0.0068632
0.0328087
0.000884569
-0.0120096
0.0241549
0.00371234
-0.0147068
0.0102023
0.0508714
0.0395046
0.0474585
0.015517
0.0395035
0.0100028
0.00496956
0.039502
0.00192703
0.0010633
0.0395006
-0.000353571
-0.00106339
0.0395
-0.00106338
-0.00496965
0.0395006
-0.00035356
-0.015517
0.039502
0.00192705
-0.0508714
0.0395036
0.0100028
0.0395046
0.0474586
0.0508703
0.093716
0.0474591
0.0155154
0.0548517
0.0100033
0.00496818
0.046194
0.00192757
0.00106276
0.044112
-0.000353017
-0.00106284
0.0437512
-0.00106282
-0.00496826
0.044112
-0.000353008
-0.0155155
0.046194
0.00192759
-0.0508704
0.0548517
0.0100033
0.093716
0.0474591
0.012006
0.0613018
0.010204
0.00685767
0.0525717
0.00371415
0.00288619
0.0483925
0.00088643
0.000702013
0.0468853
-0.000294588
-0.000702092
0.0465594
-0.000702062
-0.00288626
0.0468853
-0.000294579
-0.00685772
0.0483925
0.000886445
-0.0120061
0.0525717
0.00371417
0.0613018
0.0102041
0.00327595
0.053005
0.0025104
0.00267848
0.0507245
0.00122231
0.00137894
0.049051
0.000320553
0.000376162
0.0482645
-0.000188219
-0.00037623
0.0480642
-0.000376193
-0.001379
0.0482645
-0.000188212
-0.00267853
0.049051
0.000320566
-0.00327597
0.0507246
0.00122233
0.0530051
0.00251042
0.000995463
0.0505879
0.000710831
0.00100489
0.0499023
0.000406404
0.000592485
0.0492467
0.000108333
0.000175885
0.0488753
-9.71076e-05
-0.000175941
0.0487679
-0.000175896
-0.000592534
0.0488754
-9.71019e-05
-0.00100493
0.0492467
0.000108344
-0.00099548
0.0499023
0.000406418
0.0505879
0.000710846
0.000309865
0.0498117
0.000233217
0.00034929
0.0495679
0.000147506
0.000221114
0.0492877
4.36273e-05
6.84191e-05
0.049102
-3.6945e-05
-6.84634e-05
0.0490417
-6.84106e-05
-0.000221152
0.049102
-3.69407e-05
-0.000349317
0.0492877
4.36354e-05
-0.000309879
0.049568
0.000147516
0.0498117
0.000233229
6.61393e-05
0.0495521
9.67588e-05
6.90494e-05
0.049425
7.00471e-05
3.54149e-05
0.049254
3.37215e-05
8.08049e-06
0.0491219
3.74944e-06
-8.11232e-06
0.0490741
-8.05103e-06
-3.5442e-05
0.049122
3.75244e-06
-6.9068e-05
0.049254
3.3727e-05
-6.61479e-05
0.0494251
7.00541e-05
0.0495521
9.67665e-05
-6.09253e-05
0.0494817
6.57214e-05
-0.000101991
0.0493475
5.93641e-05
-9.66334e-05
0.049148
5.04072e-05
-3.97922e-05
0.0489796
4.2844e-05
3.97733e-05
0.048915
3.98433e-05
9.66177e-05
0.0489796
4.28457e-05
0.000101981
0.049148
5.04102e-05
6.09207e-05
0.0493476
5.93677e-05
0.0494818
6.57251e-05
-0.000195123
0.0495175
7.97384e-05
-0.000301536
0.0492835
8.53038e-05
-0.000265033
0.0489237
9.39965e-05
-0.000104383
0.0486161
0.000101539
0.000104377
0.0484975
0.000104456
0.000265029
0.0486161
0.000101539
0.000301535
0.0489237
9.3997e-05
0.000195123
0.0492836
8.5304e-05
0.0495176
7.97386e-05
-0.000429148
0.0496932
0.000126843
-0.000661379
0.0492185
0.00014874
-0.000572659
0.04847
0.000182629
-0.000222913
0.0478431
0.000211756
0.000222921
0.0476059
0.000223008
0.000572666
0.0478431
0.000211756
0.000661386
0.04847
0.000182628
0.000429152
0.0492186
0.000148738
0.0496933
0.000126839
-0.000903869
0.0501785
0.000209445
-0.00140994
0.0491922
0.000266347
-0.00119956
0.0475485
0.000355671
-0.000460033
0.0462412
0.000431309
0.000460056
0.0457658
0.000460148
0.00119958
0.0462412
0.000431307
0.00140996
0.0475485
0.000355668
0.000903878
0.0491922
0.000266342
0.0501785
0.000209439
-0.00189017
0.0514186
0.000325162
-0.00305362
0.0494318
0.000462095
-0.00250686
0.0456334
0.000684357
-0.000935394
0.0429354
0.000867339
0.000935433
0.0420243
0.00093553
0.00250689
0.0429354
0.000867337
0.00305364
0.0456334
0.000684352
0.00189018
0.0494318
0.000462087
0.0514187
0.000325154
-0.00387702
0.0544336
0.000431162
-0.00685202
0.0509294
0.000738876
-0.00520483
0.041434
0.00127629
-0.00184649
0.0361856
0.00169593
0.00184655
0.0346383
0.00184665
0.00520488
0.0361856
0.00169592
0.00685205
0.041434
0.00127628
0.00387703
0.0509294
0.000738866
0.0544337
0.00043115
-0.00738128
0.0610912
0.000362046
-0.0163474
0.0579611
0.000967412
-0.0104532
0.031107
0.00221658
-0.00339376
0.0229353
0.00309562
0.00339384
0.0210633
0.00339393
0.0104533
0.0229353
0.00309561
0.0163475
0.0311071
0.00221657
0.00738129
0.0579611
0.000967399
0.0610912
0.00036203
-0.0105114
0.0722012
-0.000299118
-0.0432015
0.0895807
0.00053546
-0.0186249
0.00326546
-0.0052658
0.00478828
0.00526589
0.00526598
0.018625
0.00478827
0.0432015
0.00326545
0.0105114
0.0895807
0.000535437
0.0722012
-0.000299144
0.00686814
0.0696186
-0.00214255
0.101384
-0.00246711
-0.00686814
0.101383
-0.00246714
0.0696186
-0.00214259
0.0386331
0.0399222
-0.00446809
0.100815
0.0525721
-0.00668487
0.0533776
0.0716463
-0.0121045
0.0163561
0.0676862
-0.0153323
-0.0163561
0.0654241
-0.016356
-0.0533775
0.0676861
-0.0153323
-0.100815
0.0716462
-0.0121045
-0.038633
0.0525721
-0.00668491
0.0399222
-0.00446814
0.051283
-0.00568022
0.119889
-0.00801665
0.0494175
0.164475
-0.0111785
0.014094
0.129778
-0.013384
-0.014094
0.1218
-0.0140939
-0.0494174
0.129778
-0.013384
-0.119889
0.164475
-0.0111786
-0.0512829
-0.0080167
-0.00568027
0.0147202
0.160316
-0.00528052
0.00611638
0.150124
-0.00587132
-0.00611643
0.146265
-0.00611637
-0.0147202
0.150124
-0.00587132
0.160316
-0.00528054
0.00452857
0.159877
-0.0020448
0.00225784
0.156772
-0.00218898
-0.00225789
0.155297
-0.00225785
-0.00452859
0.156772
-0.00218898
0.159877
-0.00204481
0.0014245
0.159914
-0.000730854
0.000782063
0.158944
-0.000764516
-0.000782092
0.158425
-0.000782069
-0.00142452
0.158944
-0.000764517
0.159914
-0.000730858
0.000454687
0.159961
-0.000251198
0.000263108
0.159653
-0.000258873
-0.000263123
0.159477
-0.00026311
-0.000454703
0.159653
-0.000258874
0.159961
-0.000251202
0.000146494
0.159984
-8.45583e-05
8.72738e-05
0.159885
-8.62839e-05
-8.72789e-05
0.159826
-8.72723e-05
-0.000146503
0.159885
-8.6283e-05
0.159984
-8.4557e-05
4.74744e-05
0.159993
-2.81327e-05
2.87478e-05
0.159961
-2.85171e-05
-2.87467e-05
0.159941
-2.87434e-05
-4.74776e-05
0.159961
-2.85167e-05
0.159993
-2.81327e-05
1.54412e-05
0.159996
-9.29746e-06
9.43765e-06
0.159986
-9.38195e-06
-9.43333e-06
0.159979
-9.43175e-06
-1.54407e-05
0.159986
-9.3803e-06
0.159996
-9.29418e-06
5.03083e-06
0.159997
-3.0578e-06
3.09388e-06
0.159994
-3.07608e-06
-3.08816e-06
0.159992
-3.08746e-06
-5.0288e-06
0.159994
-3.07553e-06
0.159997
-3.05711e-06
1.64047e-06
0.159998
-1.00316e-06
1.01356e-06
0.159996
-1.00657e-06
-1.00833e-06
0.159996
-1.00806e-06
-1.63797e-06
0.159996
-1.00516e-06
0.159997
-1.00004e-06
5.29954e-07
0.159998
-3.2566e-07
3.30544e-07
0.159997
-3.26188e-07
-3.27145e-07
0.159997
-3.27056e-07
-5.29593e-07
0.159997
-3.26179e-07
0.159998
-3.25737e-07
1.65558e-07
0.159998
-1.04193e-07
1.02968e-07
0.159998
-1.03902e-07
-1.03314e-07
0.159998
-1.03294e-07
-1.64798e-07
0.159998
-1.03167e-07
0.159998
-1.02386e-07
3.78221e-08
-2.31139e-08
2.34212e-08
-2.31306e-08
-2.31025e-08
-2.31018e-08
-3.49621e-08
-2.29964e-08
-2.2863e-08
0.0104277
0.0136226
-0.0334919
0.0101681
0.0118451
-0.0175205
0.00707643
0.0101986
-0.0108457
0.00251309
0.00912656
-0.00707659
-0.0025132
0.00876019
-0.00585116
-0.00707653
0.00912656
-0.00707658
-0.0101682
0.0101986
-0.0108457
-0.0104277
0.0118451
-0.0175205
0.0136226
-0.0334919
0.00865009
0.0254213
-0.0282295
0.00852163
0.0215441
-0.014479
0.00600441
0.0186271
-0.00904954
0.00214672
0.0168418
-0.00600458
-0.00214684
0.016242
-0.00501342
-0.00600452
0.0168418
-0.00600456
-0.00852171
0.0186271
-0.00904952
-0.00865013
0.0215441
-0.014479
0.0254213
-0.0282295
0.0047729
0.0283278
-0.0117836
0.00560462
0.0260616
-0.00837401
0.00421908
0.0237684
-0.0058787
0.00154695
0.0221859
-0.00421925
-0.00154707
0.0216291
-0.00364358
-0.00421919
0.0221859
-0.00421924
-0.0056047
0.0237684
-0.00587868
-0.00477294
0.0260616
-0.00837397
0.0283278
-0.0117836
0.00250665
0.0292261
-0.00544028
0.00331147
0.0280335
-0.00444035
0.00263657
0.026579
-0.00340656
0.000990125
0.0254787
-0.00263674
-0.000990247
0.0250758
-0.00235628
-0.00263668
0.0254787
-0.00263672
-0.00331155
0.026579
-0.00340654
-0.00250669
0.0280335
-0.00444031
0.0292261
-0.00544024
0.00131407
0.0295243
-0.00261584
0.00185696
0.0289004
-0.00228288
0.00153624
0.0280552
-0.00186745
0.00058726
0.0273765
-0.0015364
-0.000587384
0.027121
-0.00141195
-0.00153635
0.0273765
-0.00153639
-0.00185704
0.0280552
-0.00186743
-0.00131411
0.0289004
-0.00228285
0.0295243
-0.0026158
0.000690141
0.0296169
-0.00127914
0.00101174
0.0292892
-0.00115934
0.000857553
0.0288193
-0.000994447
0.000331782
0.0284279
-0.000857714
-0.000331907
0.0282778
-0.000805317
-0.000857663
0.0284279
-0.000857701
-0.00101182
0.0288193
-0.000994421
-0.000690182
0.0292892
-0.00115931
0.0296169
-0.00127911
0.000362413
0.0296384
-0.000630184
0.000541877
0.0294667
-0.00058558
0.000466126
0.0292129
-0.000521046
0.000181728
0.0289965
-0.000466283
-0.000181853
0.0289126
-0.000445055
-0.000466236
0.0289965
-0.00046627
-0.00054196
0.0292129
-0.00052102
-0.000362453
0.0294667
-0.000585546
0.0296384
-0.000630146
0.000190677
0.0296361
-0.000309892
0.000288018
0.029548
-0.000293937
0.000249819
0.0294153
-0.000270288
9.78191e-05
0.0293004
-0.000249971
-9.7943e-05
0.0292554
-0.000242046
-0.000249928
0.0293004
-0.000249957
-0.0002881
0.0294153
-0.000270263
-0.000190718
0.029548
-0.000293903
0.0296361
-0.000309854
0.000102606
0.0296227
-0.000146876
0.000155349
0.0295825
-0.000143733
0.000134927
0.0295201
-0.000139063
5.28375e-05
0.0294645
-0.000135073
-5.29602e-05
0.0294423
-0.000133527
-0.000135035
0.0294645
-0.000135059
-0.00015543
0.0295202
-0.000139038
-0.000102646
0.0295825
-0.000143699
0.0296227
-0.000146838
6.24526e-05
0.0295936
-5.39817e-05
9.2995e-05
0.0295893
-6.05911e-05
7.92633e-05
0.0295771
-7.05923e-05
3.06278e-05
0.0295617
-7.94028e-05
-3.07484e-05
0.0295543
-8.2927e-05
-7.93696e-05
0.0295617
-7.93897e-05
-9.3075e-05
0.0295771
-7.05677e-05
-6.24925e-05
0.0295893
-6.05581e-05
0.0295936
-5.3945e-05
5.80707e-05
0.0295249
2.27425e-05
8.08651e-05
0.029569
-7.70587e-08
6.37964e-05
0.0296167
-3.41251e-05
2.32977e-05
0.0296425
-6.39282e-05
-2.34155e-05
0.0296487
-7.58928e-05
-6.39002e-05
0.0296425
-6.39154e-05
-8.09429e-05
0.0296167
-3.41012e-05
-5.81087e-05
0.029569
-4.50788e-08
0.0295249
2.27784e-05
0.000102113
0.0293512
0.000140001
0.000128652
0.0295047
7.80933e-05
8.96042e-05
0.0296696
-1.17436e-05
2.94318e-05
0.0297628
-8.97275e-05
-2.95462e-05
0.029787
-0.000121441
-8.97049e-05
0.0297628
-8.97152e-05
-0.000128727
0.0296696
-1.17204e-05
-0.000102151
0.0295047
7.81242e-05
0.0293512
0.000140036
0.00025561
0.0289071
0.000406811
0.000293553
0.0293583
0.000240543
0.000182814
0.0297957
1.2074e-05
5.36097e-05
0.0300211
-0.000182928
-5.372e-05
0.030073
-0.000264186
-0.000182911
0.0300211
-0.000182916
-0.000293625
0.0297957
1.20961e-05
-0.000255645
0.0293583
0.000240572
0.0289071
0.000406844
0.0007068
0.0278078
0.00109565
0.000730952
0.0290966
0.000636008
0.00040824
0.0301543
6.42327e-05
0.000105444
0.0306267
-0.000408344
-0.00010555
0.0307135
-0.000614053
-0.000408332
0.0306267
-0.000408333
-0.000731021
0.0301543
6.42537e-05
-0.000706835
0.0290966
0.000636036
0.0278078
0.00109568
0.00199564
0.0254031
0.00291546
0.00178862
0.0289272
0.00159473
0.000880621
0.0311739
0.000204773
0.000192302
0.0320032
-0.000880714
-0.000192402
0.0321073
-0.00138959
-0.000880708
0.0320032
-0.000880703
-0.00178869
0.0311739
0.000204793
-0.00199567
0.0289272
0.00159476
0.0254031
0.00291549
0.00551968
0.0225494
0.00753622
0.00403537
0.0304454
0.0036784
0.00170994
0.0338512
0.000532658
0.000296412
0.0348302
-0.00171002
-0.000296506
0.0348873
-0.00289107
-0.00171002
0.0348302
-0.00171001
-0.00403543
0.0338512
0.000532677
-0.00551971
0.0304454
0.00367842
0.0225494
0.00753625
0.0134156
0.0395051
0.0170872
0.00744122
0.0395041
0.00691844
0.00268896
0.0395025
0.00102794
0.00035349
0.0395011
-0.00268903
-0.000353576
0.0395006
-0.00496963
-0.00268904
0.0395011
-0.00268902
-0.00744127
0.0395025
0.00102795
-0.0134156
0.0395041
0.00691846
0.0395051
0.0170872
0.0134146
0.056461
0.0170885
0.00743966
0.0485625
0.00691977
0.0026876
0.0451528
0.00102929
0.000352952
0.0441704
-0.00268765
-0.00035303
0.044112
-0.00496824
-0.00268766
0.0441704
-0.00268764
-0.00743971
0.0451528
0.00102931
-0.0134146
0.0485626
0.00691979
0.056461
0.0170886
0.00551614
0.0536081
0.00754073
0.00402995
0.0500799
0.00368299
0.00170517
0.0478266
0.000537361
0.000294539
0.0469916
-0.00170521
-0.000294609
0.0468853
-0.00288623
-0.00170523
0.0469917
-0.00170521
-0.00402999
0.0478267
0.000537375
-0.00551616
0.0500799
0.00368301
0.0536082
0.00754075
0.00198786
0.0512055
0.00292521
0.00177673
0.0499086
0.00160468
0.00087017
0.0488387
0.000215022
0.000188188
0.0483556
-0.000870197
-0.000188249
0.0482645
-0.00137897
-0.000870222
0.0483556
-0.000870191
-0.00177676
0.0488388
0.000215034
-0.00198788
0.0499087
0.00160469
0.0512055
0.00292523
0.000691036
0.0501103
0.00111495
0.000706823
0.0496434
0.000655826
0.000387044
0.049182
8.48337e-05
9.70959e-05
0.0489355
-0.000387057
-9.71465e-05
0.0488754
-0.000592498
-0.000387088
0.0489355
-0.000387051
-0.000706855
0.049182
8.48432e-05
-0.000691051
0.0496434
0.000655839
0.0501103
0.00111497
0.000224154
0.0496752
0.000444157
0.000245411
0.0494905
0.000279192
0.000140542
0.0492778
5.2718e-05
3.69535e-05
0.0491427
-0.000140537
-3.69934e-05
0.049102
-0.00022111
-0.000140576
0.0491427
-0.000140533
-0.000245436
0.0492778
5.27254e-05
-0.000224166
0.0494905
0.000279202
0.0496752
0.000444167
3.94276e-05
0.0495211
0.000211483
3.27238e-05
0.0494144
0.00015289
5.44278e-06
0.0492707
6.81268e-05
-3.71998e-06
0.049161
-5.42064e-06
3.69115e-06
0.049122
-3.5393e-05
-5.46743e-06
0.0491611
-5.41777e-06
-3.27409e-05
0.0492707
6.8132e-05
-3.94355e-05
0.0494144
0.000152897
0.0495211
0.00021149
-6.72826e-05
0.0494957
0.000158346
-0.000110948
0.0493735
0.000143943
-0.000104197
0.0491916
0.000122795
-4.27929e-05
0.0490383
0.000104237
4.27757e-05
0.0489796
9.66733e-05
0.000104182
0.0490383
0.000104239
0.000110938
0.0491916
0.000122799
6.72782e-05
0.0493735
0.000143947
0.0494958
0.00015835
-0.000189558
0.0495647
0.000200407
-0.000292843
0.049347
0.000215124
-0.000257491
0.0490123
0.000237931
-0.000101466
0.0487263
0.000257549
0.00010146
0.0486161
0.000265091
0.000257487
0.0487263
0.00025755
0.000292842
0.0490123
0.000237933
0.000189558
0.049347
0.000215126
0.0495647
0.000200409
-0.00040725
0.0497758
0.00032294
-0.00062749
0.0493361
0.000379863
-0.000543531
0.048643
0.000468039
-0.000211662
0.0480626
0.000543608
0.000211669
0.0478431
0.000572735
0.000543538
0.0480626
0.000543608
0.000627496
0.048643
0.000468039
0.000407254
0.0493362
0.000379862
0.0497759
0.000322939
-0.000846967
0.0502942
0.000538095
-0.00132062
0.0493879
0.000688247
-0.00112392
0.0478772
0.000924824
-0.000431194
0.0466772
0.00112401
0.000431215
0.0462412
0.00119965
0.00112394
0.0466772
0.00112401
0.00132064
0.0478772
0.000924822
0.000846975
0.049388
0.000688245
0.0502942
0.000538093
-0.00175323
0.0515246
0.000848023
-0.00283136
0.0497085
0.00121966
-0.00232388
0.0462253
0.00182885
-0.000867203
0.043764
0.00232399
0.000867241
0.0429354
0.00250697
0.00232391
0.043764
0.00232399
0.00283138
0.0462253
0.00182884
0.00175324
0.0497086
0.00121966
0.0515247
0.000848017
-0.0035693
0.0543645
0.00116062
-0.00631461
0.0511579
0.0020349
-0.00478519
0.0423743
0.00359799
-0.00169577
0.0375853
0.00478532
0.00169583
0.0361856
0.00520496
0.00478523
0.0375853
0.00478531
0.00631464
0.0423743
0.00359798
0.00356932
0.0511579
0.00203489
0.0543645
0.00116061
-0.00677592
0.06043
0.00107253
-0.0150983
0.0575291
0.00291863
-0.00957417
0.0321559
0.00691095
-0.00309544
0.024628
0.00957432
0.00309552
0.0229353
0.0104534
0.00957423
0.024628
0.00957431
0.0150983
0.0321559
0.00691094
0.00677592
0.0575292
0.00291862
0.06043
0.00107251
-0.0096768
0.0703578
-0.00054996
-0.0404715
0.0865782
0.00228127
-0.0171021
0.0120521
-0.00478809
0.0171023
0.00478817
0.0186251
0.0171022
0.0171023
0.0404715
0.0120521
0.0096768
0.0865781
0.00228124
0.0703578
-0.000549987
0.00654358
0.0672931
-0.0056213
0.0971658
-0.00651099
-0.00654359
0.0971657
-0.00651103
0.067293
-0.00562133
0.0364163
0.0387101
-0.0123012
0.095395
0.0512404
-0.019738
0.0501498
0.0725722
-0.0394316
0.0153324
0.0696345
-0.0501496
-0.0153324
0.0676861
-0.0533774
-0.0501497
0.0696345
-0.0501496
-0.0953949
0.0725722
-0.0394316
-0.0364163
0.0512403
-0.019738
0.03871
-0.0123013
0.0489466
-0.0159166
0.116727
-0.0245565
0.047212
0.170373
-0.0394644
0.0133841
0.13729
-0.0472119
-0.0133841
0.129778
-0.0494174
-0.047212
0.13729
-0.0472119
-0.116727
0.170373
-0.0394644
-0.0489465
-0.0245566
-0.0159166
0.0141294
0.163551
-0.0125886
0.00587133
0.153806
-0.0141294
-0.00587139
0.150124
-0.0147202
-0.0141295
0.153806
-0.0141294
0.163551
-0.0125886
0.00438439
0.16119
-0.00406848
0.00218897
0.158197
-0.00438439
-0.00218902
0.156772
-0.00452857
-0.00438442
0.158197
-0.00438439
0.16119
-0.00406849
0.00139084
0.160393
-0.00132463
0.00076451
0.159449
-0.00139085
-0.00076454
0.158944
-0.00142451
-0.00139087
0.159449
-0.00139085
0.160393
-0.00132463
0.000447012
0.160128
-0.000432917
0.000258871
0.159826
-0.00044702
-0.000258887
0.159653
-0.000454695
-0.00044703
0.159826
-0.000447023
0.160128
-0.000432923
0.000144769
0.16004
-0.000141738
8.62854e-05
0.159943
-0.000144772
-8.62896e-05
0.159885
-0.000146499
-0.000144777
0.159943
-0.000144773
0.16004
-0.000141739
4.70899e-05
0.160012
-4.64327e-05
2.85216e-05
0.15998
-4.70904e-05
-2.852e-05
0.159961
-4.74755e-05
-4.70936e-05
0.15998
-4.70915e-05
0.160012
-4.64339e-05
1.53568e-05
0.160002
-1.52132e-05
9.38784e-06
0.159992
-1.53545e-05
-9.38188e-06
0.159986
-1.54396e-05
-1.53545e-05
0.159992
-1.53535e-05
0.160002
-1.52106e-05
5.01255e-06
0.159999
-4.97926e-06
3.0825e-06
0.159996
-5.00967e-06
-3.07622e-06
0.159994
-5.02829e-06
-5.01038e-06
0.159996
-5.0099e-06
0.159999
-4.97785e-06
1.63706e-06
0.159998
-1.62904e-06
1.01208e-06
0.159997
-1.6339e-06
-1.00544e-06
0.159996
-1.63774e-06
-1.63285e-06
0.159997
-1.63264e-06
0.159998
-1.62554e-06
5.29426e-07
0.159998
-5.27533e-07
3.29676e-07
0.159998
-5.28566e-07
-3.26269e-07
0.159997
-5.29495e-07
-5.29151e-07
0.159998
-5.29068e-07
0.159998
-5.26543e-07
1.65849e-07
0.159998
-1.67174e-07
1.03576e-07
0.159998
-1.65254e-07
-1.03187e-07
0.159998
-1.6476e-07
-1.64017e-07
0.159998
-1.63988e-07
0.159998
-1.63578e-07
3.78054e-08
-3.61932e-08
2.34499e-08
-3.53843e-08
-2.29971e-08
-3.49512e-08
-3.48287e-08
-3.48216e-08
-3.30013e-08
0.026399
0.018885
-0.028776
0.016843
0.0148866
-0.0228511
0.0108455
0.0119947
-0.0168431
0.00373851
0.0101986
-0.0101682
-0.00373862
0.00959794
-0.00797205
-0.0108456
0.0101986
-0.0101682
-0.016843
0.0119947
-0.0168431
-0.0263991
0.0148866
-0.0228511
0.018885
-0.028776
0.0224006
0.0418672
-0.0236125
0.0139511
0.0276491
-0.0187921
0.00904938
0.021798
-0.0139512
0.00313788
0.0186271
-0.00852175
-0.00313798
0.0176119
-0.00675159
-0.00904947
0.0186271
-0.00852174
-0.0139511
0.021798
-0.0139512
-0.0224007
0.0276491
-0.0187921
0.0418672
-0.0236124
0.0081825
0.0346712
-0.0127701
0.00809992
0.0299952
-0.0106377
0.00587854
0.0262406
-0.00810004
0.00212262
0.0237684
-0.00560474
-0.00212273
0.0229164
-0.00470285
-0.00587863
0.0237684
-0.00560473
-0.00809999
0.0262406
-0.00810002
-0.00818253
0.0299952
-0.0106377
0.0346712
-0.0127701
0.00350658
0.0320505
-0.00632632
0.00434525
0.030191
-0.00547486
0.0034064
0.0281181
-0.00434537
0.00127058
0.026579
-0.00331158
-0.00127069
0.0260201
-0.00291887
-0.0034065
0.026579
-0.00331157
-0.00434532
0.0281181
-0.00434535
-0.00350662
0.030191
-0.00547483
0.0320505
-0.00632629
0.00164702
0.030861
-0.00307342
0.00227239
0.0300239
-0.00274133
0.00186729
0.0289282
-0.00227251
0.000711711
0.0280552
-0.00185708
-0.000711821
0.0277276
-0.001696
-0.00186739
0.0280552
-0.00185707
-0.00227247
0.0289282
-0.00227249
-0.00164706
0.0300239
-0.00274131
0.030861
-0.0030734
0.000809946
0.0302659
-0.00149404
0.00117663
0.0298629
-0.00136515
0.000994286
0.0292927
-0.00117675
0.000384179
0.0288193
-0.00101186
-0.00038429
0.0286381
-0.000947402
-0.000994384
0.0288193
-0.00101185
-0.00117671
0.0292927
-0.00117673
-0.000809983
0.0298629
-0.00136512
0.0302659
-0.00149402
0.000407017
0.0299587
-0.000730168
0.000606411
0.0297584
-0.00068051
0.000520889
0.0294636
-0.000606525
0.000202956
0.0292129
-0.00054199
-0.000203067
0.0291156
-0.000516677
-0.000520987
0.0292129
-0.00054198
-0.000606485
0.0294636
-0.000606506
-0.000407053
0.0297584
-0.000680486
0.0299587
-0.000730142
0.000206632
0.0297991
-0.000356936
0.000311667
0.0296982
-0.000338906
0.000270136
0.0295465
-0.000311777
0.000105744
0.0294153
-0.000288128
-0.000105855
0.029364
-0.00027884
-0.000270233
0.0294153
-0.000288118
-0.000311741
0.0295465
-0.000311759
-0.000206669
0.0296982
-0.000338882
0.0297991
-0.000356911
0.00010575
0.0297155
-0.000169181
0.000160019
0.0296656
-0.000165555
0.000138916
0.0295886
-0.000160125
5.43829e-05
0.0295202
-0.000155454
-5.44922e-05
0.0294929
-0.000153644
-0.000139013
0.0295202
-0.000155445
-0.000160092
0.0295886
-0.000160107
-0.000105785
0.0296656
-0.000165531
0.0297156
-0.000169155
5.58432e-05
0.0296704
-6.47e-05
8.29938e-05
0.0296498
-7.19471e-05
7.04528e-05
0.0296136
-8.30953e-05
2.71036e-05
0.0295771
-9.30961e-05
-2.72111e-05
0.0295614
-9.71585e-05
-7.05476e-05
0.0295771
-9.30865e-05
-8.30654e-05
0.0296136
-8.30774e-05
-5.58794e-05
0.0296498
-7.19239e-05
0.0296704
-6.46755e-05
3.52511e-05
0.0296422
1.56097e-05
4.68171e-05
0.0296471
-9.09031e-06
3.39933e-05
0.0296391
-4.6913e-05
1.13331e-05
0.0296167
-8.09606e-05
-1.14382e-05
0.0296031
-9.49652e-05
-3.4086e-05
0.0296167
-8.09512e-05
-4.68868e-05
0.0296391
-4.68955e-05
-3.52852e-05
0.0296471
-9.0672e-06
0.0296422
1.56343e-05
4.02051e-05
0.029618
0.000123898
3.88148e-05
0.0296671
5.93915e-05
1.16203e-05
0.0296934
-3.89047e-05
-2.28126e-06
0.0296696
-0.000128741
2.17918e-06
0.0296442
-0.000167058
-1.17102e-05
0.0296696
-0.000128732
-3.88823e-05
0.0296934
-3.88878e-05
-4.02394e-05
0.0296672
5.94134e-05
0.029618
0.000123921
8.93413e-05
0.0295959
0.000339471
6.50843e-05
0.0297538
0.0001781
-1.2188e-05
0.0298479
-6.51675e-05
-2.76484e-05
0.0297957
-0.000293636
2.75499e-05
0.0297231
-0.000398298
1.21013e-05
0.0297957
-0.000293627
-6.51492e-05
0.0298479
-6.51513e-05
-8.93731e-05
0.0297538
0.000178122
0.029596
0.000339494
0.000247163
0.0296276
0.000816801
0.000159177
0.0300553
0.000422382
-6.43367e-05
0.0302948
-0.000159253
-0.000100265
0.0301543
-0.000731028
0.000100171
0.029938
-0.00102941
6.42539e-05
0.0301543
-0.00073102
-0.000159239
0.0302948
-0.000159237
-0.000247194
0.0300553
0.000422402
0.0296276
0.000816822
0.000674907
0.0300239
0.00184422
0.000398662
0.0310108
0.000915418
-0.000204867
0.0315018
-0.00039873
-0.000316574
0.0311739
-0.00178869
0.000316485
0.0306059
-0.00269057
0.000204788
0.0311739
-0.00178868
-0.00039872
0.0315018
-0.000398716
-0.000674936
0.0310108
0.000915437
0.0300239
0.00184424
0.00166187
0.0321004
0.00379777
0.000889626
0.0336854
0.00177604
-0.00053274
0.0343465
-0.000889687
-0.000884644
0.0338512
-0.00403543
0.00088456
0.0328088
-0.00686319
0.000532667
0.0338512
-0.00403542
-0.000889681
0.0343465
-0.000889673
-0.00166189
0.0336854
0.00177606
0.0321005
0.00379779
0.00324683
0.0395064
0.0064344
0.00155071
0.0395054
0.00279453
-0.00102801
0.0395039
-0.00155076
-0.00192711
0.0395025
-0.00744127
0.00192703
0.039502
-0.015517
0.00102794
0.0395025
-0.00744126
-0.00155076
0.0395039
-0.00155075
-0.00324686
0.0395054
0.00279454
0.0395064
0.00643441
0.00324583
0.0469132
0.00643588
0.00154918
0.0453258
0.00279603
-0.00102935
0.0446609
-0.00154922
-0.00192764
0.0451528
-0.0074397
0.00192756
0.046194
-0.0155155
0.00102929
0.0451529
-0.00743969
-0.00154923
0.0446609
-0.00154921
-0.00324586
0.0453258
0.00279605
0.0469132
0.0064359
0.0016584
0.0489926
0.00380289
0.000884317
0.0480016
0.00178125
-0.000537404
0.0475043
-0.00088435
-0.000886479
0.0478267
-0.00402998
0.000886416
0.0483926
-0.0068577
0.000537349
0.0478267
-0.00402997
-0.000884358
0.0475043
-0.000884339
-0.00165842
0.0480016
0.00178126
0.0489926
0.00380291
0.000667332
0.0493952
0.00185529
0.00038707
0.0489598
0.000926709
-0.00021505
0.0487085
-0.000387092
-0.000320583
0.0488388
-0.00177675
0.000320529
0.049051
-0.0026785
0.000215003
0.0488388
-0.00177674
-0.000387105
0.0487086
-0.000387083
-0.00066735
0.0489598
0.000926721
0.0493952
0.0018553
0.000231911
0.0494395
0.000838735
0.00013583
0.0492668
0.0004449
-8.48458e-05
0.0491499
-0.000135841
-0.000108345
0.049182
-0.000706833
0.0001083
0.0492467
-0.0010049
8.48063e-05
0.049182
-0.000706829
-0.000135859
0.0491499
-0.000135833
-0.000231924
0.0492668
0.00044491
0.0494395
0.000838747
5.91896e-05
0.0494425
0.000381939
1.89373e-05
0.0493642
0.000222056
-5.27134e-05
0.0492932
-1.89354e-05
-4.36191e-05
0.0492778
-0.00024541
4.35831e-05
0.0492877
-0.000349288
5.26823e-05
0.0492778
-0.000245406
-1.89594e-05
0.0492932
-1.89294e-05
-5.92012e-05
0.0493642
0.000222064
0.0494426
0.000381947
-1.91648e-05
0.0494679
0.000205262
-5.20396e-05
0.0494054
0.000144547
-6.81046e-05
0.0493254
5.2054e-05
-3.36924e-05
0.0492707
-3.27095e-05
3.36664e-05
0.049254
-6.90354e-05
6.80824e-05
0.0492707
-3.2707e-05
5.20241e-05
0.0493254
5.20585e-05
1.91578e-05
0.0494054
0.000144553
0.049468
0.000205269
-8.16854e-05
0.0495378
0.000170171
-0.000132095
0.0494447
0.000155136
-0.000122755
0.0493067
0.000132123
-5.03565e-05
0.0491916
0.000110975
5.03411e-05
0.049148
0.000102018
0.000122742
0.0491916
0.000110977
0.000132087
0.0493067
0.000132126
8.1681e-05
0.0494447
0.000155139
0.0495378
0.000170175
-0.00017484
0.0496872
0.000225882
-0.000270036
0.0495117
0.000243291
-0.000237873
0.0492424
0.000270077
-9.3924e-05
0.0490123
0.000292884
9.39196e-05
0.0489237
0.000301576
0.000237869
0.0490123
0.000292885
0.000270035
0.0492424
0.000270079
0.000174841
0.0495117
0.000243294
0.0496872
0.000225885
-0.000350328
0.049991
0.000369486
-0.000539314
0.0496445
0.000436076
-0.000467962
0.0490998
0.000539368
-0.000182535
0.048643
0.000627544
0.000182543
0.04847
0.000661432
0.000467969
0.048643
0.000627544
0.00053932
0.0490998
0.000539369
0.000350331
0.0496445
0.000436077
0.049991
0.000369486
-0.000696815
0.0506041
0.000621814
-0.00108404
0.0499193
0.000800681
-0.000924729
0.0487812
0.00108411
-0.000355556
0.0478772
0.00132069
0.000355577
0.0475485
0.00141001
0.000924747
0.0478772
0.00132069
0.00108406
0.0487812
0.00108411
0.000696822
0.0499194
0.000800681
0.0506041
0.000621814
-0.0013816
0.0518372
0.000996567
-0.00222217
0.0505238
0.00145585
-0.00182873
0.0479944
0.00222225
-0.000684222
0.0462253
0.00283143
0.000684257
0.0456334
0.00305369
0.00182877
0.0462253
0.00283143
0.00222219
0.0479945
0.00222225
0.0013816
0.0505238
0.00145585
0.0518372
0.000996564
-0.00269503
0.0542764
0.00141646
-0.00475151
0.0520416
0.00257358
-0.00359786
0.0456872
0.0047516
-0.00127613
0.0423743
0.00631469
0.00127618
0.041434
0.0068521
0.0035979
0.0423743
0.00631469
0.00475154
0.0456872
0.0047516
0.00269504
0.0520417
0.00257357
0.0542765
0.00141645
-0.00492982
0.0588075
0.00147131
-0.0111059
0.0568918
0.00424472
-0.0069108
0.0372971
0.011106
-0.0022164
0.0321559
0.0150984
0.00221647
0.0311071
0.0163475
0.00691086
0.0321559
0.0150983
0.011106
0.0372971
0.011106
0.00492982
0.0568918
0.00424471
0.0588075
0.00147129
-0.00684558
0.0652864
-0.000183194
-0.0307006
0.0777859
0.0052423
-0.012052
0.0307007
-0.00326528
0.0404716
0.00326535
0.0432016
0.012052
0.0404716
0.0307006
0.0307007
0.00684557
0.0777859
0.00524228
0.0652864
-0.000183214
0.00565388
0.0606132
-0.00660175
0.0839388
-0.00700982
-0.00565389
0.0839387
-0.00700986
0.0606131
-0.00660178
0.0289795
0.0350947
-0.0157621
0.0757014
0.0464218
-0.0289428
0.0394317
0.0725395
-0.0757013
0.0121046
0.0725722
-0.0953949
-0.0121046
0.0716462
-0.100814
-0.0394317
0.0725722
-0.0953948
-0.0757014
0.0725394
-0.0757013
-0.0289795
0.0464218
-0.0289428
0.0350947
-0.0157621
0.0403067
-0.0211285
0.101819
-0.039647
0.0394644
0.197249
-0.101819
0.0111786
0.170373
-0.116727
-0.0111787
0.164475
-0.119889
-0.0394645
0.170373
-0.116727
-0.101819
0.197249
-0.101819
-0.0403066
-0.039647
-0.0211285
0.0125886
0.172071
0.00528055
0.163551
-0.0052806
0.160316
-0.0125886
0.163551
0.172071
0.00406848
0.163934
0.0020448
0.16119
-0.00204485
0.159877
-0.00406851
0.16119
0.163934
0.00132462
0.161285
0.000730848
0.160393
-0.000730881
0.159914
-0.00132464
0.160393
0.161285
0.000432909
0.160419
0.000251195
0.160128
-0.000251214
0.159961
-0.00043293
0.160128
0.160419
0.000141735
0.160136
8.45589e-05
0.16004
-8.45635e-05
0.159984
-0.000141743
0.16004
0.160136
4.64322e-05
0.160043
2.81365e-05
0.160012
-2.8136e-05
0.159993
-4.64359e-05
0.160012
0.160043
1.52155e-05
0.160012
9.30271e-06
0.160002
-9.29579e-06
0.159996
-1.52117e-05
0.160002
0.160012
4.98213e-06
0.160003
3.06389e-06
0.159999
-3.05784e-06
0.159997
-4.97833e-06
0.159999
0.160003
1.63221e-06
0.159999
1.00824e-06
0.159998
-1.00034e-06
0.159997
-1.62575e-06
0.159998
0.159999
5.28393e-07
0.159998
3.28747e-07
0.159998
-3.25842e-07
0.159998
-5.26626e-07
0.159998
0.159998
1.67769e-07
0.159998
1.0407e-07
0.159998
-1.02416e-07
0.159998
-1.63607e-07
0.159998
0.159998
3.86143e-08
2.3883e-08
-2.28674e-08
-3.30085e-08
0.0323239
0.0240486
-0.0351486
0.022851
0.0189457
-0.032324
0.0175204
0.0148866
-0.0263991
0.00593469
0.0118451
-0.0104277
-0.00593479
0.0108184
-0.00692105
-0.0175204
0.0118451
-0.0104277
-0.0228511
0.0148866
-0.0263991
-0.032324
0.0189457
-0.032324
0.0240486
-0.0351486
0.027221
0.0527096
-0.0294945
0.018792
0.0358035
-0.0272211
0.0144788
0.0276491
-0.0224007
0.00490803
0.0215441
-0.00865015
-0.00490813
0.0196606
-0.00577775
-0.0144789
0.0215441
-0.00865014
-0.018792
0.0276491
-0.0224007
-0.027221
0.0358035
-0.027221
0.0527096
-0.0294945
0.0103149
0.041115
-0.0114905
0.0106376
0.0351581
-0.010315
0.00837384
0.0299952
-0.00818256
0.00302451
0.0260616
-0.00477296
-0.00302461
0.0247004
-0.00369358
-0.00837393
0.0260616
-0.00477295
-0.0106376
0.0299952
-0.00818255
-0.010315
0.0351581
-0.010315
0.041115
-0.0114905
0.00435804
0.0353034
-0.0048729
0.00547474
0.0329245
-0.0043581
0.00444018
0.030191
-0.00350664
0.00166329
0.0280335
-0.00250671
-0.00166339
0.027243
-0.00213492
-0.00444027
0.0280335
-0.0025067
-0.00547481
0.030191
-0.00350663
-0.00435807
0.0329245
-0.00435809
0.0353034
-0.0048729
0.00197911
0.0324404
-0.00218957
0.00274121
0.0314001
-0.00197917
0.00228272
0.0300239
-0.00164708
0.000872787
0.0289004
-0.00131412
-0.000872888
0.0284762
-0.00118365
-0.00228281
0.0289004
-0.00131412
-0.00274128
0.0300239
-0.00164707
-0.00197914
0.0314001
-0.00197916
0.0324404
-0.00218956
0.000938843
0.0310297
-0.00102234
0.00136503
0.0305476
-0.000938903
0.00115918
0.0298629
-0.000810005
0.000448633
0.0292892
-0.000690198
-0.000448734
0.0290688
-0.00064271
-0.00115927
0.0292892
-0.000690192
-0.0013651
0.0298629
-0.000809994
-0.000938879
0.0305476
-0.000938891
0.0310297
-0.00102233
0.000456674
0.030332
-0.000489157
0.000680397
0.0301
-0.000456732
0.000585424
0.0297584
-0.000407074
0.000228269
0.0294667
-0.000362468
-0.00022837
0.0293535
-0.000344794
-0.000585513
0.0294667
-0.000362462
-0.000680465
0.0297584
-0.000407063
-0.000456709
0.0301
-0.000456719
0.030332
-0.000489148
0.000224662
0.0299868
-0.000236531
0.000338796
0.0298715
-0.000224719
0.000293785
0.0296982
-0.000206688
0.000115032
0.029548
-0.000190732
-0.000115133
0.0294892
-0.000184425
-0.000293874
0.029548
-0.000190726
-0.000338864
0.0296982
-0.000206678
-0.000224698
0.0298715
-0.000224707
0.0299868
-0.000236523
0.000109376
0.02982
-0.000111832
0.000165448
0.0297592
-0.000109431
0.000143587
0.0296656
-0.000105804
5.61932e-05
0.0295825
-0.000102659
-5.62927e-05
0.0295494
-0.000101438
-0.000143675
0.0295825
-0.000102653
-0.000165515
0.0296657
-0.000105793
-0.00010941
0.0297593
-0.000109417
0.02982
-0.000111822
4.85962e-05
0.0297507
-4.39977e-05
7.18455e-05
0.0297126
-4.8649e-05
6.0452e-05
0.0296498
-5.58952e-05
2.30412e-05
0.0295893
-6.25033e-05
-2.31391e-05
0.0295636
-6.52311e-05
-6.05386e-05
0.0295893
-6.24976e-05
-7.19119e-05
0.0296498
-5.58851e-05
-4.8631e-05
0.0297126
-4.86368e-05
0.0297507
-4.39887e-05
1.05512e-05
0.0297505
5.20286e-06
8.99442e-06
0.0297156
-1.06009e-05
-5.42866e-08
0.0296471
-3.53e-05
-2.67157e-06
0.029569
-5.81182e-05
2.57585e-06
0.029531
-6.77691e-05
-3.03121e-08
0.029569
-5.81124e-05
-9.05843e-06
0.0296471
-3.52894e-05
-1.05837e-05
0.0297156
-1.05878e-05
0.0297505
5.21292e-06
-2.43015e-05
0.0298336
6.50193e-05
-5.94815e-05
0.0297859
2.42542e-05
-7.82162e-05
0.0296672
-4.02516e-05
-4.05983e-05
0.0295047
-0.000102159
4.05053e-05
0.029413
-0.000130172
7.81341e-05
0.0295047
-0.000102153
5.94189e-05
0.0296672
-4.0242e-05
2.42685e-05
0.0297859
2.4266e-05
0.0298336
6.50285e-05
-7.20296e-05
0.0300733
0.000171749
-0.000178183
0.0299981
7.1986e-05
-0.000240656
0.0297538
-8.93842e-05
-0.000132311
0.0293583
-0.000255651
0.000132221
0.029092
-0.000341874
0.000240577
0.0293583
-0.000255646
0.000178124
0.0297538
-8.9374e-05
7.19994e-05
0.0299981
7.19986e-05
0.0300733
0.00017176
-0.000147257
0.030655
0.000382285
-0.000422458
0.0305484
0.000147216
-0.000636112
0.0300553
-0.000247203
-0.000398643
0.0290966
-0.000706839
0.000398557
0.0282768
-0.00101147
0.000636036
0.0290966
-0.000706834
0.0004224
0.0300553
-0.000247194
0.000147226
0.0305484
0.000147227
0.030655
0.000382294
-0.000253898
0.0319774
0.000775665
-0.000915486
0.0318715
0.000253862
-0.00159483
0.0310108
-0.000674943
-0.00121845
0.0289272
-0.00199567
0.00121837
0.0264332
-0.00328384
0.00159475
0.0289272
-0.00199567
0.000915433
0.0310109
-0.000674933
0.000253871
0.0318715
0.000253873
0.0319774
0.000775675
-0.000359862
0.0347371
0.00139797
-0.0017761
0.0347039
0.000359829
-0.00367848
0.0336854
-0.0016619
-0.00371241
0.0304454
-0.00551972
0.00371233
0.0241549
-0.0120096
0.00367841
0.0304454
-0.00551971
0.00177605
0.0336854
-0.00166189
0.000359835
0.0347039
0.000359839
0.0347371
0.00139798
-0.000393038
0.0395079
0.00205658
-0.00279458
0.0395069
0.00039301
-0.00691851
0.0395054
-0.00324686
-0.0100029
0.0395041
-0.0134156
0.0100028
0.0395036
-0.0508714
0.00691845
0.0395041
-0.0134156
0.00279453
0.0395054
-0.00324685
0.000393015
0.0395069
0.000393021
0.0395079
0.00205659
-0.000394017
0.0442802
0.00205755
-0.00279607
0.044311
0.000393994
-0.00691982
0.0453258
-0.00324585
-0.0100034
0.0485626
-0.0134146
0.0100033
0.0548518
-0.0508704
0.00691977
0.0485626
-0.0134146
0.00279603
0.0453258
-0.00324585
0.000393995
0.044311
0.000394002
0.0442802
0.00205756
-0.000363245
0.047045
0.00140131
-0.00178128
0.047147
0.000363227
-0.00368303
0.0480016
-0.00165841
-0.0037142
0.0500799
-0.00551616
0.00371414
0.0525718
-0.0120061
0.00368298
0.0500799
-0.00551615
0.00178125
0.0480016
-0.00165841
0.000363227
0.047147
0.000363236
0.047045
0.00140132
-0.000261245
0.0483787
0.000782887
-0.000926731
0.048478
0.000261232
-0.00160471
0.0489598
-0.000667345
-0.00122234
0.0499087
-0.00198788
0.00122229
0.0507246
-0.00327596
0.00160466
0.0499087
-0.00198787
0.000926699
0.0489598
-0.000667339
0.000261228
0.048478
0.000261239
0.0483787
0.000782894
-0.000161925
0.0489827
0.000396603
-0.00044491
0.0490439
0.000161918
-0.000655838
0.0492668
-0.000231917
-0.000406415
0.0496434
-0.000691042
0.000406374
0.0499024
-0.000995469
0.000655802
0.0496435
-0.000691039
0.000444885
0.0492668
-0.000231912
0.000161912
0.049044
0.000161925
0.0489827
0.000396611
-0.000100693
0.0492659
0.000199482
-0.000222054
0.0492867
0.000100692
-0.000279187
0.0493642
-5.91901e-05
-0.000147498
0.0494905
-0.000224155
0.000147465
0.049568
-0.000309866
0.000279159
0.0494905
-0.000224152
0.000222034
0.0493642
-5.91865e-05
0.000100682
0.0492867
0.000100697
0.0492659
0.000199488
-7.98795e-05
0.0494328
0.000118171
-0.000144533
0.049416
7.98859e-05
-0.000152868
0.0494054
1.91712e-05
-7.00183e-05
0.0494144
-3.94213e-05
6.99947e-05
0.0494251
-6.61335e-05
0.000152848
0.0494144
-3.94195e-05
0.000144519
0.0494054
1.91748e-05
7.98735e-05
0.049416
7.98909e-05
0.0494329
0.000118177
-9.67209e-05
0.0495935
0.000106227
-0.000155108
0.0495328
9.67339e-05
-0.000143903
0.0494447
8.16983e-05
-5.93138e-05
0.0493735
6.72951e-05
5.93001e-05
0.0493476
6.0937e-05
0.000143892
0.0493735
6.72963e-05
0.0001551
0.0494447
8.17003e-05
9.67169e-05
0.0495328
9.67367e-05
0.0495936
0.000106231
-0.000157431
0.0498308
0.000146054
-0.000243251
0.0497045
0.000157451
-0.000215066
0.0495117
0.00017486
-8.52319e-05
0.049347
0.000189577
8.52285e-05
0.0492836
0.000195141
0.000215063
0.049347
0.000189578
0.00024325
0.0495117
0.000174862
0.000157432
0.0497045
0.000157454
0.0498308
0.000146058
-0.000283737
0.0502433
0.00024071
-0.000436023
0.0500091
0.000283763
-0.000379786
0.0496445
0.000350354
-0.000148647
0.0493362
0.000407276
0.000148655
0.0492186
0.000429172
0.000379793
0.0493362
0.000407276
0.000436029
0.0496445
0.000350355
0.00028374
0.0500091
0.000283765
0.0502434
0.000240712
-0.000517948
0.0509789
0.000404236
-0.000800615
0.0505745
0.000517981
-0.000688153
0.0499193
0.000696848
-0.000266233
0.0493879
0.000846998
0.000266253
0.0491922
0.000903899
0.000688171
0.049388
0.000846999
0.000800628
0.0499194
0.000696848
0.000517955
0.0505745
0.000517982
0.0509789
0.000404238
-0.000922313
0.0522571
0.000640677
-0.00145577
0.0516415
0.00092235
-0.00121955
0.0505238
0.00138163
-0.000461961
0.0497086
0.00175327
0.000461995
0.0494318
0.0018902
0.00121958
0.0497086
0.00175327
0.00145579
0.0505238
0.00138163
0.00092232
0.0516415
0.000922348
0.0522571
0.000640676
-0.00153791
0.0543313
0.000880222
-0.00257349
0.0537128
0.00153795
-0.00203477
0.0520417
0.00269507
-0.000738724
0.0511579
0.00356934
0.000738772
0.0509294
0.00387705
0.00203481
0.0511579
0.00356934
0.00257352
0.0520417
0.00269506
0.00153792
0.0537128
0.00153794
0.0543313
0.000880218
-0.00215641
0.057153
0.000806024
-0.00424462
0.0578894
0.00215645
-0.00291849
0.0568918
0.00492985
-0.000967247
0.0575292
0.00677595
0.000967304
0.0579611
0.00738131
0.00291854
0.0575292
0.00677594
0.00424465
0.0568918
0.00492984
0.00215641
0.0578894
0.00215644
0.057153
0.000806014
-0.00142008
0.0588679
-0.000477875
-0.00524218
0.0655338
0.00142012
-0.00228112
0.0777859
0.00684561
-0.00053529
0.0865782
0.00967683
0.000535345
0.0895807
0.0105114
0.00228116
0.0865782
0.00967682
0.00524222
0.0777859
0.0068456
0.00142008
0.0655337
0.00142011
0.0588679
-0.000477884
0.00524582
0.0514528
-0.00443233
0.00700996
0.0620058
-0.00524577
0.00651114
0.0839387
-0.00565387
0.00246727
0.0971657
-0.00654357
-0.00246723
0.101383
-0.00686813
-0.00651111
0.0971657
-0.00654357
-0.00700993
0.0839387
-0.00565387
-0.00524581
0.0620057
-0.00524578
0.0514527
-0.00443233
0.0157988
0.0297283
-0.00983628
0.0289429
0.0357177
-0.0157987
0.0197381
0.0464218
-0.0289795
0.006685
0.0512403
-0.0364162
-0.00668501
0.0525721
-0.038633
-0.0197381
0.0512403
-0.0364162
-0.0289429
0.0464218
-0.0289795
-0.0157988
0.0357176
-0.0157987
0.0297283
-0.00983626
0.0217882
-0.0131882
0.0396471
-0.0217881
0.0245566
-0.0403066
0.00801676
-0.0489465
-0.00801679
-0.0512829
-0.0245566
-0.0489465
-0.039647
-0.0403066
-0.0217881
-0.0217881
-0.0131882
0.0351486
0.0297027
0.0287759
0.0240486
0.0334917
0.018885
0.00944136
0.0136226
-0.00944144
0.0119617
-0.0334918
0.0136226
-0.028776
0.018885
-0.0351486
0.0240486
0.0297027
0.0294945
0.0707136
0.0236123
0.0527096
0.0282294
0.0418672
0.00778042
0.0254213
-0.00778051
0.0217448
-0.0282294
0.0254213
-0.0236124
0.0418672
-0.0294945
0.0527096
0.0707136
0.0114905
0.0477326
0.01277
0.041115
0.0117834
0.0346712
0.00410389
0.0283278
-0.00410399
0.026259
-0.0117835
0.0283278
-0.0127701
0.0346712
-0.0114905
0.041115
0.0477326
0.00487284
0.0379868
0.0063262
0.0353034
0.00544011
0.0320505
0.00203508
0.0292261
-0.00203517
0.0281943
-0.0054402
0.0292261
-0.00632626
0.0320505
-0.00487288
0.0353034
0.0379868
0.00218951
0.0336076
0.0030733
0.0324404
0.00261568
0.030861
0.00100326
0.0295243
-0.00100336
0.0290172
-0.00261576
0.0295243
-0.00307337
0.030861
-0.00218955
0.0324404
0.0336076
0.00102228
0.0315629
0.00149393
0.0310297
0.00127899
0.0302659
0.000496121
0.0296169
-0.000496216
0.0293667
-0.00127907
0.0296169
-0.001494
0.0302659
-0.00102232
0.0310297
0.0315629
0.000489099
0.0305846
0.000730055
0.030332
0.000630029
0.0299587
0.000245943
0.0296385
-0.000246038
0.0295139
-0.000630114
0.0296385
-0.000730121
0.0299587
-0.000489138
0.030332
0.0305846
0.000236474
0.0301115
0.000356827
0.0299868
0.000309741
0.0297991
0.000121339
0.0296361
-0.000121433
0.0295721
-0.000309826
0.0296361
-0.000356893
0.0297991
-0.000236514
0.0299868
0.0301115
0.000111777
0.0298879
0.000169075
0.02982
0.000146732
0.0297156
5.74135e-05
0.0296227
-5.7507e-05
0.0295856
-0.000146815
0.0296227
-0.00016914
0.0297156
-0.000111815
0.02982
0.0298879
4.39448e-05
0.0297999
6.45994e-05
0.0297507
5.38439e-05
0.0296704
2.03135e-05
0.0295936
-2.04056e-05
0.029561
-5.3926e-05
0.0295937
-6.46636e-05
0.0296704
-4.39829e-05
0.0297507
0.0297999
-5.25256e-06
0.0298103
-1.57047e-05
0.0297505
-2.28725e-05
0.0296422
-1.23224e-05
0.0295249
1.22325e-05
0.0294686
2.27928e-05
0.0295249
1.56431e-05
0.0296422
5.21708e-06
0.0297505
0.0298103
-6.50666e-05
0.0299403
-0.000123987
0.0298336
-0.000140123
0.029618
-6.86114e-05
0.0293512
6.85238e-05
0.0292013
0.000140045
0.0293512
0.000123927
0.029618
6.5031e-05
0.0298336
0.0299403
-0.000171793
0.0302838
-0.000339553
0.0300733
-0.000406923
0.029596
-0.000218534
0.0289071
0.00021845
0.0284224
0.000406849
0.0289071
0.000339496
0.029596
0.000171761
0.0300733
0.0302838
-0.000382326
0.0310484
-0.000816877
0.030655
-0.00109575
0.0296276
-0.000703271
0.0278078
0.00070319
0.0260044
0.00109568
0.0278078
0.000816821
0.0296276
0.000382294
0.030655
0.0310484
-0.000775701
0.0325997
-0.00184429
0.0319774
-0.00291556
0.0300239
-0.00250662
0.0254031
0.00250654
0.0177074
0.00291549
0.0254031
0.00184424
0.0300239
0.000775673
0.0319774
0.0325997
-0.001398
0.0353957
-0.00379783
0.0347371
-0.0075363
0.0321004
-0.0102023
0.0225495
0.0102023
-0.0147068
0.00753624
0.0225495
0.00379778
0.0321005
0.00139797
0.0347371
0.0353957
-0.00205661
0.0395088
-0.00643445
0.0395079
-0.0170873
0.0395064
-0.0474586
0.0395051
0.0474585
0.0395046
0.0170872
0.0395051
0.0064344
0.0395064
0.00205659
0.0395079
0.0395089
-0.00205758
0.043624
-0.00643592
0.0442802
-0.0170886
0.0469132
-0.0474591
0.056461
0.0474591
0.0937161
0.0170885
0.056461
0.00643588
0.0469132
0.00205755
0.0442802
0.043624
-0.00140133
0.0464266
-0.00380292
0.047045
-0.00754078
0.0489926
-0.0102041
0.0536082
0.010204
0.0613018
0.00754073
0.0536082
0.00380289
0.0489926
0.00140131
0.047045
0.0464266
-0.0007829
0.0479924
-0.00185531
0.0483787
-0.00292524
0.0493952
-0.00251043
0.0512055
0.00251038
0.0530051
0.0029252
0.0512055
0.00185528
0.0493952
0.000782883
0.0483787
0.0479924
-0.00039661
0.0487856
-0.000838745
0.0489827
-0.00111496
0.0494395
-0.000710843
0.0501103
0.000710804
0.050588
0.00111493
0.0501103
0.000838721
0.0494395
0.000396598
0.0489827
0.0487856
-0.000199482
0.0491846
-0.000381937
0.0492659
-0.000444152
0.0494426
-0.000233209
0.0496753
0.000233179
0.0498117
0.000444125
0.0496753
0.000381917
0.0494426
0.000199472
0.0492659
0.0491846
-0.000118164
0.0494209
-0.000205247
0.0494328
-0.000211461
0.0494679
-9.67304e-05
0.0495211
9.67087e-05
0.0495522
0.000211442
0.0495211
0.000205235
0.049468
0.000118159
0.0494329
0.0494209
-0.000106214
0.0496333
-0.000170144
0.0495935
-0.000158306
0.0495378
-6.56719e-05
0.0494958
6.56594e-05
0.0494818
0.000158295
0.0494958
0.000170137
0.0495378
0.000106211
0.0495936
0.0496334
-0.000146033
0.0499254
-0.000225841
0.0498308
-0.000200349
0.0496872
-7.96677e-05
0.0495647
7.96653e-05
0.0495176
0.000200348
0.0495647
0.000225842
0.0496872
0.000146035
0.0498308
0.0499255
-0.000240683
0.0504069
-0.000369432
0.0502433
-0.000322864
0.049991
-0.000126751
0.0497759
0.000126759
0.0496933
0.000322872
0.0497759
0.000369439
0.049991
0.000240687
0.0502434
0.0504069
-0.000404204
0.0512153
-0.000621748
0.0509789
-0.000538002
0.0506041
-0.000209333
0.0502942
0.000209353
0.0501785
0.00053802
0.0502942
0.000621762
0.0506042
0.000404212
0.0509789
0.0512153
-0.00064064
0.0524966
-0.000996489
0.0522571
-0.000847913
0.0518372
-0.000325031
0.0515246
0.000325064
0.0514187
0.000847942
0.0515247
0.000996509
0.0518372
0.000640648
0.0522571
0.0524967
-0.000880182
0.0542571
-0.00141637
0.0543313
-0.00116049
0.0542764
-0.000431014
0.0543645
0.000431059
0.0544337
0.00116053
0.0543645
0.0014164
0.0542765
0.000880192
0.0543313
0.0542571
-0.000805981
0.0558691
-0.00147121
0.057153
-0.00107239
0.0588076
-0.000361886
0.06043
0.000361938
0.0610912
0.00107244
0.06043
0.00147124
0.0588075
0.000805989
0.057153
0.0558691
0.000477918
0.0549134
0.000183302
0.0588679
0.000550105
0.0652865
0.000299282
0.0703578
-0.000299234
0.0722012
-0.00055006
0.0703578
-0.000183268
0.0652864
-0.000477913
0.0588679
0.0549134
0.00443238
0.0460488
0.00660187
0.0514528
0.00562144
0.0606131
0.00214271
0.0672931
-0.00214268
0.0696186
-0.00562141
0.067293
-0.00660184
0.0606131
-0.00443236
0.0514527
0.0460488
0.00983633
0.0263764
0.0157622
0.0297283
0.0123014
0.0350947
0.00446824
0.0387101
-0.00446823
0.0399222
-0.0123013
0.03871
-0.0157622
0.0350947
-0.00983629
0.0297283
0.0263764
0.0131883
0.0211286
0.0159167
0.00568034
-0.00568036
-0.0159167
-0.0211285
-0.0131882
)
;

boundaryField
{
    injectionXMinus
    {
        type            calculated;
        value           nonuniform List<scalar> 2(-0.2 -0.2);
    }
    injectionXPlus
    {
        type            calculated;
        value           nonuniform List<scalar> 2(-0.2 -0.2);
    }
    injectionYMinus
    {
        type            calculated;
        value           nonuniform List<scalar> 2(-0.2 -0.2);
    }
    injectionYPlus
    {
        type            calculated;
        value           nonuniform List<scalar> 2(-0.2 -0.2);
    }
    inletXMinus
    {
        type            calculated;
        value           nonuniform List<scalar> 
12
(
-0.05
-0.05
-0.05
-0.05
-0.05
-0.05
-0.05
-0.05
-0.05
-0.05
-0.05
-0.05
)
;
    }
    inletXPlus
    {
        type            calculated;
        value           nonuniform List<scalar> 
12
(
-0.05
-0.05
-0.05
-0.05
-0.05
-0.05
-0.05
-0.05
-0.05
-0.05
-0.05
-0.05
)
;
    }
    inletYMinus
    {
        type            calculated;
        value           nonuniform List<scalar> 
12
(
-0.05
-0.05
-0.05
-0.05
-0.05
-0.05
-0.05
-0.05
-0.05
-0.05
-0.05
-0.05
)
;
    }
    inletYPlus
    {
        type            calculated;
        value           nonuniform List<scalar> 
12
(
-0.05
-0.05
-0.05
-0.05
-0.05
-0.05
-0.05
-0.05
-0.05
-0.05
-0.05
-0.05
)
;
    }
    outlet
    {
        type            calculated;
        value           nonuniform List<scalar> 
25
(
0.159998
0.159998
0.159998
0.159998
0.159998
0.159998
0.159998
0.159998
0.159998
0.159998
0.159998
0.159998
0.159998
0.159998
0.159998
0.159998
0.159998
0.159998
0.159998
0.159998
0.159998
0.159998
0.159998
0.159998
0.159998
)
;
    }
    valve
    {
        type            calculated;
        value           uniform 0;
    }
    walls
    {
        type            calculated;
        value           uniform 0;
    }
}


// ************************************************************************* //
