/*--------------------------------*- C++ -*----------------------------------*\
  =========                 |
  \\      /  F ield         | OpenFOAM: The Open Source CFD Toolbox
   \\    /   O peration     | Website:  https://openfoam.org
    \\  /    A nd           | Version:  6
     \\/     M anipulation  |
\*---------------------------------------------------------------------------*/
FoamFile
{
    version     2.0;
    format      ascii;
    class       volScalarField;
    location    "0.0006";
    object      T;
}
// * * * * * * * * * * * * * * * * * * * * * * * * * * * * * * * * * * * * * //

dimensions      [0 0 0 1 0 0 0];

internalField   nonuniform List<scalar> 
1024
(
272.987
272.987
272.987
272.987
272.987
272.987
272.987
272.987
273.072
273.072
273.072
273.072
273.072
273.071
273.071
273.071
273.422
273.422
273.422
273.421
273.421
273.421
273.421
273.42
273.496
273.496
273.496
273.496
273.495
273.495
273.494
273.494
271.63
271.629
271.629
271.629
271.628
271.627
271.627
271.627
265.676
265.676
265.676
265.675
265.675
265.674
265.673
265.673
254.166
254.166
254.166
254.165
254.164
254.164
254.163
254.163
236.936
236.936
236.936
236.935
236.935
236.934
236.934
236.934
214.996
214.996
214.995
214.995
214.994
214.994
214.994
214.994
190.009
190.008
190.008
190.008
190.007
190.007
190.007
190.007
163.792
163.792
163.792
163.791
163.791
163.791
163.79
163.791
137.968
137.968
137.968
137.967
137.967
137.967
137.966
137.966
113.779
113.779
113.779
113.779
113.778
113.778
113.778
113.778
92.031
92.031
92.0309
92.0307
92.0303
92.0299
92.0297
92.0297
73.0558
73.0558
73.0557
73.0556
73.0553
73.0549
73.0547
73.0546
56.057
56.057
56.0569
56.0569
56.0567
56.0565
56.0563
56.0562
272.987
272.987
272.987
272.987
272.987
272.987
272.987
272.987
273.072
273.072
273.072
273.072
273.072
273.071
273.071
273.071
273.422
273.422
273.422
273.421
273.421
273.421
273.421
273.42
273.496
273.496
273.496
273.496
273.495
273.495
273.494
273.494
271.63
271.63
271.629
271.629
271.628
271.627
271.627
271.627
265.677
265.676
265.676
265.676
265.675
265.674
265.673
265.673
254.166
254.166
254.166
254.165
254.164
254.164
254.163
254.163
236.936
236.936
236.936
236.935
236.935
236.934
236.934
236.934
214.996
214.996
214.995
214.995
214.994
214.994
214.994
214.993
190.009
190.008
190.008
190.008
190.007
190.007
190.007
190.007
163.792
163.792
163.792
163.791
163.791
163.791
163.791
163.79
137.968
137.968
137.968
137.967
137.967
137.967
137.967
137.966
113.779
113.779
113.779
113.779
113.778
113.778
113.778
113.778
92.0311
92.0311
92.031
92.0309
92.0304
92.03
92.0298
92.0297
73.0558
73.0558
73.0558
73.0557
73.0553
73.055
73.0548
73.0546
56.057
56.0569
56.0569
56.057
56.0568
56.0565
56.0563
56.0562
272.987
272.987
272.987
272.987
272.987
272.987
272.987
272.987
273.072
273.072
273.072
273.072
273.072
273.071
273.071
273.071
273.422
273.422
273.422
273.421
273.421
273.421
273.421
273.42
273.496
273.496
273.496
273.496
273.495
273.495
273.494
273.494
271.63
271.63
271.629
271.629
271.628
271.627
271.627
271.627
265.677
265.677
265.676
265.676
265.675
265.674
265.673
265.673
254.166
254.166
254.166
254.165
254.164
254.164
254.163
254.163
236.937
236.936
236.936
236.935
236.935
236.934
236.934
236.934
214.996
214.996
214.995
214.995
214.994
214.994
214.994
214.993
190.009
190.008
190.008
190.008
190.007
190.007
190.007
190.007
163.792
163.792
163.792
163.791
163.791
163.791
163.791
163.791
137.968
137.968
137.968
137.968
137.967
137.967
137.967
137.966
113.779
113.779
113.779
113.779
113.778
113.778
113.778
113.778
92.0312
92.0312
92.0311
92.031
92.0305
92.0301
92.0299
92.0297
73.0559
73.0559
73.0558
73.0558
73.0554
73.0551
73.0549
73.0547
56.0571
56.057
56.0571
56.0571
56.0569
56.0567
56.0565
56.0563
272.987
272.987
272.987
272.987
272.987
272.987
272.987
272.987
273.072
273.072
273.072
273.072
273.072
273.071
273.071
273.071
273.422
273.422
273.422
273.421
273.421
273.421
273.421
273.42
273.496
273.496
273.496
273.496
273.495
273.495
273.494
273.494
271.63
271.63
271.629
271.629
271.628
271.627
271.627
271.627
265.677
265.677
265.676
265.676
265.675
265.674
265.673
265.673
254.166
254.166
254.166
254.165
254.164
254.164
254.163
254.163
236.937
236.936
236.936
236.935
236.935
236.934
236.934
236.934
214.996
214.996
214.995
214.995
214.994
214.994
214.994
214.993
190.009
190.009
190.008
190.008
190.007
190.007
190.007
190.007
163.792
163.792
163.792
163.791
163.791
163.791
163.791
163.79
137.968
137.968
137.968
137.968
137.967
137.967
137.967
137.966
113.779
113.779
113.779
113.779
113.778
113.778
113.778
113.777
92.0312
92.0312
92.0312
92.031
92.0305
92.0301
92.0299
92.0296
73.0559
73.056
73.056
73.056
73.0556
73.0552
73.0549
73.0546
56.0572
56.0572
56.0573
56.0574
56.0571
56.0568
56.0566
56.0563
272.987
272.987
272.987
272.987
272.987
272.987
272.987
272.987
273.072
273.072
273.072
273.072
273.072
273.071
273.071
273.071
273.422
273.422
273.422
273.421
273.421
273.421
273.421
273.42
273.496
273.496
273.496
273.496
273.495
273.495
273.494
273.494
271.63
271.63
271.629
271.629
271.628
271.627
271.627
271.627
265.677
265.677
265.676
265.676
265.675
265.674
265.673
265.673
254.166
254.166
254.166
254.165
254.164
254.164
254.163
254.163
236.937
236.936
236.936
236.935
236.935
236.934
236.934
236.934
214.996
214.996
214.995
214.995
214.994
214.994
214.994
214.993
190.009
190.008
190.008
190.008
190.007
190.007
190.007
190.007
163.792
163.792
163.792
163.791
163.791
163.79
163.79
163.79
137.968
137.968
137.968
137.967
137.967
137.966
137.966
137.966
113.779
113.779
113.779
113.778
113.778
113.777
113.777
113.777
92.0309
92.0309
92.0308
92.0307
92.0302
92.0297
92.0294
92.0292
73.0557
73.0557
73.0557
73.0557
73.0553
73.0549
73.0545
73.0541
56.0571
56.0571
56.0571
56.0572
56.057
56.0566
56.0562
56.0557
272.987
272.987
272.987
272.987
272.987
272.987
272.987
272.987
273.072
273.072
273.072
273.072
273.072
273.071
273.071
273.071
273.422
273.422
273.422
273.421
273.421
273.421
273.421
273.42
273.496
273.496
273.496
273.496
273.495
273.495
273.494
273.494
271.63
271.63
271.629
271.629
271.628
271.627
271.627
271.627
265.677
265.677
265.676
265.676
265.675
265.674
265.673
265.673
254.166
254.166
254.166
254.165
254.164
254.164
254.163
254.163
236.937
236.936
236.936
236.935
236.935
236.934
236.934
236.934
214.996
214.996
214.995
214.995
214.994
214.994
214.994
214.994
190.009
190.009
190.008
190.008
190.007
190.007
190.007
190.007
163.792
163.792
163.792
163.791
163.791
163.791
163.791
163.791
137.968
137.968
137.968
137.967
137.967
137.966
137.966
137.967
113.779
113.779
113.779
113.778
113.778
113.777
113.777
113.778
92.0307
92.0307
92.0306
92.0305
92.0299
92.0294
92.0292
92.0298
73.0555
73.0555
73.0555
73.0555
73.055
73.0544
73.0541
73.0547
56.0569
56.0569
56.057
56.057
56.0567
56.0561
56.0557
56.0562
272.987
272.987
272.987
272.987
272.987
272.987
272.987
272.987
273.072
273.072
273.072
273.072
273.072
273.071
273.071
273.071
273.422
273.422
273.422
273.421
273.421
273.421
273.421
273.42
273.496
273.496
273.496
273.496
273.495
273.495
273.494
273.494
271.63
271.63
271.629
271.629
271.628
271.627
271.627
271.627
265.677
265.676
265.676
265.675
265.675
265.674
265.673
265.673
254.166
254.166
254.166
254.165
254.164
254.164
254.163
254.163
236.936
236.936
236.936
236.935
236.935
236.934
236.934
236.933
214.996
214.996
214.995
214.995
214.994
214.994
214.994
214.993
190.009
190.009
190.008
190.008
190.007
190.007
190.007
190.006
163.792
163.792
163.792
163.791
163.791
163.791
163.791
163.79
137.968
137.968
137.968
137.967
137.967
137.966
137.967
137.966
113.779
113.779
113.779
113.778
113.778
113.777
113.778
113.777
92.0306
92.0306
92.0305
92.0303
92.0297
92.0293
92.0301
92.0293
73.0553
73.0554
73.0554
73.0553
73.0547
73.0542
73.0549
73.0542
56.0567
56.0568
56.0568
56.0568
56.0563
56.0557
56.0565
56.0558
272.987
272.987
272.987
272.987
272.987
272.987
272.987
272.987
273.072
273.072
273.072
273.072
273.072
273.071
273.071
273.071
273.422
273.422
273.422
273.421
273.421
273.421
273.421
273.421
273.496
273.496
273.496
273.495
273.495
273.495
273.494
273.494
271.63
271.629
271.629
271.629
271.628
271.627
271.627
271.627
265.676
265.676
265.676
265.675
265.675
265.674
265.673
265.673
254.166
254.166
254.165
254.165
254.164
254.163
254.163
254.163
236.936
236.936
236.936
236.935
236.935
236.934
236.934
236.934
214.996
214.996
214.995
214.995
214.994
214.994
214.993
214.994
190.009
190.008
190.008
190.008
190.007
190.007
190.007
190.007
163.792
163.792
163.792
163.791
163.791
163.791
163.79
163.791
137.968
137.968
137.968
137.967
137.967
137.967
137.966
137.967
113.779
113.779
113.778
113.778
113.778
113.778
113.777
113.778
92.0306
92.0305
92.0304
92.0301
92.0295
92.03
92.0293
92.0296
73.0553
73.0552
73.0552
73.055
73.0543
73.0548
73.0542
73.0545
56.0567
56.0567
56.0567
56.0566
56.0559
56.0563
56.0559
56.0559
)
;

boundaryField
{
    inlet
    {
        type            fixedValue;
        value           uniform 273;
    }
    outlet
    {
        type            zeroGradient;
    }
    walls
    {
        type            zeroGradient;
    }
}


// ************************************************************************* //
