/*--------------------------------*- C++ -*----------------------------------*\
  =========                 |
  \\      /  F ield         | OpenFOAM: The Open Source CFD Toolbox
   \\    /   O peration     | Website:  https://openfoam.org
    \\  /    A nd           | Version:  6
     \\/     M anipulation  |
\*---------------------------------------------------------------------------*/
FoamFile
{
    version     2.0;
    format      ascii;
    class       volScalarField;
    location    "0.0004";
    object      T;
}
// * * * * * * * * * * * * * * * * * * * * * * * * * * * * * * * * * * * * * //

dimensions      [0 0 0 1 0 0 0];

internalField   nonuniform List<scalar> 
1024
(
273.141
273.141
273.141
273.141
273.141
273.141
273.141
273.141
274.044
274.044
274.044
274.044
274.043
274.043
274.043
274.043
271.254
271.254
271.254
271.254
271.253
271.253
271.253
271.253
258.907
258.907
258.907
258.907
258.906
258.906
258.906
258.906
235.592
235.592
235.592
235.592
235.591
235.591
235.59
235.59
204.74
204.74
204.74
204.74
204.739
204.738
204.738
204.738
171.08
171.08
171.08
171.08
171.08
171.079
171.079
171.078
138.318
138.318
138.318
138.318
138.318
138.317
138.317
138.317
108.74
108.74
108.74
108.74
108.74
108.739
108.739
108.739
83.4654
83.4653
83.4652
83.465
83.4649
83.4649
83.4648
83.4648
62.7716
62.7716
62.7715
62.7713
62.7712
62.7712
62.7712
62.7711
46.401
46.401
46.401
46.4008
46.4007
46.4006
46.4006
46.4006
33.8128
33.8129
33.8128
33.8127
33.8125
33.8124
33.8124
33.8124
24.3609
24.3609
24.3609
24.3608
24.3606
24.3605
24.3605
24.3604
17.3985
17.3985
17.3985
17.3985
17.3984
17.3983
17.3982
17.3982
12.2868
12.2868
12.2868
12.2868
12.2868
12.2867
12.2867
12.2867
273.141
273.141
273.141
273.141
273.141
273.141
273.141
273.141
274.044
274.044
274.044
274.044
274.043
274.043
274.043
274.043
271.254
271.254
271.254
271.254
271.253
271.253
271.253
271.253
258.907
258.907
258.907
258.907
258.906
258.906
258.906
258.906
235.592
235.592
235.592
235.592
235.591
235.591
235.59
235.59
204.74
204.74
204.74
204.74
204.739
204.738
204.738
204.738
171.081
171.08
171.08
171.08
171.08
171.079
171.079
171.078
138.318
138.318
138.318
138.318
138.318
138.317
138.317
138.317
108.74
108.74
108.74
108.74
108.739
108.739
108.739
108.739
83.4654
83.4653
83.4652
83.465
83.4649
83.4649
83.4648
83.4648
62.7716
62.7716
62.7715
62.7713
62.7712
62.7712
62.7711
62.7711
46.4011
46.4011
46.401
46.4009
46.4007
46.4006
46.4006
46.4006
33.8129
33.8129
33.8129
33.8127
33.8126
33.8125
33.8124
33.8124
24.3609
24.361
24.3609
24.3608
24.3607
24.3606
24.3605
24.3604
17.3985
17.3986
17.3986
17.3985
17.3984
17.3983
17.3983
17.3982
12.2868
12.2868
12.2868
12.2868
12.2868
12.2868
12.2868
12.2867
273.141
273.141
273.141
273.141
273.141
273.141
273.141
273.141
274.044
274.044
274.044
274.044
274.043
274.043
274.043
274.043
271.254
271.254
271.254
271.254
271.253
271.253
271.253
271.253
258.907
258.907
258.907
258.907
258.906
258.906
258.906
258.906
235.592
235.592
235.592
235.592
235.591
235.591
235.59
235.59
204.741
204.74
204.74
204.74
204.739
204.739
204.738
204.738
171.081
171.081
171.08
171.08
171.08
171.079
171.079
171.078
138.318
138.318
138.318
138.318
138.318
138.317
138.317
138.317
108.74
108.74
108.74
108.74
108.739
108.739
108.739
108.739
83.4654
83.4653
83.4652
83.465
83.4649
83.4648
83.4648
83.4648
62.7716
62.7716
62.7715
62.7713
62.7712
62.7712
62.7711
62.7711
46.4011
46.4011
46.401
46.4008
46.4007
46.4006
46.4006
46.4005
33.8129
33.8129
33.8129
33.8127
33.8126
33.8125
33.8124
33.8123
24.3609
24.361
24.361
24.3609
24.3607
24.3606
24.3605
24.3604
17.3986
17.3986
17.3986
17.3986
17.3985
17.3984
17.3983
17.3982
12.2868
12.2868
12.2869
12.2869
12.2869
12.2868
12.2868
12.2867
273.141
273.141
273.141
273.141
273.141
273.141
273.141
273.141
274.044
274.044
274.044
274.044
274.043
274.043
274.043
274.043
271.254
271.254
271.254
271.254
271.253
271.253
271.253
271.253
258.907
258.907
258.907
258.907
258.906
258.906
258.906
258.906
235.592
235.592
235.592
235.592
235.591
235.591
235.59
235.59
204.741
204.74
204.74
204.74
204.739
204.739
204.738
204.738
171.081
171.081
171.08
171.08
171.08
171.079
171.079
171.078
138.318
138.318
138.318
138.318
138.318
138.317
138.317
138.317
108.74
108.74
108.74
108.74
108.739
108.739
108.739
108.739
83.4654
83.4653
83.4652
83.465
83.4649
83.4648
83.4647
83.4648
62.7716
62.7716
62.7714
62.7712
62.7711
62.7711
62.771
62.7711
46.401
46.401
46.4009
46.4007
46.4006
46.4005
46.4005
46.4005
33.8128
33.8129
33.8128
33.8126
33.8125
33.8123
33.8122
33.8122
24.3609
24.3609
24.3609
24.3608
24.3606
24.3605
24.3604
24.3603
17.3985
17.3986
17.3986
17.3985
17.3984
17.3983
17.3982
17.3981
12.2868
12.2869
12.2869
12.2869
12.2869
12.2868
12.2867
12.2867
273.141
273.141
273.141
273.141
273.141
273.141
273.141
273.141
274.044
274.044
274.044
274.044
274.043
274.043
274.043
274.043
271.254
271.254
271.254
271.254
271.253
271.253
271.253
271.253
258.907
258.907
258.907
258.907
258.906
258.906
258.906
258.906
235.592
235.592
235.592
235.592
235.591
235.591
235.59
235.59
204.741
204.74
204.74
204.74
204.739
204.739
204.738
204.738
171.081
171.081
171.08
171.08
171.08
171.079
171.079
171.078
138.318
138.318
138.318
138.318
138.318
138.317
138.317
138.317
108.74
108.74
108.74
108.74
108.74
108.739
108.739
108.739
83.4655
83.4654
83.4652
83.465
83.4649
83.4649
83.4649
83.4649
62.7716
62.7716
62.7715
62.7712
62.7711
62.7711
62.7711
62.7713
46.401
46.401
46.4009
46.4007
46.4005
46.4005
46.4005
46.4007
33.8127
33.8128
33.8127
33.8125
33.8124
33.8122
33.8122
33.8124
24.3608
24.3608
24.3608
24.3607
24.3605
24.3603
24.3603
24.3604
17.3985
17.3985
17.3985
17.3985
17.3983
17.3982
17.3981
17.3982
12.2868
12.2869
12.2869
12.2869
12.2868
12.2867
12.2867
12.2867
273.141
273.141
273.141
273.141
273.141
273.141
273.141
273.141
274.044
274.044
274.044
274.044
274.043
274.043
274.043
274.043
271.254
271.254
271.254
271.254
271.253
271.253
271.253
271.253
258.907
258.907
258.907
258.907
258.906
258.906
258.906
258.906
235.592
235.592
235.592
235.592
235.591
235.591
235.59
235.59
204.74
204.74
204.74
204.74
204.739
204.738
204.738
204.738
171.081
171.08
171.08
171.08
171.08
171.079
171.079
171.078
138.318
138.318
138.318
138.318
138.318
138.317
138.317
138.317
108.74
108.74
108.74
108.74
108.74
108.739
108.739
108.739
83.4655
83.4654
83.4653
83.4651
83.465
83.465
83.465
83.4647
62.7717
62.7716
62.7715
62.7713
62.7712
62.7712
62.7713
62.771
46.401
46.401
46.4009
46.4007
46.4005
46.4006
46.4007
46.4005
33.8127
33.8127
33.8126
33.8125
33.8123
33.8123
33.8125
33.8122
24.3607
24.3607
24.3607
24.3606
24.3604
24.3603
24.3605
24.3603
17.3984
17.3984
17.3984
17.3984
17.3982
17.3981
17.3982
17.3981
12.2868
12.2869
12.2869
12.2869
12.2867
12.2867
12.2868
12.2867
273.141
273.141
273.141
273.141
273.141
273.141
273.141
273.141
274.044
274.044
274.044
274.044
274.043
274.043
274.043
274.043
271.254
271.254
271.254
271.253
271.253
271.253
271.253
271.253
258.907
258.907
258.907
258.907
258.906
258.906
258.906
258.906
235.592
235.592
235.592
235.592
235.591
235.591
235.59
235.59
204.74
204.74
204.74
204.74
204.739
204.738
204.738
204.738
171.081
171.08
171.08
171.08
171.08
171.079
171.079
171.079
138.318
138.318
138.318
138.318
138.318
138.317
138.317
138.317
108.74
108.74
108.74
108.74
108.74
108.739
108.739
108.739
83.4655
83.4655
83.4653
83.4651
83.4651
83.4651
83.4646
83.4649
62.7717
62.7716
62.7715
62.7713
62.7713
62.7714
62.771
62.7712
46.401
46.401
46.4009
46.4006
46.4006
46.4008
46.4004
46.4006
33.8127
33.8127
33.8126
33.8124
33.8123
33.8125
33.8122
33.8124
24.3607
24.3607
24.3606
24.3605
24.3603
24.3605
24.3603
24.3604
17.3984
17.3984
17.3984
17.3982
17.3981
17.3983
17.3981
17.3982
12.2868
12.2868
12.2869
12.2868
12.2867
12.2868
12.2867
12.2867
273.141
273.141
273.141
273.141
273.141
273.141
273.141
273.141
274.044
274.044
274.044
274.044
274.043
274.043
274.043
274.043
271.254
271.254
271.254
271.253
271.253
271.253
271.253
271.253
258.907
258.907
258.907
258.907
258.906
258.906
258.906
258.906
235.592
235.592
235.592
235.592
235.591
235.591
235.59
235.59
204.74
204.74
204.74
204.74
204.739
204.738
204.738
204.738
171.08
171.08
171.08
171.08
171.079
171.079
171.079
171.078
138.318
138.318
138.318
138.318
138.317
138.317
138.317
138.317
108.74
108.74
108.74
108.74
108.74
108.739
108.739
108.739
83.4655
83.4654
83.4653
83.4651
83.4651
83.4648
83.4649
83.4648
62.7717
62.7716
62.7715
62.7713
62.7714
62.7711
62.7713
62.7711
46.401
46.4009
46.4008
46.4007
46.4008
46.4005
46.4007
46.4005
33.8126
33.8126
33.8125
33.8124
33.8125
33.8123
33.8124
33.8123
24.3606
24.3606
24.3606
24.3604
24.3605
24.3603
24.3604
24.3603
17.3983
17.3983
17.3983
17.3982
17.3982
17.3981
17.3982
17.3981
12.2868
12.2868
12.2868
12.2867
12.2868
12.2867
12.2867
12.2867
)
;

boundaryField
{
    inlet
    {
        type            fixedValue;
        value           uniform 273;
    }
    outlet
    {
        type            zeroGradient;
    }
    walls
    {
        type            zeroGradient;
    }
}


// ************************************************************************* //
