/*--------------------------------*- C++ -*----------------------------------*\
  =========                 |
  \\      /  F ield         | OpenFOAM: The Open Source CFD Toolbox
   \\    /   O peration     | Website:  https://openfoam.org
    \\  /    A nd           | Version:  6
     \\/     M anipulation  |
\*---------------------------------------------------------------------------*/
FoamFile
{
    version     2.0;
    format      ascii;
    class       volScalarField;
    location    "0.0001";
    object      T;
}
// * * * * * * * * * * * * * * * * * * * * * * * * * * * * * * * * * * * * * //

dimensions      [0 0 0 1 0 0 0];

internalField   nonuniform List<scalar> 
1024
(
260.492
260.492
260.492
260.492
260.492
260.492
260.491
260.491
149.444
149.444
149.444
149.444
149.444
149.444
149.444
149.444
78.7007
78.7007
78.7007
78.7006
78.7005
78.7005
78.7004
78.7004
47.2303
47.2303
47.2303
47.2303
47.2302
47.2302
47.2301
47.2301
28.2233
28.2233
28.2233
28.2233
28.2232
28.2232
28.2231
28.2231
16.8949
16.8949
16.8949
16.8949
16.8949
16.8948
16.8948
16.8948
10.2146
10.2146
10.2146
10.2146
10.2146
10.2146
10.2145
10.2145
6.30959
6.3096
6.30959
6.30958
6.30958
6.30958
6.30958
6.30958
4.04359
4.0436
4.0436
4.04358
4.04357
4.04356
4.04355
4.04355
2.7368
2.7368
2.73679
2.73677
2.73676
2.73674
2.73673
2.73672
1.98713
1.98712
1.98711
1.98711
1.9871
1.98709
1.98708
1.98707
1.55902
1.55901
1.55901
1.55901
1.55902
1.55902
1.55902
1.55903
1.31553
1.31551
1.31552
1.31553
1.31555
1.31557
1.31559
1.3156
1.17757
1.17755
1.17756
1.17758
1.17761
1.17764
1.17767
1.17769
1.09991
1.0999
1.09991
1.09993
1.09997
1.1
1.10004
1.10007
1.0584
1.05839
1.0584
1.05842
1.05845
1.05849
1.05853
1.05856
260.492
260.492
260.492
260.492
260.492
260.491
260.491
260.491
149.444
149.444
149.444
149.444
149.444
149.444
149.444
149.444
78.7007
78.7007
78.7007
78.7006
78.7005
78.7005
78.7004
78.7004
47.2303
47.2303
47.2303
47.2303
47.2302
47.2301
47.2301
47.2301
28.2233
28.2233
28.2233
28.2233
28.2232
28.2232
28.2231
28.2231
16.8949
16.8949
16.8949
16.8949
16.8949
16.8948
16.8948
16.8948
10.2146
10.2146
10.2146
10.2146
10.2146
10.2146
10.2145
10.2145
6.3096
6.30961
6.3096
6.30959
6.30958
6.30959
6.30958
6.30958
4.04361
4.04361
4.04361
4.04359
4.04357
4.04356
4.04355
4.04355
2.7368
2.7368
2.73679
2.73677
2.73676
2.73674
2.73673
2.73672
1.98712
1.98711
1.98711
1.9871
1.9871
1.98709
1.98708
1.98707
1.55901
1.55899
1.559
1.559
1.55901
1.55902
1.55902
1.55903
1.31551
1.3155
1.3155
1.31552
1.31555
1.31557
1.31559
1.3156
1.17755
1.17754
1.17755
1.17757
1.17761
1.17764
1.17767
1.1777
1.0999
1.09989
1.0999
1.09992
1.09996
1.1
1.10004
1.10007
1.05839
1.05838
1.05839
1.05842
1.05846
1.0585
1.05853
1.05857
260.492
260.492
260.492
260.492
260.492
260.491
260.491
260.491
149.444
149.444
149.444
149.444
149.444
149.444
149.444
149.444
78.7007
78.7007
78.7007
78.7006
78.7005
78.7005
78.7004
78.7004
47.2303
47.2303
47.2303
47.2303
47.2302
47.2302
47.2301
47.2301
28.2233
28.2233
28.2233
28.2233
28.2232
28.2232
28.2231
28.2231
16.8949
16.8949
16.8949
16.8949
16.8949
16.8948
16.8948
16.8948
10.2146
10.2146
10.2146
10.2146
10.2146
10.2146
10.2145
10.2145
6.3096
6.30961
6.3096
6.30959
6.30958
6.30958
6.30957
6.30957
4.0436
4.04361
4.0436
4.04358
4.04357
4.04356
4.04355
4.04355
2.73679
2.73679
2.73679
2.73677
2.73676
2.73674
2.73672
2.73672
1.98711
1.98711
1.98711
1.98711
1.9871
1.98709
1.98708
1.98707
1.55901
1.559
1.559
1.55901
1.55902
1.55903
1.55903
1.55903
1.31552
1.31551
1.31552
1.31554
1.31556
1.31558
1.3156
1.31561
1.17756
1.17755
1.17756
1.17759
1.17762
1.17766
1.17768
1.1777
1.09991
1.0999
1.09991
1.09994
1.09998
1.10002
1.10005
1.10008
1.0584
1.05839
1.05841
1.05843
1.05847
1.05851
1.05855
1.05857
260.492
260.492
260.492
260.492
260.492
260.491
260.491
260.491
149.444
149.444
149.444
149.444
149.444
149.444
149.444
149.444
78.7007
78.7007
78.7007
78.7006
78.7005
78.7005
78.7004
78.7004
47.2303
47.2303
47.2303
47.2303
47.2302
47.2302
47.2301
47.2301
28.2233
28.2233
28.2233
28.2233
28.2232
28.2232
28.2231
28.2231
16.8949
16.8949
16.8949
16.8949
16.8949
16.8948
16.8948
16.8948
10.2146
10.2146
10.2146
10.2146
10.2146
10.2146
10.2145
10.2145
6.3096
6.3096
6.30959
6.30958
6.30957
6.30957
6.30957
6.30958
4.04359
4.0436
4.04359
4.04357
4.04355
4.04354
4.04354
4.04355
2.73678
2.73678
2.73678
2.73676
2.73674
2.73673
2.73671
2.73672
1.98711
1.98711
1.98711
1.98711
1.9871
1.98708
1.98707
1.98707
1.55901
1.55901
1.55901
1.55903
1.55903
1.55903
1.55902
1.55903
1.31553
1.31553
1.31554
1.31556
1.31558
1.31559
1.3156
1.31561
1.17758
1.17758
1.17759
1.17762
1.17765
1.17768
1.17769
1.17771
1.09993
1.09993
1.09994
1.09997
1.1
1.10004
1.10007
1.10009
1.05842
1.05842
1.05843
1.05846
1.05849
1.05853
1.05856
1.05858
260.492
260.492
260.492
260.492
260.492
260.491
260.491
260.491
149.444
149.444
149.444
149.444
149.444
149.444
149.444
149.444
78.7007
78.7007
78.7007
78.7006
78.7005
78.7005
78.7004
78.7004
47.2303
47.2303
47.2303
47.2303
47.2302
47.2302
47.2301
47.2301
28.2233
28.2233
28.2233
28.2233
28.2232
28.2232
28.2231
28.2231
16.8949
16.8949
16.8949
16.8949
16.8949
16.8948
16.8948
16.8948
10.2146
10.2146
10.2146
10.2146
10.2146
10.2146
10.2146
10.2145
6.3096
6.3096
6.30959
6.30958
6.30957
6.30958
6.30959
6.30957
4.04358
4.04358
4.04358
4.04356
4.04354
4.04354
4.04355
4.04354
2.73676
2.73677
2.73676
2.73675
2.73673
2.73671
2.73672
2.73671
1.9871
1.9871
1.9871
1.9871
1.98708
1.98707
1.98707
1.98707
1.55902
1.55902
1.55903
1.55903
1.55903
1.55902
1.55903
1.55903
1.31556
1.31555
1.31556
1.31558
1.31559
1.3156
1.31561
1.31561
1.17761
1.17761
1.17762
1.17765
1.17767
1.17769
1.1777
1.17771
1.09997
1.09996
1.09998
1.1
1.10003
1.10006
1.10008
1.10009
1.05846
1.05846
1.05847
1.05849
1.05852
1.05855
1.05857
1.05859
260.492
260.492
260.492
260.492
260.492
260.491
260.491
260.491
149.444
149.444
149.444
149.444
149.444
149.444
149.444
149.444
78.7007
78.7007
78.7007
78.7006
78.7005
78.7005
78.7004
78.7004
47.2303
47.2303
47.2303
47.2303
47.2302
47.2302
47.2301
47.2301
28.2233
28.2233
28.2233
28.2233
28.2232
28.2231
28.2231
28.2231
16.8949
16.8949
16.8949
16.8949
16.8949
16.8948
16.8948
16.8948
10.2146
10.2146
10.2146
10.2146
10.2146
10.2146
10.2145
10.2145
6.3096
6.3096
6.30959
6.30958
6.30958
6.3096
6.30957
6.30957
4.04357
4.04358
4.04357
4.04355
4.04354
4.04355
4.04354
4.04354
2.73675
2.73675
2.73675
2.73673
2.73672
2.73672
2.73671
2.73671
1.98709
1.98709
1.98709
1.98708
1.98707
1.98707
1.98707
1.98707
1.55902
1.55902
1.55903
1.55903
1.55903
1.55903
1.55903
1.55903
1.31557
1.31557
1.31558
1.3156
1.3156
1.31561
1.31561
1.31562
1.17765
1.17764
1.17766
1.17768
1.17769
1.1777
1.17771
1.17772
1.1
1.1
1.10002
1.10004
1.10006
1.10008
1.10009
1.1001
1.05849
1.0585
1.05851
1.05853
1.05855
1.05857
1.05858
1.0586
260.492
260.492
260.492
260.492
260.492
260.491
260.491
260.491
149.444
149.444
149.444
149.444
149.444
149.444
149.444
149.444
78.7007
78.7007
78.7007
78.7006
78.7005
78.7005
78.7004
78.7004
47.2303
47.2303
47.2303
47.2303
47.2302
47.2302
47.2301
47.2301
28.2233
28.2233
28.2233
28.2233
28.2232
28.2231
28.2231
28.2231
16.8949
16.8949
16.8949
16.8949
16.8948
16.8948
16.8948
16.8948
10.2146
10.2146
10.2146
10.2146
10.2146
10.2145
10.2145
10.2145
6.3096
6.3096
6.30959
6.30958
6.30959
6.30958
6.30958
6.30957
4.04357
4.04357
4.04356
4.04355
4.04355
4.04354
4.04354
4.04354
2.73674
2.73674
2.73673
2.73672
2.73672
2.73671
2.73671
2.73671
1.98708
1.98708
1.98708
1.98707
1.98707
1.98707
1.98707
1.98707
1.55903
1.55903
1.55903
1.55903
1.55903
1.55903
1.55903
1.55903
1.31559
1.31559
1.3156
1.3156
1.31561
1.31561
1.31561
1.31562
1.17767
1.17768
1.17769
1.17769
1.1777
1.17771
1.17772
1.17772
1.10004
1.10004
1.10005
1.10007
1.10008
1.10009
1.1001
1.10011
1.05853
1.05854
1.05855
1.05856
1.05857
1.05858
1.05859
1.0586
260.492
260.492
260.492
260.492
260.492
260.491
260.491
260.491
149.444
149.444
149.444
149.444
149.444
149.444
149.444
149.444
78.7007
78.7007
78.7007
78.7006
78.7005
78.7005
78.7004
78.7004
47.2303
47.2303
47.2303
47.2303
47.2302
47.2302
47.2301
47.2301
28.2233
28.2233
28.2233
28.2232
28.2232
28.2232
28.2231
28.2231
16.8949
16.8949
16.8949
16.8949
16.8948
16.8948
16.8948
16.8948
10.2146
10.2146
10.2146
10.2146
10.2146
10.2146
10.2145
10.2145
6.3096
6.3096
6.30959
6.30959
6.30958
6.30958
6.30958
6.30957
4.04356
4.04356
4.04355
4.04355
4.04354
4.04354
4.04354
4.04354
2.73673
2.73673
2.73672
2.73672
2.73672
2.73671
2.73671
2.73671
1.98708
1.98708
1.98707
1.98707
1.98707
1.98707
1.98707
1.98707
1.55903
1.55903
1.55903
1.55903
1.55903
1.55903
1.55903
1.55903
1.3156
1.3156
1.31561
1.31561
1.31561
1.31562
1.31562
1.31562
1.1777
1.1777
1.1777
1.17771
1.17771
1.17772
1.17772
1.17773
1.10007
1.10007
1.10008
1.10009
1.10009
1.1001
1.10011
1.10011
1.05856
1.05857
1.05857
1.05858
1.05859
1.0586
1.0586
1.05861
)
;

boundaryField
{
    inlet
    {
        type            fixedValue;
        value           uniform 273;
    }
    outlet
    {
        type            zeroGradient;
    }
    walls
    {
        type            zeroGradient;
    }
}


// ************************************************************************* //
