/*--------------------------------*- C++ -*----------------------------------*\
  =========                 |
  \\      /  F ield         | OpenFOAM: The Open Source CFD Toolbox
   \\    /   O peration     | Website:  https://openfoam.org
    \\  /    A nd           | Version:  6
     \\/     M anipulation  |
\*---------------------------------------------------------------------------*/
FoamFile
{
    version     2.0;
    format      ascii;
    class       volScalarField;
    location    "0.0011";
    object      T;
}
// * * * * * * * * * * * * * * * * * * * * * * * * * * * * * * * * * * * * * //

dimensions      [0 0 0 1 0 0 0];

internalField   nonuniform List<scalar> 
1024
(
273
273
273
273
273
273
273
273
273
273
273
273
273
273
273
273
273
273
273
272.999
272.999
272.999
272.999
272.999
272.998
272.998
272.997
272.997
272.997
272.996
272.996
272.996
272.998
272.998
272.998
272.997
272.997
272.996
272.996
272.995
273.016
273.016
273.015
273.015
273.014
273.013
273.012
273.012
273.066
273.066
273.066
273.065
273.064
273.063
273.063
273.062
273.134
273.134
273.134
273.133
273.132
273.132
273.131
273.131
273.117
273.117
273.117
273.116
273.115
273.115
273.114
273.114
272.779
272.779
272.778
272.777
272.777
272.776
272.776
272.775
271.734
271.734
271.733
271.733
271.732
271.731
271.731
271.731
269.491
269.491
269.49
269.489
269.489
269.488
269.488
269.487
265.528
265.528
265.528
265.527
265.526
265.526
265.525
265.525
259.392
259.392
259.391
259.39
259.39
259.389
259.389
259.389
250.644
250.644
250.644
250.643
250.643
250.642
250.642
250.641
236.277
236.277
236.277
236.276
236.276
236.275
236.275
236.275
273
273
273
273
273
273
273
273
273
273
273
273
273
273
273
273
273
273
273
272.999
272.999
272.999
272.999
272.999
272.998
272.998
272.997
272.997
272.997
272.996
272.996
272.996
272.998
272.998
272.998
272.997
272.997
272.996
272.996
272.995
273.016
273.016
273.015
273.015
273.014
273.013
273.012
273.012
273.066
273.066
273.066
273.065
273.064
273.063
273.063
273.062
273.134
273.134
273.134
273.133
273.132
273.132
273.131
273.131
273.117
273.117
273.117
273.116
273.115
273.115
273.114
273.114
272.779
272.779
272.778
272.777
272.777
272.776
272.776
272.775
271.734
271.734
271.733
271.733
271.732
271.731
271.731
271.731
269.491
269.491
269.49
269.489
269.489
269.488
269.488
269.487
265.528
265.528
265.528
265.527
265.526
265.526
265.525
265.525
259.392
259.392
259.391
259.391
259.39
259.389
259.389
259.389
250.644
250.644
250.644
250.643
250.643
250.642
250.642
250.641
236.278
236.277
236.277
236.276
236.276
236.275
236.275
236.275
273
273
273
273
273
273
273
273
273.001
273.001
273
273
273
273
273
273
273
273
273
272.999
272.999
272.999
272.999
272.999
272.998
272.998
272.997
272.997
272.997
272.996
272.996
272.996
272.998
272.998
272.998
272.997
272.997
272.996
272.996
272.995
273.016
273.016
273.015
273.015
273.014
273.013
273.012
273.012
273.066
273.066
273.066
273.065
273.064
273.063
273.063
273.062
273.134
273.134
273.134
273.133
273.132
273.132
273.131
273.131
273.118
273.117
273.117
273.116
273.115
273.115
273.114
273.114
272.779
272.779
272.778
272.778
272.777
272.776
272.776
272.775
271.734
271.734
271.734
271.733
271.732
271.731
271.731
271.731
269.491
269.491
269.49
269.489
269.489
269.488
269.488
269.487
265.529
265.528
265.528
265.527
265.526
265.526
265.525
265.525
259.392
259.392
259.391
259.391
259.39
259.389
259.389
259.389
250.644
250.644
250.644
250.643
250.643
250.642
250.642
250.641
236.278
236.277
236.277
236.276
236.276
236.275
236.275
236.275
273
273
273
273
273
273
273
273
273.001
273.001
273
273
273
273
273
273
273
273
273
272.999
272.999
272.999
272.999
272.999
272.998
272.998
272.997
272.997
272.997
272.996
272.996
272.996
272.998
272.998
272.998
272.997
272.997
272.996
272.996
272.995
273.016
273.016
273.015
273.015
273.014
273.013
273.012
273.012
273.066
273.066
273.066
273.065
273.064
273.063
273.063
273.062
273.134
273.134
273.134
273.133
273.132
273.132
273.131
273.131
273.118
273.117
273.117
273.116
273.115
273.115
273.114
273.114
272.779
272.779
272.778
272.778
272.777
272.776
272.776
272.775
271.734
271.734
271.734
271.733
271.732
271.731
271.731
271.731
269.491
269.491
269.49
269.489
269.489
269.488
269.488
269.487
265.529
265.528
265.528
265.527
265.526
265.526
265.525
265.525
259.392
259.392
259.391
259.391
259.39
259.389
259.389
259.389
250.644
250.644
250.644
250.643
250.643
250.642
250.642
250.641
236.278
236.277
236.277
236.276
236.276
236.275
236.275
236.275
273
273
273
273
273
273
273
273
273.001
273.001
273
273
273
273
273
273
273
273
273
272.999
272.999
272.999
272.999
272.999
272.998
272.998
272.997
272.997
272.997
272.996
272.996
272.996
272.998
272.998
272.998
272.997
272.997
272.996
272.996
272.995
273.016
273.016
273.015
273.015
273.014
273.013
273.012
273.012
273.066
273.066
273.066
273.065
273.064
273.063
273.063
273.062
273.134
273.134
273.134
273.133
273.132
273.132
273.131
273.131
273.118
273.117
273.117
273.116
273.115
273.115
273.114
273.114
272.779
272.779
272.778
272.778
272.777
272.776
272.776
272.775
271.734
271.734
271.734
271.733
271.732
271.731
271.731
271.731
269.491
269.491
269.49
269.489
269.489
269.488
269.488
269.487
265.529
265.528
265.528
265.527
265.526
265.526
265.525
265.525
259.392
259.392
259.391
259.391
259.39
259.389
259.389
259.389
250.644
250.644
250.644
250.643
250.643
250.642
250.642
250.641
236.278
236.277
236.277
236.276
236.276
236.275
236.275
236.275
273
273
273
273
273
273
273
273
273.001
273.001
273
273
273
273
273
273
273
273
273
272.999
272.999
272.999
272.999
272.999
272.998
272.998
272.997
272.997
272.997
272.996
272.996
272.996
272.998
272.998
272.998
272.997
272.997
272.996
272.996
272.995
273.016
273.016
273.015
273.015
273.014
273.013
273.012
273.012
273.066
273.066
273.066
273.065
273.064
273.063
273.063
273.062
273.134
273.134
273.134
273.133
273.132
273.132
273.131
273.13
273.118
273.117
273.117
273.116
273.115
273.115
273.114
273.114
272.779
272.779
272.778
272.777
272.777
272.776
272.776
272.775
271.734
271.734
271.733
271.733
271.732
271.731
271.731
271.731
269.491
269.491
269.49
269.489
269.489
269.488
269.487
269.487
265.528
265.528
265.528
265.527
265.526
265.526
265.525
265.525
259.392
259.392
259.391
259.39
259.39
259.389
259.389
259.389
250.644
250.644
250.644
250.643
250.643
250.642
250.642
250.641
236.277
236.277
236.277
236.276
236.276
236.275
236.275
236.275
273
273
273
273
273
273
273
273
273
273
273
273
273
273
273
273
273
273
273
272.999
272.999
272.999
272.999
272.999
272.998
272.998
272.997
272.997
272.996
272.996
272.996
272.996
272.998
272.998
272.998
272.997
272.996
272.996
272.996
272.995
273.016
273.016
273.015
273.015
273.014
273.013
273.012
273.012
273.066
273.066
273.066
273.065
273.064
273.063
273.063
273.062
273.134
273.134
273.134
273.133
273.132
273.132
273.131
273.13
273.117
273.117
273.117
273.116
273.115
273.115
273.114
273.114
272.779
272.779
272.778
272.777
272.777
272.776
272.776
272.775
271.734
271.734
271.733
271.733
271.732
271.731
271.731
271.731
269.491
269.491
269.49
269.489
269.489
269.488
269.487
269.487
265.528
265.528
265.528
265.527
265.526
265.526
265.525
265.525
259.392
259.392
259.391
259.39
259.39
259.389
259.389
259.388
250.644
250.644
250.644
250.643
250.642
250.642
250.642
250.641
236.277
236.277
236.277
236.276
236.276
236.275
236.275
236.275
273
273
273
273
273
273
273
273
273
273
273
273
273
273
273
273
273
273
273
272.999
272.999
272.999
272.999
272.999
272.998
272.998
272.997
272.997
272.996
272.996
272.996
272.996
272.998
272.998
272.998
272.997
272.996
272.996
272.996
272.996
273.016
273.016
273.015
273.015
273.014
273.013
273.012
273.012
273.066
273.066
273.066
273.065
273.064
273.063
273.063
273.062
273.134
273.134
273.133
273.133
273.132
273.132
273.131
273.131
273.117
273.117
273.117
273.116
273.115
273.115
273.114
273.114
272.779
272.779
272.778
272.777
272.777
272.776
272.776
272.775
271.734
271.734
271.733
271.733
271.732
271.731
271.731
271.731
269.491
269.49
269.49
269.489
269.489
269.488
269.487
269.487
265.528
265.528
265.528
265.527
265.526
265.526
265.525
265.525
259.392
259.391
259.391
259.39
259.39
259.389
259.389
259.389
250.644
250.644
250.644
250.643
250.642
250.642
250.641
250.641
236.277
236.277
236.277
236.276
236.276
236.275
236.275
236.275
)
;

boundaryField
{
    inlet
    {
        type            fixedValue;
        value           uniform 273;
    }
    outlet
    {
        type            zeroGradient;
    }
    walls
    {
        type            zeroGradient;
    }
}


// ************************************************************************* //
