/*--------------------------------*- C++ -*----------------------------------*\
  =========                 |
  \\      /  F ield         | OpenFOAM: The Open Source CFD Toolbox
   \\    /   O peration     | Website:  https://openfoam.org
    \\  /    A nd           | Version:  6
     \\/     M anipulation  |
\*---------------------------------------------------------------------------*/
FoamFile
{
    version     2.0;
    format      ascii;
    class       volScalarField;
    location    "0.4";
    object      Phi;
}
// * * * * * * * * * * * * * * * * * * * * * * * * * * * * * * * * * * * * * //

dimensions      [0 2 -1 0 0 0 0];

internalField   nonuniform List<scalar> 
3029
(
36.0844
35.7329
35.4452
35.1103
35.0158
35.1103
35.4452
35.7329
36.0844
35.7874
35.4924
35.2563
34.974
34.8962
34.974
35.2563
35.4924
35.7874
35.0803
34.9653
34.8376
34.7198
34.6788
34.7198
34.8377
34.9654
35.0803
34.6029
34.5542
34.4909
34.4365
34.4162
34.4365
34.4909
34.5542
34.6029
34.2231
34.2012
34.1704
34.1443
34.1342
34.1443
34.1704
34.2012
34.2231
33.887
33.8768
33.8618
33.849
33.8441
33.849
33.8618
33.8768
33.887
33.5714
33.5665
33.5592
33.5529
33.5504
33.5529
33.5592
33.5665
33.5714
33.2655
33.2631
33.2596
33.2565
33.2553
33.2565
33.2596
33.2631
33.2655
32.9644
32.9633
32.9616
32.9601
32.9595
32.9601
32.9616
32.9633
32.9644
32.6655
32.6651
32.6644
32.6639
32.6637
32.6639
32.6644
32.6651
32.6655
32.3675
32.3676
32.3677
32.368
32.3681
32.368
32.3677
32.3676
32.3675
32.0694
32.0701
32.0713
32.0727
32.0734
32.0727
32.0713
32.0701
32.0694
31.77
31.7717
31.7751
31.7792
31.7814
31.7792
31.7751
31.7717
31.77
31.4672
31.471
31.4792
31.4901
31.4972
31.4901
31.4792
31.471
31.4672
31.1567
31.1644
31.1829
31.212
31.2371
31.212
31.1829
31.1645
31.1567
30.8307
30.8447
30.8827
30.958
31.06
30.958
30.8827
30.8447
30.8307
30.4767
30.4973
30.5616
30.7325
31.2071
30.7325
30.5617
30.4973
30.4767
30.0817
30.1022
30.1666
30.3375
30.8121
30.3375
30.1666
30.1022
30.0817
29.6454
29.6594
29.6975
29.7729
29.8749
29.7729
29.6975
29.6594
29.6454
29.1811
29.189
29.2075
29.2368
29.2619
29.2368
29.2075
29.189
29.1811
28.7012
28.7052
28.7136
28.7247
28.7318
28.7247
28.7136
28.7052
28.7012
28.2134
28.2154
28.2192
28.2236
28.226
28.2236
28.2192
28.2154
28.2134
27.7215
27.7227
27.7248
27.7269
27.7278
27.7269
27.7248
27.7227
27.7215
27.2273
27.2284
27.2301
27.2317
27.2323
27.2317
27.2301
27.2284
27.2273
26.731
26.7324
26.7347
26.7367
26.7375
26.7367
26.7347
26.7324
26.731
26.2317
26.2341
26.2378
26.2411
26.2423
26.2411
26.2378
26.2341
26.2317
25.7277
25.7317
25.7379
25.7433
25.7454
25.7433
25.7379
25.7317
25.7277
25.2155
25.2219
25.2319
25.2404
25.2436
25.2404
25.2319
25.2219
25.2155
24.6905
24.6993
24.7135
24.7251
24.7294
24.7251
24.7135
24.6993
24.6905
24.148
24.156
24.1707
24.1815
24.1851
24.1815
24.1707
24.156
24.148
23.5893
23.5845
23.5827
23.5772
23.5742
23.5772
23.5827
23.5845
23.5893
23.0401
22.9958
22.9298
22.8736
22.8522
22.8736
22.9298
22.9958
23.0401
22.5797
22.4813
22.3237
22.2007
22.156
22.2007
22.3237
22.4813
22.5797
22.3159
22.184
21.9727
21.8136
21.7568
21.8136
21.9727
22.184
22.3159
35.7329
35.4097
35.1812
35.006
34.9466
35.006
35.1812
35.4097
35.7329
35.4924
35.2202
35.0323
34.8875
34.8384
34.8875
35.0323
35.2202
35.4924
34.9653
34.8622
34.7558
34.6721
34.6418
34.6721
34.7558
34.8622
34.9654
34.5542
34.5106
34.4559
34.4115
34.3948
34.4115
34.4559
34.5106
34.5542
34.2012
34.1814
34.154
34.1311
34.1224
34.1311
34.154
34.1814
34.2012
33.8768
33.8674
33.8537
33.8421
33.8376
33.8421
33.8537
33.8674
33.8768
33.5665
33.5619
33.5551
33.5492
33.547
33.5492
33.5551
33.5619
33.5665
33.2631
33.2609
33.2575
33.2546
33.2534
33.2546
33.2575
33.2609
33.2631
32.9633
32.9622
32.9605
32.9591
32.9585
32.9591
32.9605
32.9622
32.9633
32.6651
32.6646
32.6639
32.6633
32.663
32.6633
32.6639
32.6646
32.6651
32.3676
32.3675
32.3674
32.3674
32.3674
32.3674
32.3674
32.3675
32.3676
32.0701
32.0703
32.0709
32.0717
32.0721
32.0717
32.0709
32.0703
32.0701
31.7717
31.7725
31.7742
31.7766
31.778
31.7766
31.7742
31.7725
31.7717
31.471
31.4725
31.4767
31.4831
31.487
31.4831
31.4767
31.4725
31.471
31.1644
31.167
31.1761
31.1921
31.2043
31.1921
31.1761
31.167
31.1645
30.8447
30.8483
30.866
30.9028
30.9399
30.9028
30.866
30.8483
30.8447
30.4973
30.5012
30.5292
30.5984
30.6984
30.5984
30.5292
30.5012
30.4973
30.1022
30.1062
30.1341
30.2033
30.3034
30.2033
30.1341
30.1062
30.1022
29.6594
29.6631
29.6809
29.7177
29.7548
29.7177
29.6809
29.6631
29.6594
29.189
29.1916
29.2009
29.2169
29.2291
29.2169
29.2009
29.1916
29.189
28.7052
28.7068
28.7113
28.7178
28.7219
28.7178
28.7113
28.7068
28.7052
28.2154
28.2164
28.2186
28.2214
28.2229
28.2214
28.2186
28.2164
28.2154
27.7227
27.7235
27.7249
27.7265
27.7272
27.7265
27.725
27.7235
27.7227
27.2284
27.2293
27.2309
27.2323
27.2329
27.2323
27.2309
27.2293
27.2284
26.7324
26.734
26.7365
26.7386
26.7395
26.7386
26.7365
26.734
26.7324
26.2341
26.237
26.2413
26.2451
26.2466
26.2451
26.2413
26.237
26.2341
25.7317
25.7369
25.7449
25.7518
25.7544
25.7518
25.7449
25.7369
25.7317
25.2219
25.2311
25.2457
25.2579
25.2625
25.2579
25.2457
25.2311
25.2219
24.6993
24.7147
24.7405
24.7608
24.7682
24.7608
24.7405
24.7147
24.6993
24.156
24.1776
24.22
24.2492
24.2589
24.2492
24.22
24.1776
24.156
23.5845
23.5987
23.6511
23.6739
23.6793
23.6739
23.6511
23.5987
23.5845
22.9958
22.9434
22.8733
22.8082
22.7835
22.8082
22.8733
22.9434
22.9958
22.4813
22.3233
22.0339
21.8365
21.7696
21.8365
22.0339
22.3233
22.4813
22.184
21.9661
21.5697
21.3241
21.2439
21.3241
21.5697
21.9661
22.184
35.4452
35.1812
35.0128
34.9043
34.8669
34.9043
35.0128
35.1812
35.4452
35.2563
35.0323
34.8928
34.8023
34.7709
34.8023
34.8928
35.0323
35.2563
34.8376
34.7558
34.6748
34.616
34.5948
34.616
34.6748
34.7558
34.8377
34.4909
34.4559
34.4124
34.3784
34.3656
34.3784
34.4124
34.4559
34.4909
34.1704
34.154
34.1312
34.1126
34.1054
34.1126
34.1312
34.154
34.1704
33.8618
33.8537
33.842
33.832
33.8282
33.832
33.842
33.8537
33.8618
33.5592
33.5551
33.549
33.5438
33.5418
33.5438
33.549
33.5551
33.5592
33.2596
33.2575
33.2544
33.2517
33.2506
33.2517
33.2544
33.2575
33.2596
32.9616
32.9605
32.9589
32.9575
32.957
32.9575
32.9589
32.9605
32.9616
32.6644
32.6639
32.663
32.6623
32.6621
32.6623
32.663
32.6639
32.6644
32.3677
32.3674
32.3669
32.3666
32.3665
32.3666
32.3669
32.3674
32.3677
32.0713
32.0709
32.0705
32.0704
32.0704
32.0704
32.0705
32.0709
32.0713
31.7751
31.7742
31.7736
31.7737
31.774
31.7737
31.7736
31.7742
31.7751
31.4792
31.4767
31.4751
31.4757
31.4767
31.4757
31.4751
31.4767
31.4792
31.1829
31.1761
31.1722
31.1742
31.1774
31.1742
31.1722
31.1761
31.1829
30.8827
30.866
30.8571
30.8625
30.8713
30.8625
30.8571
30.866
30.8827
30.5616
30.5292
30.5137
30.524
30.5432
30.524
30.5137
30.5292
30.5617
30.1666
30.1341
30.1186
30.1289
30.1482
30.1289
30.1186
30.1341
30.1666
29.6975
29.6809
29.672
29.6774
29.6863
29.6774
29.672
29.6809
29.6975
29.2075
29.2009
29.197
29.1991
29.2023
29.1991
29.197
29.2009
29.2075
28.7136
28.7113
28.7099
28.7107
28.7118
28.7107
28.7099
28.7113
28.7136
28.2192
28.2186
28.2184
28.2189
28.2194
28.2189
28.2184
28.2186
28.2192
27.7248
27.7249
27.7255
27.7262
27.7265
27.7262
27.7255
27.725
27.7248
27.2301
27.2309
27.2322
27.2334
27.2339
27.2334
27.2322
27.2309
27.2301
26.7347
26.7365
26.7392
26.7415
26.7425
26.7415
26.7392
26.7365
26.7347
26.2378
26.2413
26.2467
26.2514
26.2532
26.2514
26.2467
26.2413
26.2378
25.7379
25.7449
25.7557
25.765
25.7685
25.765
25.7557
25.7449
25.7379
25.2319
25.2457
25.2679
25.2862
25.293
25.2862
25.2679
25.2457
25.2319
24.7135
24.7405
24.788
24.824
24.8367
24.824
24.788
24.7405
24.7135
24.1707
24.22
24.3311
24.4002
24.4224
24.4002
24.3311
24.22
24.1707
23.5827
23.6511
23.9581
24.0787
24.1113
24.0787
23.9581
23.6511
23.5827
22.9298
22.8733
22.8733
22.9298
22.3237
22.0339
21.2769
20.8825
20.7615
20.8825
21.2769
22.0339
22.3237
21.9727
21.5697
20.5515
20.1568
20.045
20.1568
20.5515
21.5697
21.9727
18.579
18.4531
18.4003
18.4531
18.579
16.8583
16.8176
16.7971
16.8176
16.8583
15.2189
15.2057
15.1984
15.2057
15.2189
13.6061
13.6017
13.5992
13.6017
13.6061
12.0019
12.0005
11.9996
12.0005
12.0019
10.4005
10.4001
10.3998
10.4001
10.4005
8.80009
8.79994
8.79985
8.79994
8.80009
7.19997
7.19992
7.19989
7.19992
7.19997
5.59994
5.59993
5.59992
5.59993
5.59994
3.99995
3.99995
3.99994
3.99995
3.99995
2.39997
2.39997
2.39997
2.39997
2.39997
0.799989
0.799989
0.799989
0.799989
0.799989
35.1103
35.006
34.9043
34.8335
34.8084
34.8335
34.9043
35.006
35.1103
34.974
34.8875
34.8023
34.7423
34.7208
34.7423
34.8023
34.8875
34.974
34.7198
34.6721
34.616
34.5738
34.5584
34.5739
34.616
34.6721
34.7198
34.4365
34.4115
34.3784
34.352
34.3421
34.352
34.3784
34.4115
34.4365
34.1443
34.1311
34.1126
34.0972
34.0913
34.0972
34.1126
34.1311
34.1443
33.849
33.8421
33.832
33.8234
33.8201
33.8234
33.832
33.8421
33.849
33.5529
33.5492
33.5438
33.5392
33.5373
33.5392
33.5438
33.5492
33.5529
33.2565
33.2546
33.2517
33.2492
33.2482
33.2492
33.2517
33.2546
33.2565
32.9601
32.9591
32.9575
32.9562
32.9557
32.9562
32.9575
32.9591
32.9601
32.6639
32.6633
32.6623
32.6615
32.6612
32.6615
32.6623
32.6633
32.6639
32.368
32.3674
32.3666
32.3659
32.3657
32.3659
32.3666
32.3674
32.368
32.0727
32.0717
32.0704
32.0695
32.0692
32.0695
32.0704
32.0717
32.0727
31.7792
31.7766
31.7737
31.7719
31.7713
31.7719
31.7737
31.7766
31.7792
31.4901
31.4831
31.4757
31.4717
31.4706
31.4717
31.4757
31.4831
31.4901
31.212
31.1921
31.1742
31.1654
31.1635
31.1654
31.1742
31.1921
31.2121
30.958
30.9028
30.8625
30.8454
30.8424
30.8454
30.8625
30.9028
30.958
30.7325
30.5984
30.524
30.4971
30.4935
30.4971
30.524
30.5984
30.7325
30.3375
30.2033
30.1289
30.1021
30.0985
30.1021
30.1289
30.2033
30.3375
29.7729
29.7177
29.6774
29.6603
29.6574
29.6604
29.6774
29.7177
29.7729
29.2368
29.2169
29.1991
29.1904
29.1886
29.1904
29.1991
29.2169
29.2368
28.7247
28.7178
28.7107
28.7069
28.7059
28.7069
28.7107
28.7178
28.7247
28.2236
28.2214
28.2189
28.2175
28.2172
28.2175
28.2189
28.2214
28.2236
27.7269
27.7265
27.7262
27.7261
27.7261
27.7261
27.7262
27.7265
27.7269
27.2317
27.2323
27.2334
27.2345
27.2349
27.2345
27.2334
27.2323
27.2317
26.7367
26.7386
26.7415
26.7441
26.7451
26.7441
26.7415
26.7386
26.7367
26.2411
26.2451
26.2514
26.2568
26.259
26.2568
26.2514
26.2451
26.2411
25.7433
25.7518
25.765
25.7762
25.7805
25.7762
25.765
25.7518
25.7433
25.2404
25.2579
25.2862
25.3094
25.3181
25.3094
25.2862
25.2579
25.2404
24.7251
24.7608
24.824
24.8718
24.8888
24.8718
24.824
24.7608
24.7251
24.1815
24.2492
24.4002
24.496
24.5269
24.496
24.4002
24.2492
24.1815
23.5772
23.6739
24.0787
24.2497
24.2976
24.2497
24.0786
23.6739
23.5772
22.8736
22.8082
22.8082
22.8736
22.2007
21.8365
20.8825
20.381
20.2277
20.381
20.8825
21.8365
22.2007
21.8136
21.3241
20.1568
19.6847
19.5509
19.6847
20.1568
21.3241
21.8136
18.4531
18.3118
18.2531
18.3118
18.4531
16.8176
16.7737
16.7518
16.7737
16.8176
15.2057
15.1918
15.1841
15.1918
15.2057
13.6017
13.5973
13.5947
13.5973
13.6017
12.0005
11.999
11.9982
11.999
12.0005
10.4001
10.3996
10.3993
10.3996
10.4001
8.79994
8.79979
8.79969
8.79979
8.79994
7.19992
7.19987
7.19984
7.19987
7.19992
5.59993
5.59991
5.5999
5.59991
5.59993
3.99995
3.99994
3.99994
3.99994
3.99995
2.39997
2.39997
2.39996
2.39997
2.39997
0.799989
0.799989
0.799988
0.799989
0.799989
35.0158
34.9466
34.8669
34.8084
34.7872
34.8084
34.8669
34.9466
35.0158
34.8962
34.8384
34.7709
34.7208
34.7026
34.7208
34.7709
34.8385
34.8962
34.6788
34.6418
34.5948
34.5584
34.5449
34.5584
34.5948
34.6418
34.6788
34.4162
34.3948
34.3657
34.3421
34.3332
34.3421
34.3657
34.3948
34.4162
34.1342
34.1224
34.1054
34.0913
34.0859
34.0913
34.1055
34.1224
34.1342
33.8441
33.8376
33.8282
33.8201
33.817
33.8201
33.8282
33.8376
33.8441
33.5504
33.547
33.5418
33.5373
33.5356
33.5373
33.5418
33.547
33.5504
33.2553
33.2534
33.2506
33.2482
33.2473
33.2482
33.2506
33.2534
33.2553
32.9595
32.9585
32.957
32.9557
32.9551
32.9557
32.957
32.9585
32.9595
32.6637
32.663
32.6621
32.6612
32.6609
32.6612
32.6621
32.663
32.6637
32.3681
32.3674
32.3665
32.3657
32.3654
32.3657
32.3665
32.3674
32.3681
32.0734
32.0721
32.0704
32.0692
32.0688
32.0692
32.0704
32.0721
32.0734
31.7814
31.778
31.774
31.7713
31.7705
31.7713
31.774
31.778
31.7814
31.4972
31.487
31.4768
31.4706
31.4688
31.4706
31.4768
31.487
31.4972
31.2371
31.2043
31.1774
31.1635
31.1597
31.1635
31.1774
31.2043
31.2371
31.06
30.9399
30.8713
30.8424
30.8354
30.8424
30.8713
30.9399
31.06
31.2071
30.6984
30.5432
30.4935
30.4829
30.4935
30.5432
30.6984
31.2071
30.8121
30.3034
30.1482
30.0985
30.0879
30.0985
30.1482
30.3034
30.8121
29.8749
29.7548
29.6863
29.6574
29.6504
29.6574
29.6863
29.7548
29.8749
29.2619
29.2291
29.2023
29.1886
29.1848
29.1886
29.2023
29.2291
29.2619
28.7318
28.7219
28.7118
28.7059
28.7041
28.7059
28.7118
28.7219
28.7318
28.226
28.2229
28.2194
28.2172
28.2165
28.2172
28.2194
28.2229
28.226
27.7278
27.7272
27.7265
27.7261
27.7261
27.7261
27.7265
27.7272
27.7278
27.2323
27.2329
27.2339
27.2349
27.2353
27.2349
27.2339
27.2329
27.2323
26.7375
26.7395
26.7425
26.7451
26.7462
26.7451
26.7425
26.7395
26.7375
26.2423
26.2466
26.2532
26.259
26.2612
26.259
26.2532
26.2466
26.2423
25.7454
25.7544
25.7685
25.7805
25.7851
25.7805
25.7685
25.7544
25.7454
25.2436
25.2625
25.293
25.3181
25.3275
25.3181
25.293
25.2625
25.2436
24.7294
24.7682
24.8367
24.8888
24.9072
24.8888
24.8367
24.7682
24.7294
24.1851
24.2589
24.4224
24.5269
24.5608
24.5269
24.4224
24.2589
24.1851
23.5742
23.6793
24.1113
24.2976
24.3502
24.2976
24.1113
23.6793
23.5742
22.8522
22.7835
22.7835
22.8522
22.156
21.7696
20.7615
20.2277
20.0642
20.2277
20.7615
21.7696
22.156
21.7568
21.2439
20.045
19.5509
19.4099
19.5509
20.045
21.2439
21.7568
18.4003
18.2531
18.1919
18.2531
18.4003
16.7971
16.7518
16.7293
16.7518
16.7971
15.1984
15.1841
15.1763
15.1841
15.1984
13.5992
13.5947
13.5921
13.5947
13.5992
11.9996
11.9982
11.9973
11.9982
11.9996
10.3998
10.3993
10.399
10.3993
10.3998
8.79985
8.79969
8.7996
8.79969
8.79985
7.19989
7.19984
7.19981
7.19984
7.19989
5.59992
5.5999
5.59989
5.5999
5.59992
3.99994
3.99994
3.99993
3.99994
3.99994
2.39997
2.39996
2.39996
2.39996
2.39997
0.799989
0.799988
0.799988
0.799988
0.799989
35.1103
35.006
34.9043
34.8335
34.8084
34.8335
34.9043
35.006
35.1103
34.974
34.8875
34.8023
34.7423
34.7208
34.7423
34.8023
34.8875
34.974
34.7198
34.6721
34.616
34.5739
34.5584
34.5739
34.616
34.6721
34.7198
34.4365
34.4115
34.3784
34.352
34.3421
34.352
34.3784
34.4115
34.4365
34.1443
34.1311
34.1126
34.0972
34.0913
34.0972
34.1126
34.1311
34.1443
33.849
33.8421
33.832
33.8234
33.8201
33.8234
33.832
33.8421
33.849
33.5529
33.5492
33.5438
33.5392
33.5373
33.5392
33.5438
33.5492
33.5529
33.2565
33.2546
33.2517
33.2492
33.2482
33.2492
33.2517
33.2546
33.2565
32.9601
32.9591
32.9575
32.9562
32.9557
32.9562
32.9575
32.9591
32.9601
32.6639
32.6633
32.6623
32.6615
32.6612
32.6615
32.6623
32.6633
32.6639
32.368
32.3674
32.3666
32.3659
32.3657
32.3659
32.3666
32.3674
32.368
32.0727
32.0717
32.0704
32.0695
32.0692
32.0695
32.0704
32.0717
32.0727
31.7792
31.7766
31.7737
31.7719
31.7713
31.7719
31.7737
31.7766
31.7792
31.4901
31.4831
31.4757
31.4717
31.4706
31.4717
31.4758
31.4831
31.4901
31.212
31.1921
31.1742
31.1654
31.1635
31.1654
31.1742
31.1921
31.2121
30.958
30.9028
30.8625
30.8454
30.8424
30.8454
30.8625
30.9028
30.958
30.7325
30.5984
30.524
30.4971
30.4935
30.4971
30.524
30.5984
30.7325
30.3375
30.2033
30.1289
30.1021
30.0985
30.1021
30.1289
30.2033
30.3375
29.7729
29.7177
29.6774
29.6603
29.6574
29.6604
29.6774
29.7177
29.7729
29.2368
29.2169
29.1991
29.1904
29.1886
29.1904
29.1991
29.2169
29.2368
28.7247
28.7178
28.7107
28.7069
28.7059
28.7069
28.7107
28.7178
28.7247
28.2236
28.2214
28.2189
28.2175
28.2172
28.2175
28.2189
28.2214
28.2236
27.7269
27.7265
27.7261
27.7261
27.7261
27.7261
27.7262
27.7265
27.7269
27.2317
27.2323
27.2334
27.2345
27.2349
27.2345
27.2334
27.2323
27.2317
26.7367
26.7386
26.7415
26.7441
26.7451
26.7441
26.7415
26.7386
26.7367
26.2411
26.2451
26.2514
26.2568
26.259
26.2568
26.2514
26.2451
26.2411
25.7433
25.7518
25.765
25.7762
25.7805
25.7762
25.765
25.7518
25.7433
25.2404
25.2579
25.2862
25.3094
25.3181
25.3094
25.2862
25.2579
25.2404
24.7251
24.7608
24.8239
24.8718
24.8888
24.8718
24.8239
24.7608
24.7251
24.1815
24.2492
24.4002
24.4959
24.5269
24.4959
24.4002
24.2492
24.1815
23.5772
23.6739
24.0786
24.2497
24.2975
24.2497
24.0786
23.6739
23.5772
22.8736
22.8082
22.8081
22.8736
22.2007
21.8365
20.8825
20.381
20.2277
20.381
20.8825
21.8365
22.2007
21.8136
21.3241
20.1568
19.6847
19.5509
19.6847
20.1568
21.3241
21.8136
18.4531
18.3118
18.2531
18.3118
18.4531
16.8176
16.7737
16.7518
16.7737
16.8176
15.2057
15.1918
15.1841
15.1918
15.2057
13.6017
13.5973
13.5947
13.5973
13.6017
12.0005
11.999
11.9982
11.999
12.0005
10.4001
10.3996
10.3993
10.3996
10.4001
8.79994
8.79979
8.79969
8.79979
8.79994
7.19992
7.19987
7.19984
7.19987
7.19992
5.59993
5.59991
5.5999
5.59991
5.59993
3.99995
3.99994
3.99994
3.99994
3.99995
2.39997
2.39997
2.39996
2.39997
2.39997
0.799989
0.799989
0.799988
0.799989
0.799989
35.4452
35.1812
35.0128
34.9043
34.8669
34.9043
35.0128
35.1812
35.4452
35.2563
35.0323
34.8928
34.8023
34.7709
34.8023
34.8928
35.0323
35.2563
34.8377
34.7558
34.6748
34.616
34.5948
34.616
34.6748
34.7558
34.8377
34.4909
34.4559
34.4124
34.3784
34.3657
34.3784
34.4124
34.4559
34.4909
34.1704
34.154
34.1312
34.1126
34.1055
34.1126
34.1312
34.154
34.1704
33.8618
33.8537
33.842
33.832
33.8282
33.832
33.842
33.8537
33.8618
33.5592
33.5551
33.549
33.5438
33.5418
33.5438
33.549
33.5551
33.5592
33.2596
33.2575
33.2544
33.2517
33.2506
33.2517
33.2544
33.2575
33.2596
32.9616
32.9605
32.9589
32.9575
32.957
32.9575
32.9589
32.9605
32.9616
32.6644
32.6639
32.663
32.6623
32.6621
32.6623
32.663
32.6639
32.6644
32.3677
32.3674
32.3669
32.3666
32.3665
32.3666
32.3669
32.3674
32.3677
32.0713
32.0709
32.0705
32.0704
32.0704
32.0704
32.0705
32.0709
32.0713
31.7751
31.7742
31.7736
31.7737
31.774
31.7737
31.7736
31.7742
31.7751
31.4792
31.4767
31.4751
31.4757
31.4768
31.4758
31.4751
31.4767
31.4792
31.1829
31.1761
31.1722
31.1742
31.1774
31.1742
31.1722
31.1761
31.1829
30.8827
30.866
30.8571
30.8625
30.8713
30.8625
30.8571
30.866
30.8827
30.5617
30.5292
30.5137
30.524
30.5432
30.524
30.5137
30.5292
30.5617
30.1666
30.1341
30.1186
30.1289
30.1482
30.1289
30.1186
30.1341
30.1666
29.6975
29.6809
29.672
29.6774
29.6863
29.6774
29.672
29.6809
29.6975
29.2075
29.2009
29.197
29.1991
29.2023
29.1991
29.197
29.2009
29.2075
28.7136
28.7113
28.7099
28.7107
28.7118
28.7107
28.7099
28.7113
28.7136
28.2192
28.2186
28.2184
28.2189
28.2194
28.2189
28.2184
28.2186
28.2192
27.7248
27.7249
27.7255
27.7261
27.7265
27.7261
27.7255
27.7249
27.7248
27.2301
27.2309
27.2322
27.2334
27.2339
27.2334
27.2322
27.2309
27.2301
26.7347
26.7364
26.7391
26.7415
26.7425
26.7415
26.7391
26.7364
26.7347
26.2378
26.2413
26.2467
26.2514
26.2532
26.2514
26.2467
26.2413
26.2378
25.7379
25.7449
25.7557
25.765
25.7685
25.765
25.7557
25.7449
25.7379
25.2319
25.2457
25.2679
25.2862
25.293
25.2862
25.2679
25.2457
25.2319
24.7135
24.7405
24.788
24.8239
24.8367
24.8239
24.788
24.7405
24.7135
24.1707
24.22
24.3311
24.4002
24.4224
24.4002
24.3311
24.22
24.1707
23.5827
23.6511
23.9581
24.0786
24.1113
24.0786
23.9581
23.6511
23.5827
22.9298
22.8733
22.8733
22.9298
22.3237
22.0339
21.2769
20.8825
20.7615
20.8825
21.2769
22.0339
22.3237
21.9727
21.5697
20.5515
20.1568
20.045
20.1568
20.5515
21.5697
21.9727
18.579
18.4531
18.4003
18.4531
18.579
16.8583
16.8176
16.7971
16.8176
16.8583
15.2189
15.2057
15.1984
15.2057
15.2189
13.6061
13.6017
13.5992
13.6017
13.6061
12.0019
12.0005
11.9996
12.0005
12.0019
10.4005
10.4001
10.3998
10.4001
10.4005
8.80009
8.79994
8.79985
8.79994
8.80009
7.19997
7.19992
7.19989
7.19992
7.19997
5.59994
5.59993
5.59992
5.59993
5.59994
3.99995
3.99995
3.99994
3.99995
3.99995
2.39997
2.39997
2.39997
2.39997
2.39997
0.799989
0.799989
0.799989
0.799989
0.799989
35.7329
35.4097
35.1812
35.006
34.9466
35.006
35.1812
35.4097
35.7329
35.4925
35.2202
35.0323
34.8875
34.8385
34.8875
35.0323
35.2202
35.4925
34.9654
34.8622
34.7558
34.6721
34.6418
34.6721
34.7558
34.8622
34.9654
34.5542
34.5106
34.4559
34.4115
34.3948
34.4115
34.4559
34.5106
34.5542
34.2012
34.1814
34.154
34.1311
34.1224
34.1311
34.154
34.1814
34.2012
33.8768
33.8674
33.8537
33.8421
33.8377
33.8421
33.8537
33.8674
33.8768
33.5665
33.5619
33.5551
33.5492
33.547
33.5492
33.5551
33.5619
33.5665
33.2632
33.2609
33.2575
33.2546
33.2534
33.2546
33.2575
33.2609
33.2632
32.9633
32.9622
32.9605
32.9591
32.9585
32.9591
32.9605
32.9622
32.9633
32.6651
32.6646
32.6639
32.6633
32.663
32.6633
32.6639
32.6646
32.6651
32.3676
32.3675
32.3674
32.3674
32.3674
32.3674
32.3674
32.3675
32.3676
32.0701
32.0703
32.0709
32.0717
32.0721
32.0717
32.0709
32.0703
32.0701
31.7717
31.7725
31.7742
31.7766
31.778
31.7766
31.7742
31.7725
31.7717
31.471
31.4725
31.4767
31.4831
31.487
31.4831
31.4767
31.4725
31.471
31.1645
31.167
31.1761
31.1921
31.2043
31.1921
31.1761
31.167
31.1645
30.8447
30.8483
30.866
30.9028
30.9399
30.9028
30.866
30.8483
30.8447
30.4973
30.5012
30.5292
30.5984
30.6984
30.5984
30.5292
30.5012
30.4973
30.1022
30.1062
30.1341
30.2033
30.3034
30.2033
30.1341
30.1062
30.1022
29.6594
29.6631
29.6809
29.7177
29.7548
29.7177
29.6809
29.6631
29.6594
29.189
29.1916
29.2009
29.2169
29.2291
29.2169
29.2009
29.1916
29.189
28.7052
28.7068
28.7113
28.7178
28.7219
28.7178
28.7113
28.7068
28.7052
28.2154
28.2164
28.2186
28.2214
28.2229
28.2214
28.2186
28.2164
28.2154
27.7227
27.7235
27.7249
27.7265
27.7272
27.7265
27.7249
27.7235
27.7227
27.2284
27.2293
27.2309
27.2323
27.2329
27.2323
27.2309
27.2293
27.2284
26.7324
26.734
26.7364
26.7386
26.7394
26.7386
26.7364
26.734
26.7324
26.2341
26.237
26.2413
26.2451
26.2466
26.2451
26.2413
26.237
26.2341
25.7317
25.7369
25.7449
25.7518
25.7544
25.7518
25.7449
25.7369
25.7317
25.2219
25.2311
25.2457
25.2579
25.2625
25.2579
25.2457
25.2311
25.2219
24.6993
24.7147
24.7405
24.7608
24.7682
24.7608
24.7405
24.7147
24.6993
24.156
24.1776
24.22
24.2492
24.2589
24.2492
24.22
24.1776
24.156
23.5845
23.5987
23.6511
23.6739
23.6793
23.6739
23.6511
23.5987
23.5845
22.9958
22.9434
22.8733
22.8081
22.7835
22.8081
22.8733
22.9434
22.9958
22.4813
22.3233
22.0339
21.8365
21.7696
21.8365
22.0339
22.3233
22.4813
22.184
21.9661
21.5697
21.3241
21.2439
21.3241
21.5697
21.9661
22.184
36.0844
35.7329
35.4452
35.1103
35.0158
35.1103
35.4452
35.7329
36.0844
35.7874
35.4925
35.2563
34.974
34.8962
34.974
35.2563
35.4925
35.7874
35.0803
34.9654
34.8377
34.7198
34.6788
34.7198
34.8377
34.9654
35.0803
34.6029
34.5542
34.4909
34.4365
34.4162
34.4365
34.4909
34.5542
34.6029
34.2231
34.2012
34.1704
34.1443
34.1342
34.1443
34.1704
34.2012
34.2231
33.887
33.8768
33.8618
33.849
33.8441
33.849
33.8618
33.8768
33.887
33.5714
33.5665
33.5592
33.5529
33.5504
33.5529
33.5592
33.5665
33.5714
33.2655
33.2632
33.2596
33.2565
33.2553
33.2565
33.2596
33.2632
33.2655
32.9644
32.9633
32.9616
32.9601
32.9596
32.9601
32.9616
32.9633
32.9644
32.6655
32.6651
32.6644
32.6639
32.6637
32.6639
32.6644
32.6651
32.6655
32.3675
32.3676
32.3677
32.368
32.3681
32.368
32.3677
32.3676
32.3675
32.0694
32.0701
32.0713
32.0727
32.0734
32.0727
32.0713
32.0701
32.0694
31.77
31.7717
31.7751
31.7792
31.7814
31.7792
31.7751
31.7717
31.77
31.4672
31.471
31.4792
31.4901
31.4972
31.4901
31.4792
31.471
31.4672
31.1567
31.1645
31.1829
31.2121
31.2371
31.2121
31.1829
31.1645
31.1567
30.8307
30.8447
30.8827
30.958
31.06
30.958
30.8827
30.8447
30.8307
30.4767
30.4973
30.5617
30.7325
31.2071
30.7325
30.5617
30.4973
30.4767
30.0817
30.1022
30.1666
30.3375
30.8121
30.3375
30.1666
30.1022
30.0817
29.6454
29.6594
29.6975
29.7729
29.8749
29.7729
29.6975
29.6594
29.6454
29.1811
29.189
29.2075
29.2368
29.2619
29.2368
29.2075
29.189
29.1811
28.7012
28.7052
28.7136
28.7247
28.7318
28.7247
28.7136
28.7052
28.7012
28.2134
28.2154
28.2192
28.2236
28.226
28.2236
28.2192
28.2154
28.2134
27.7215
27.7227
27.7248
27.7269
27.7278
27.7269
27.7248
27.7227
27.7215
27.2273
27.2284
27.2301
27.2317
27.2323
27.2317
27.2301
27.2284
27.2273
26.731
26.7324
26.7347
26.7367
26.7375
26.7367
26.7347
26.7324
26.731
26.2317
26.2341
26.2378
26.2411
26.2423
26.2411
26.2378
26.2341
26.2317
25.7277
25.7317
25.7379
25.7433
25.7454
25.7433
25.7379
25.7317
25.7277
25.2155
25.2219
25.2319
25.2404
25.2436
25.2404
25.2319
25.2219
25.2155
24.6905
24.6993
24.7135
24.7251
24.7294
24.7251
24.7135
24.6993
24.6905
24.148
24.156
24.1707
24.1815
24.1851
24.1815
24.1707
24.156
24.148
23.5893
23.5845
23.5827
23.5772
23.5742
23.5772
23.5827
23.5845
23.5893
23.0401
22.9958
22.9298
22.8736
22.8522
22.8736
22.9298
22.9958
23.0401
22.5797
22.4813
22.3237
22.2007
22.156
22.2007
22.3237
22.4813
22.5797
22.3159
22.184
21.9727
21.8136
21.7567
21.8136
21.9727
22.184
22.3159
)
;

boundaryField
{
    injectionXMinus
    {
        type            zeroGradient;
    }
    injectionXPlus
    {
        type            zeroGradient;
    }
    injectionYMinus
    {
        type            zeroGradient;
    }
    injectionYPlus
    {
        type            zeroGradient;
    }
    inletXMinus
    {
        type            zeroGradient;
    }
    inletXPlus
    {
        type            zeroGradient;
    }
    inletYMinus
    {
        type            zeroGradient;
    }
    inletYPlus
    {
        type            zeroGradient;
    }
    outlet
    {
        type            fixedValue;
        value           uniform 0;
    }
    valve
    {
        type            zeroGradient;
    }
    walls
    {
        type            zeroGradient;
    }
}


// ************************************************************************* //
