/*--------------------------------*- C++ -*----------------------------------*\
  =========                 |
  \\      /  F ield         | OpenFOAM: The Open Source CFD Toolbox
   \\    /   O peration     | Website:  https://openfoam.org
    \\  /    A nd           | Version:  6
     \\/     M anipulation  |
\*---------------------------------------------------------------------------*/
FoamFile
{
    version     2.0;
    format      ascii;
    class       volVectorField;
    location    "0.7";
    object      U;
}
// * * * * * * * * * * * * * * * * * * * * * * * * * * * * * * * * * * * * * //

dimensions      [0 1 -1 0 0 0 0];

internalField   nonuniform List<vector> 
3029
(
(4.25743 4.25743 1.48514)
(4.1162 3.19623 1.20243)
(3.81995 3.11338 0.944252)
(0.521382 2.14665 0.681133)
(0.346049 -7.90167e-06 0.598086)
(0.521382 -2.14667 0.681132)
(3.81995 -3.11339 0.944252)
(4.1162 -3.19623 1.20243)
(4.25743 -4.25743 1.48514)
(3.97472 3.97473 5.02082)
(3.86105 2.65534 3.83791)
(3.62003 2.59208 3.03761)
(0.432503 1.80049 1.9522)
(0.288884 -8.30099e-06 1.68533)
(0.432503 -1.8005 1.9522)
(3.62003 -2.5921 3.03761)
(3.86105 -2.65535 3.83791)
(3.97472 -3.97473 5.02082)
(0.574523 0.574524 5.92231)
(0.515745 1.21302 4.69123)
(0.409124 1.22767 3.82692)
(0.238644 0.794364 2.68746)
(0.184675 -8.5952e-06 2.40019)
(0.238644 -0.79438 2.68746)
(0.409124 -1.22768 3.82692)
(0.515745 -1.21303 4.69123)
(0.574521 -0.574526 5.92231)
(0.243642 0.243643 4.28597)
(0.217901 0.559953 3.82092)
(0.175328 0.588314 3.33608)
(0.125331 0.373756 2.8777)
(0.106742 -8.84794e-06 2.72266)
(0.125331 -0.373773 2.8777)
(0.175328 -0.588327 3.33608)
(0.217901 -0.55996 3.82092)
(0.243641 -0.243645 4.28596)
(0.109475 0.109477 3.57972)
(0.0989544 0.263141 3.38719)
(0.0823498 0.284447 3.14558)
(0.0657021 0.180944 2.93752)
(0.0591785 -9.03024e-06 2.86057)
(0.0657021 -0.180961 2.93752)
(0.0823498 -0.284461 3.14557)
(0.0989543 -0.263149 3.38719)
(0.109474 -0.109478 3.57972)
(0.0511137 0.0511151 3.25852)
(0.0469412 0.125811 3.1735)
(0.0404961 0.138644 3.05634)
(0.0345058 0.0887519 2.95706)
(0.0321316 -9.13304e-06 2.91919)
(0.0345059 -0.0887691 2.95706)
(0.0404961 -0.138658 3.05634)
(0.046941 -0.125819 3.1735)
(0.0511128 -0.0511169 3.25852)
(0.0244547 0.0244561 3.10737)
(0.0228327 0.0609582 3.06808)
(0.0203497 0.0680021 3.01123)
(0.0181195 0.0437951 2.96277)
(0.0172359 -9.16367e-06 2.94403)
(0.0181195 -0.0438124 2.96277)
(0.0203498 -0.0680161 3.01123)
(0.0228326 -0.0609659 3.06808)
(0.0244539 -0.0244579 3.10737)
(0.0118235 0.0118248 3.0348)
(0.0112322 0.0296655 3.01594)
(0.0103306 0.0333263 2.98789)
(0.00953281 0.0215505 2.96372)
(0.00921762 -9.12169e-06 2.9543)
(0.00953284 -0.0215677 2.96372)
(0.0103306 -0.0333402 2.98789)
(0.0112321 -0.0296732 3.01594)
(0.0118227 -0.0118267 3.0348)
(0.00558862 0.00558976 2.99997)
(0.00546792 0.0140428 2.99034)
(0.00528651 0.0157882 2.97573)
(0.00512935 0.0102038 2.96293)
(0.00506849 -9.02362e-06 2.95788)
(0.00512939 -0.0102207 2.96293)
(0.00528658 -0.0158019 2.97573)
(0.00546791 -0.0140506 2.99034)
(0.00558796 -0.00559171 2.99997)
(0.00219711 0.00219812 2.98438)
(0.00242907 0.00542742 2.97853)
(0.0027913 0.00592005 2.96929)
(0.00312177 0.00370443 2.96081)
(0.00325829 -8.85847e-06 2.95732)
(0.0031218 -0.00372106 2.96081)
(0.00279134 -0.00593344 2.96929)
(0.00242902 -0.00543498 2.97853)
(0.00219646 -0.00220005 2.98438)
(-0.000262782 -0.000261917 2.9805)
(0.000526847 -0.0010479 2.97505)
(0.00176177 -0.00193106 2.96562)
(0.00290277 -0.00176315 2.95592)
(0.00338546 -8.64805e-06 2.95148)
(0.00290281 0.00174691 2.95592)
(0.00176185 0.00191793 2.96562)
(0.000526874 0.00104039 2.97505)
(-0.000263297 0.000259946 2.9805)
(-0.00325337 -0.00325265 2.98752)
(-0.00121562 -0.00945271 2.9792)
(0.00200961 -0.0132076 2.963)
(0.00510502 -0.01044 2.9438)
(0.00650581 -8.37058e-06 2.93349)
(0.00510505 0.0104243 2.9438)
(0.00200966 0.013195 2.96301)
(-0.00121565 0.00944549 2.9792)
(-0.00325388 0.00325074 2.98753)
(-0.00858972 -0.00858915 3.0112)
(-0.003602 -0.0255676 2.99534)
(0.00446649 -0.037326 2.96069)
(0.0127799 -0.0312761 2.91291)
(0.0170912 -8.053e-06 2.88118)
(0.01278 0.031261 2.91291)
(0.00446658 0.0373138 2.96069)
(-0.00360194 0.0255605 2.99534)
(-0.00859008 0.00858721 3.0112)
(-0.0191162 -0.0191158 3.0666)
(-0.00736317 -0.0599603 3.03641)
(0.0123577 -0.0956333 2.96117)
(0.0353396 -0.089954 2.83574)
(0.0505712 -7.66735e-06 2.72134)
(0.0353397 0.0899396 2.83574)
(0.0123578 0.0956217 2.96117)
(-0.00736318 0.0599537 3.03641)
(-0.0191166 0.019114 3.06661)
(-0.038785 -0.0387848 3.1824)
(-0.0126952 -0.131 3.13162)
(0.033745 -0.237994 2.98257)
(0.0997816 -0.271112 2.66054)
(0.16419 -7.2469e-06 2.18559)
(0.0997817 0.271098 2.66054)
(0.0337451 0.237983 2.98257)
(-0.0126951 0.130994 3.13162)
(-0.0387853 0.0387829 3.1824)
(-0.0698999 -0.0698998 3.39976)
(-0.0179932 -0.259792 3.33572)
(0.0830931 -0.566708 3.10621)
(0.275984 -0.886935 2.39762)
(0.600481 -6.75606e-06 0.150023)
(0.275984 0.886922 2.39762)
(0.0830932 0.566698 3.10621)
(-0.0179932 0.259786 3.33572)
(-0.0699001 0.0698981 3.39977)
(-0.10283 -0.102831 3.74522)
(-0.019652 -0.424554 3.71224)
(0.162342 -1.17609 3.58034)
(0.670781 -3.2273 3.10272)
(12.5436 -6.23222e-06 1.23988)
(0.670781 3.22729 3.10272)
(0.162342 1.17608 3.58034)
(-0.0196519 0.424548 3.71224)
(-0.10283 0.102829 3.74522)
(-0.102879 -0.102879 4.15663)
(-0.0197007 -0.424676 4.1894)
(0.162292 -1.17623 4.32097)
(0.67073 -3.22739 4.7983)
(12.5435 -5.63634e-06 6.66103)
(0.67073 3.22738 4.7983)
(0.162292 1.17622 4.32098)
(-0.0197007 0.424671 4.1894)
(-0.102879 0.102877 4.15664)
(-0.0700662 -0.0700666 4.50252)
(-0.0181621 -0.260213 4.56625)
(0.08292 -0.567187 4.79528)
(0.275807 -0.887246 5.50345)
(0.600302 -5.01228e-06 7.75089)
(0.275807 0.887236 5.50345)
(0.0829201 0.567179 4.79529)
(-0.018162 0.260209 4.56626)
(-0.0700661 0.0700651 4.50252)
(-0.0391446 -0.0391452 4.72094)
(-0.0130619 -0.131911 4.77118)
(0.033367 -0.239029 4.91938)
(0.0993936 -0.271785 5.24068)
(0.163798 -4.31797e-06 5.71534)
(0.0993936 0.271777 5.24068)
(0.033367 0.239022 4.91939)
(-0.0130618 0.131907 4.77118)
(-0.0391445 0.0391439 4.72094)
(-0.0198301 -0.0198309 4.83889)
(-0.00809582 -0.0617688 4.86806)
(0.011596 -0.0976868 4.94173)
(0.0345523 -0.0912919 5.06578)
(0.0497738 -3.60197e-06 5.17964)
(0.0345524 0.0912852 5.06578)
(0.0115961 0.0976814 4.94173)
(-0.00809565 0.0617653 4.86806)
(-0.0198299 0.0198297 4.83889)
(-0.00997362 -0.00997458 4.8985)
(-0.00503403 -0.029072 4.91242)
(0.00296013 -0.0413056 4.9441)
(0.0112084 -0.0338694 4.98927)
(0.015494 -2.82345e-06 5.01998)
(0.0112084 0.0338642 4.98927)
(0.00296019 0.0413015 4.9441)
(-0.00503393 0.0290692 4.91242)
(-0.00997336 0.00997359 4.8985)
(-0.00590775 -0.00590891 4.93026)
(-0.00399333 -0.0161719 4.93493)
(-0.000957504 -0.0208366 4.94552)
(0.0019722 -0.0154107 4.95981)
(0.00330788 -2.03738e-06 4.96819)
(0.00197225 0.0154069 4.95981)
(-0.000957385 0.0208336 4.94552)
(-0.00399312 0.0161697 4.93493)
(-0.0059073 0.005908 4.93027)
(-0.00531011 -0.00531147 4.9527)
(-0.00483521 -0.0138191 4.95131)
(-0.00408335 -0.0164234 4.95028)
(-0.00336315 -0.0111997 4.95084)
(-0.00304519 -1.20198e-06 4.95169)
(-0.00336311 0.0111976 4.95084)
(-0.00408328 0.0164218 4.95028)
(-0.00483506 0.0138178 4.95131)
(-0.00530967 0.00531081 4.95271)
(-0.00730113 -0.00730268 4.97793)
(-0.00787068 -0.0185953 4.97121)
(-0.00874102 -0.0213105 4.96124)
(-0.00947679 -0.0140015 4.95301)
(-0.00975495 -3.7007e-07 4.94996)
(-0.00947674 0.0140008 4.95302)
(-0.0087409 0.02131 4.96125)
(-0.00787044 0.0185945 4.97121)
(-0.00730051 0.00730211 4.97794)
(-0.0120335 -0.0120352 5.01661)
(-0.0141858 -0.0305073 5.0037)
(-0.0175152 -0.0346156 4.9839)
(-0.0203613 -0.0224811 4.96702)
(-0.0214561 5.04827e-07 4.96054)
(-0.0203612 0.0224822 4.96702)
(-0.0175152 0.0346165 4.98391)
(-0.0141856 0.0305074 5.0037)
(-0.0120329 0.0120349 5.01661)
(-0.0202096 -0.0202115 5.0811)
(-0.0258964 -0.0512994 5.0611)
(-0.0348395 -0.0579882 5.02975)
(-0.042347 -0.0373669 5.0035)
(-0.045192 1.37375e-06 4.99358)
(-0.0423469 0.0373696 5.0035)
(-0.0348394 0.0579904 5.02975)
(-0.0258961 0.0513 5.06111)
(-0.0202088 0.0202112 5.0811)
(-0.0320313 -0.0320333 5.18559)
(-0.0461144 -0.0818582 5.16179)
(-0.0690784 -0.0922207 5.12206)
(-0.0876603 -0.0586472 5.09094)
(-0.0945067 2.2769e-06 5.07985)
(-0.0876602 0.0586516 5.09094)
(-0.0690783 0.0922243 5.12206)
(-0.0461142 0.0818596 5.1618)
(-0.0320305 0.0320333 5.1856)
(-0.0440086 -0.0440107 5.33768)
(-0.0768942 -0.11483 5.32941)
(-0.13475 -0.128844 5.30568)
(-0.178464 -0.0795752 5.29445)
(-0.193849 3.14355e-06 5.29261)
(-0.178464 0.0795811 5.29446)
(-0.13475 0.128849 5.30568)
(-0.0768938 0.114832 5.32942)
(-0.0440075 0.0440105 5.33769)
(-0.0402987 -0.0403008 5.50631)
(-0.107819 -0.113862 5.57421)
(-0.246489 -0.127181 5.6542)
(-0.338794 -0.0717137 5.73973)
(-0.369062 3.93825e-06 5.77624)
(-0.338794 0.0717211 5.73973)
(-0.246489 0.127187 5.6542)
(-0.107819 0.113864 5.57422)
(-0.0402974 0.0403006 5.50631)
(0.023896 0.0238937 5.53913)
(-0.0710031 0.0330578 5.80104)
(-0.342278 0.0366693 6.2047)
(-0.483839 0.0424702 6.53939)
(-0.525567 4.59635e-06 6.66462)
(-0.483839 -0.0424616 6.53939)
(-0.342277 -0.0366628 6.2047)
(-0.0710023 -0.0330558 5.80105)
(0.0238976 -0.0238943 5.53913)
(0.221619 0.221617 5.04811)
(0.262291 0.551709 5.51603)
(0.282695 0.611165 6.29498)
(0.32718 0.388209 6.88254)
(0.343408 4.95545e-06 7.09099)
(0.32718 -0.3882 6.88254)
(0.282695 -0.611157 6.29498)
(0.262292 -0.551707 5.51603)
(0.22162 -0.221617 5.04811)
(0.491816 0.491814 3.62126)
(0.789941 1.27993 4.05906)
(1.44898 1.40318 4.78539)
(1.82082 0.838483 5.30016)
(1.93165 4.9197e-06 5.47704)
(1.82082 -0.838474 5.30016)
(1.44898 -1.40317 4.78539)
(0.789941 -1.27992 4.05906)
(0.491818 -0.491815 3.62126)
(0.659414 0.659412 1.31882)
(1.08941 1.71584 1.48642)
(2.01534 1.85227 1.75474)
(2.44733 1.07986 1.9355)
(2.56415 4.60425e-06 1.99611)
(2.44733 -1.07985 1.9355)
(2.01533 -1.85226 1.75473)
(1.08941 -1.71584 1.48642)
(0.659416 -0.659411 1.31882)
(3.19622 4.1162 1.20243)
(2.75874 2.75875 0.947284)
(2.1621 2.01857 0.744331)
(1.02979 1.17275 0.592254)
(0.744643 -8.0143e-06 0.540921)
(1.02979 -1.17277 0.592253)
(2.1621 -2.01858 0.74433)
(2.75874 -2.75876 0.947283)
(3.19622 -4.1162 1.20243)
(2.65534 3.86105 3.83791)
(2.30064 2.30065 2.73746)
(1.81758 1.66354 2.12679)
(0.858582 0.96934 1.66946)
(0.626455 -8.34578e-06 1.52395)
(0.858582 -0.969356 1.66946)
(1.81758 -1.66355 2.12679)
(2.30064 -2.30066 2.73746)
(2.65534 -3.86105 3.83791)
(1.21302 0.515747 4.69123)
(1.04762 1.04762 3.54808)
(0.814116 0.950569 2.88222)
(0.518872 0.569915 2.38029)
(0.419808 -8.61516e-06 2.21805)
(0.518872 -0.569931 2.38029)
(0.814117 -0.950582 2.88222)
(1.04762 -1.04763 3.54808)
(1.21302 -0.515749 4.69123)
(0.559948 0.217902 3.82092)
(0.491634 0.491639 3.40413)
(0.392587 0.495744 3.00931)
(0.290901 0.305171 2.70475)
(0.252677 -8.85253e-06 2.59717)
(0.290902 -0.305187 2.70475)
(0.392587 -0.495758 3.00931)
(0.491635 -0.491647 3.40413)
(0.559948 -0.217905 3.82092)
(0.263137 0.0989559 3.38719)
(0.236011 0.236016 3.21623)
(0.195966 0.251195 3.01074)
(0.158547 0.157772 2.84669)
(0.14397 -9.01779e-06 2.78596)
(0.158547 -0.157789 2.84669)
(0.195967 -0.251209 3.01074)
(0.236012 -0.236024 3.21623)
(0.263137 -0.0989585 3.38719)
(0.125807 0.0469426 3.1735)
(0.115189 0.115193 3.09738)
(0.0993243 0.126208 2.99434)
(0.0850897 0.0803874 2.90948)
(0.0794932 -9.11384e-06 2.87725)
(0.0850902 -0.0804045 2.90948)
(0.0993252 -0.126222 2.99434)
(0.11519 -0.115202 3.09738)
(0.125807 -0.0469452 3.1735)
(0.0609542 0.0228341 3.06808)
(0.0568491 0.0568532 3.03237)
(0.050667 0.0632889 2.98106)
(0.0452104 0.0406814 2.93779)
(0.0430616 -9.13261e-06 2.92111)
(0.0452109 -0.0406985 2.93779)
(0.050668 -0.063303 2.98106)
(0.0568503 -0.0568618 3.03237)
(0.0609546 -0.0228367 3.06808)
(0.0296619 0.0112335 3.01594)
(0.0281688 0.0281725 2.99857)
(0.0259108 0.0316269 2.97282)
(0.0239309 0.0204376 2.95073)
(0.0231518 -9.09188e-06 2.94213)
(0.0239314 -0.0204547 2.95073)
(0.0259118 -0.0316409 2.97282)
(0.0281699 -0.0281811 2.99857)
(0.0296622 -0.0112361 3.01594)
(0.0140396 0.00546906 2.99034)
(0.0137374 0.0137407 2.98154)
(0.0132846 0.0154496 2.96819)
(0.0128943 0.00998574 2.95652)
(0.0127433 -8.98324e-06 2.95192)
(0.0128948 -0.0100026 2.95652)
(0.0132856 -0.0154634 2.96819)
(0.0137386 -0.0137492 2.98154)
(0.0140401 -0.00547166 2.99034)
(0.00542455 0.00243008 2.97853)
(0.00601867 0.0060216 2.97359)
(0.00693843 0.00661274 2.96577)
(0.00776925 0.00417143 2.95858)
(0.00810934 -8.82416e-06 2.95564)
(0.00776977 -0.00418801 2.95859)
(0.00693936 -0.00662623 2.96577)
(0.00601975 -0.00602987 2.97359)
(0.005425 -0.00243261 2.97853)
(-0.00105036 0.000527712 2.97505)
(0.000974128 0.000976649 2.97141)
(0.00410034 0.000444858 2.96484)
(0.00694404 -0.000139457 2.95791)
(0.0081274 -8.60338e-06 2.95473)
(0.00694455 0.000123302 2.95791)
(0.00410129 -0.000458007 2.96484)
(0.000975296 -0.000984759 2.97141)
(-0.00104973 -0.000530225 2.97505)
(-0.00945474 -0.0012149 2.9792)
(-0.00419182 -0.00418973 2.97507)
(0.00394836 -0.00688697 2.96571)
(0.0115359 -0.00594381 2.95368)
(0.014853 -8.33529e-06 2.9472)
(0.0115364 0.00592816 2.95368)
(0.00394925 0.00687428 2.96571)
(-0.00419077 0.00418195 2.97507)
(-0.0094542 0.0012125 2.9792)
(-0.0255692 -0.00360143 2.99534)
(-0.012513 -0.0125114 2.98919)
(0.00771903 -0.0209441 2.97104)
(0.0274562 -0.0186513 2.94315)
(0.037001 -8.00646e-06 2.92524)
(0.0274567 0.0186363 2.94315)
(0.00771992 0.0209319 2.97104)
(-0.0125119 0.0125038 2.98919)
(-0.0255685 0.00359907 2.99534)
(-0.0599615 -0.00736276 3.03641)
(-0.0284876 -0.0284864 3.02732)
(0.0203152 -0.0529305 2.99045)
(0.0718862 -0.0517406 2.92274)
(0.102037 -7.63273e-06 2.86844)
(0.0718866 0.0517263 2.92274)
(0.020316 0.0529189 2.99045)
(-0.0284866 0.0284793 3.02732)
(-0.0599609 0.00736055 3.03641)
(-0.131001 -0.0126949 3.13162)
(-0.0584707 -0.05847 3.12099)
(0.0536771 -0.125518 3.0533)
(0.189212 -0.140667 2.90118)
(0.298715 -7.20078e-06 2.7355)
(0.189212 0.140653 2.90119)
(0.0536779 0.125507 3.05331)
(-0.0584697 0.0584632 3.12099)
(-0.131 0.0126928 3.13162)
(-0.259792 -0.0179931 3.33572)
(-0.106799 -0.106799 3.32876)
(0.127574 -0.272731 3.23481)
(0.477752 -0.369547 2.96862)
(0.943637 -6.7235e-06 2.5294)
(0.477752 0.369534 2.96862)
(0.127574 0.272721 3.23481)
(-0.106798 0.106793 3.32876)
(-0.259792 0.0179912 3.33572)
(-0.424553 -0.019652 3.71224)
(-0.159381 -0.159382 3.71053)
(0.239877 -0.485656 3.65953)
(1.04284 -0.846071 3.49747)
(3.31942 -6.18646e-06 3.18292)
(1.04284 0.84606 3.49747)
(0.239877 0.485647 3.65954)
(-0.15938 0.159376 3.71054)
(-0.424553 0.0196502 3.71224)
(-0.424675 -0.019701 4.1894)
(-0.159505 -0.159505 4.19089)
(0.239751 -0.485797 4.24155)
(1.04271 -0.846163 4.40333)
(3.31929 -5.6045e-06 4.71776)
(1.04271 0.846152 4.40333)
(0.239751 0.485788 4.24155)
(-0.159504 0.1595 4.19089)
(-0.424674 0.0196993 4.1894)
(-0.260212 -0.0181625 4.56625)
(-0.107226 -0.107227 4.57289)
(0.127136 -0.273217 4.66636)
(0.477305 -0.369864 4.93212)
(0.943186 -4.9663e-06 5.37117)
(0.477305 0.369854 4.93212)
(0.127137 0.27321 4.66636)
(-0.107225 0.107223 4.5729)
(-0.260211 0.018161 4.56626)
(-0.131909 -0.0130625 4.77118)
(-0.0593978 -0.0593996 4.78124)
(0.0527213 -0.126573 4.84806)
(0.188231 -0.141354 4.99942)
(0.297723 -4.28545e-06 5.16481)
(0.188231 0.141346 4.99942)
(0.0527217 0.126567 4.84806)
(-0.0593972 0.0593957 4.78125)
(-0.131909 0.0130612 4.77118)
(-0.0617665 -0.0080966 4.86806)
(-0.0303403 -0.0303427 4.87609)
(0.0183887 -0.0550387 4.91132)
(0.0698948 -0.0531142 4.9776)
(0.10002 -3.55286e-06 5.03134)
(0.069895 0.0531075 4.9776)
(0.0183892 0.0550334 4.91132)
(-0.0303397 0.0303393 4.87609)
(-0.0617656 0.00809547 4.86806)
(-0.0290691 -0.005035 4.91242)
(-0.0161353 -0.0161382 4.91652)
(0.00390858 -0.0250632 4.93154)
(0.0234807 -0.0213355 4.95669)
(0.0329605 -2.78655e-06 4.97351)
(0.0234809 0.0213303 4.95669)
(0.00390893 0.0250591 4.93154)
(-0.0161348 0.0161357 4.91653)
(-0.0290684 0.00503416 4.91242)
(-0.0161684 -0.0039945 4.93493)
(-0.0112181 -0.0112216 4.93513)
(-0.00355747 -0.014871 4.93847)
(0.00361055 -0.0111453 4.94524)
(0.00676266 -1.98393e-06 4.94965)
(0.00361071 0.0111416 4.94524)
(-0.00355714 0.0148682 4.93848)
(-0.0112176 0.0112198 4.93513)
(-0.0161676 0.00399382 4.93493)
(-0.0138151 -0.00483657 4.95131)
(-0.0125883 -0.0125924 4.94743)
(-0.0106857 -0.0149514 4.9425)
(-0.00890796 -0.0101616 4.93939)
(-0.00814203 -1.16122e-06 4.93863)
(-0.00890785 0.0101595 4.93939)
(-0.0106855 0.0149499 4.9425)
(-0.012588 0.0125914 4.94744)
(-0.0138144 0.0048362 4.95131)
(-0.0185907 -0.00787224 4.97121)
(-0.0200305 -0.0200352 4.96186)
(-0.02224 -0.0229166 4.94781)
(-0.024116 -0.0150154 4.93602)
(-0.0248287 -3.1417e-07 4.93155)
(-0.0241159 0.0150149 4.93602)
(-0.0222398 0.0229163 4.94781)
(-0.0200302 0.0200349 4.96186)
(-0.0185899 0.00787204 4.97121)
(-0.0305022 -0.0141875 5.0037)
(-0.0359838 -0.035989 4.98567)
(-0.0444777 -0.040791 4.9578)
(-0.0517324 -0.0264219 4.93415)
(-0.0545216 5.47435e-07 4.9251)
(-0.0517324 0.026423 4.93415)
(-0.0444776 0.0407921 4.95781)
(-0.0359837 0.0359897 4.98568)
(-0.0305015 0.0141876 5.0037)
(-0.0512938 -0.0258983 5.0611)
(-0.0659236 -0.0659293 5.02917)
(-0.0890382 -0.0744389 4.97819)
(-0.108374 -0.0477194 4.9362)
(-0.115686 1.43232e-06 4.92053)
(-0.108374 0.0477221 4.9362)
(-0.0890382 0.0744413 4.97819)
(-0.0659235 0.0659306 5.02918)
(-0.051293 0.0258985 5.06111)
(-0.0818523 -0.0461165 5.16179)
(-0.118899 -0.118905 5.11079)
(-0.180183 -0.133767 5.02215)
(-0.229224 -0.0840755 4.95482)
(-0.247184 2.33917e-06 4.9312)
(-0.229224 0.08408 4.95482)
(-0.180183 0.13377 5.02215)
(-0.118899 0.118907 5.1108)
(-0.0818516 0.0461169 5.1618)
(-0.114824 -0.0768963 5.32941)
(-0.205565 -0.205571 5.26771)
(-0.372322 -0.230413 5.12827)
(-0.49419 -0.138674 5.04332)
(-0.536446 3.25332e-06 5.01806)
(-0.49419 0.138681 5.04332)
(-0.372322 0.230418 5.12827)
(-0.205565 0.205574 5.26771)
(-0.114823 0.0768968 5.32942)
(-0.113856 -0.107821 5.57421)
(-0.320046 -0.320053 5.5801)
(-0.801782 -0.358156 5.44667)
(-1.0937 -0.194287 5.43435)
(-1.18643 4.10395e-06 5.44452)
(-1.0937 0.194294 5.43435)
(-0.801782 0.358162 5.44667)
(-0.320046 0.320056 5.58011)
(-0.113854 0.107822 5.57422)
(0.0330643 -0.0710053 5.80104)
(-0.333109 -0.333116 6.17115)
(-1.8773 -0.376166 6.73388)
(-2.50741 -0.14082 7.20536)
(-2.68564 4.78945e-06 7.37709)
(-2.50741 0.140829 7.20536)
(-1.8773 0.376173 6.73388)
(-0.333108 0.333119 6.17116)
(0.0330663 0.0710057 5.80105)
(0.551715 0.262289 5.51603)
(0.612792 0.612784 6.37698)
(0.282695 0.676053 8.08623)
(0.32718 0.448922 9.1872)
(0.343408 5.05867e-06 9.54821)
(0.32718 -0.448913 9.1872)
(0.282695 -0.676045 8.08623)
(0.612794 -0.612781 6.37698)
(0.551717 -0.262289 5.51603)
(1.27993 0.789938 4.05906)
(2.23709 2.23709 4.88617)
(5.23405 2.43406 6.51803)
(6.59057 1.32116 7.42031)
(6.97239 4.68653e-06 7.69779)
(6.59057 -1.32115 7.42031)
(5.23405 -2.43405 6.51803)
(2.23709 -2.23708 4.88617)
(1.27993 -0.789938 4.05906)
(1.71585 1.08941 1.48642)
(3.07177 3.07176 1.78589)
(7.1063 3.21019 2.32109)
(8.28368 1.62868 2.56202)
(8.5586 3.76415e-06 2.62861)
(8.28368 -1.62867 2.56202)
(7.10629 -3.21018 2.32109)
(3.07177 -3.07176 1.78588)
(1.71585 -1.08941 1.48642)
(3.11338 3.81995 0.944252)
(2.01856 2.1621 0.744331)
(1.38442 1.38442 0.599737)
(0.86222 0.7292 0.509929)
(0.691141 -7.71336e-06 0.479897)
(0.862221 -0.729215 0.509929)
(1.38442 -1.38443 0.599736)
(2.01856 -2.16211 0.74433)
(3.11338 -3.81995 0.944251)
(2.59208 3.62003 3.03761)
(1.66353 1.81758 2.12679)
(1.15001 1.15002 1.68964)
(0.726295 0.609361 1.44129)
(0.58823 -7.98227e-06 1.36049)
(0.726296 -0.609376 1.44129)
(1.15002 -1.15003 1.68963)
(1.66353 -1.81759 2.12679)
(2.59208 -3.62003 3.03761)
(1.22766 0.409125 3.82692)
(0.950562 0.814121 2.88222)
(0.698915 0.698922 2.40193)
(0.491177 0.400056 2.11978)
(0.4173 -8.20691e-06 2.02641)
(0.491179 -0.400071 2.11978)
(0.698917 -0.698934 2.40193)
(0.950564 -0.814129 2.88222)
(1.22767 -0.409128 3.82692)
(0.588307 0.175329 3.33608)
(0.495737 0.392591 3.00931)
(0.387574 0.387581 2.71793)
(0.297394 0.233847 2.51737)
(0.263737 -8.40777e-06 2.44683)
(0.297395 -0.233862 2.51737)
(0.387576 -0.387594 2.71793)
(0.49574 -0.392599 3.00931)
(0.58831 -0.175332 3.33608)
(0.284441 0.0823512 3.14558)
(0.251188 0.19597 3.01074)
(0.206976 0.206983 2.85231)
(0.169652 0.128948 2.73171)
(0.155377 -8.54889e-06 2.68739)
(0.169654 -0.128964 2.73171)
(0.206978 -0.206996 2.85231)
(0.251191 -0.195979 3.01074)
(0.284444 -0.0823538 3.14557)
(0.138638 0.0404975 3.05634)
(0.126202 0.0993285 2.99434)
(0.108538 0.108544 2.91104)
(0.0934575 0.0689208 2.84372)
(0.0876161 -8.62907e-06 2.81828)
(0.0934587 -0.068937 2.84372)
(0.10854 -0.108558 2.91104)
(0.126205 -0.0993369 2.99434)
(0.138641 -0.0405002 3.05634)
(0.0679965 0.020351 3.01123)
(0.0632831 0.0506709 2.98106)
(0.0563575 0.0563633 2.93781)
(0.0503934 0.0361897 2.90161)
(0.0480675 -8.64235e-06 2.88768)
(0.0503946 -0.036206 2.90161)
(0.0563598 -0.0563767 2.93781)
(0.0632862 -0.0506793 2.98106)
(0.0679996 -0.0203536 3.01123)
(0.0333212 0.0103317 2.98789)
(0.0316216 0.0259145 2.97283)
(0.0290831 0.0290884 2.95051)
(0.0268856 0.0187915 2.93141)
(0.026026 -8.59928e-06 2.92398)
(0.0268868 -0.0188077 2.93141)
(0.0290854 -0.0291017 2.95051)
(0.0316246 -0.0259228 2.97283)
(0.0333243 -0.0103344 2.98789)
(0.0157836 0.00528757 2.97573)
(0.0154448 0.0132879 2.96819)
(0.0149403 0.0149451 2.95676)
(0.0145081 0.00966246 2.94677)
(0.0143414 -8.49699e-06 2.94284)
(0.0145093 -0.00967844 2.94677)
(0.0149426 -0.0149581 2.95676)
(0.0154479 -0.0132961 2.96819)
(0.0157867 -0.00529019 2.97573)
(0.00591601 0.00279223 2.96929)
(0.00660858 0.0069413 2.96577)
(0.00766645 0.00767063 2.96011)
(0.00860782 0.00487535 2.95486)
(0.00898824 -8.34489e-06 2.95271)
(0.00860902 -0.00489104 2.95486)
(0.00766869 -0.00768346 2.96011)
(0.00661151 -0.00694935 2.96577)
(0.00591904 -0.00279481 2.96929)
(-0.00193449 0.00176257 2.96562)
(0.000441324 0.0041028 2.96484)
(0.00403529 0.00403885 2.96263)
(0.00722862 0.0022639 2.95969)
(0.00852815 -8.13863e-06 2.95822)
(0.00722979 -0.0022792 2.95969)
(0.00403746 -0.00405132 2.96263)
(0.000444205 -0.00411063 2.96484)
(-0.00193144 -0.00176508 2.96562)
(-0.0132104 0.00201028 2.96301)
(-0.00688986 0.00395039 2.96571)
(0.0025172 0.0025201 2.96662)
(0.010909 0.000464603 2.96431)
(0.0144115 -7.88391e-06 2.96237)
(0.0109101 -0.000479412 2.96431)
(0.0025193 -0.00253218 2.96662)
(-0.0068871 -0.00395796 2.96571)
(-0.0132075 -0.0020127 2.96301)
(-0.0373281 0.00446702 2.96069)
(-0.0209463 0.00772063 2.97104)
(0.00264099 0.00264321 2.97706)
(0.0238153 -0.00199408 2.97326)
(0.0331123 -7.5769e-06 2.96836)
(0.0238163 0.00197985 2.97326)
(0.00264299 -0.00265478 2.97706)
(-0.0209436 -0.00772789 2.97104)
(-0.0373253 -0.00446936 2.9607)
(-0.0956347 0.0123581 2.96117)
(-0.052932 0.0203163 2.99045)
(0.00473891 0.00474044 3.00713)
(0.0569572 -0.00823226 2.9975)
(0.0821625 -7.22318e-06 2.98305)
(0.0569582 0.0082187 2.9975)
(0.0047408 -0.00475146 3.00713)
(-0.0529295 -0.0203232 2.99045)
(-0.0956321 -0.0123603 2.96117)
(-0.237995 0.0337453 2.98257)
(-0.125518 0.0536778 3.0533)
(0.00968745 0.00968829 3.08983)
(0.13346 -0.0260741 3.06641)
(0.203999 -6.81877e-06 3.02719)
(0.133461 0.0260613 3.06641)
(0.00968921 -0.00969865 3.08983)
(-0.125516 -0.0536843 3.05331)
(-0.237993 -0.0337474 2.98257)
(-0.566708 0.0830932 3.10621)
(-0.272731 0.127574 3.23481)
(0.0178428 0.0178429 3.29241)
(0.287264 -0.0708711 3.25125)
(0.487706 -6.36563e-06 3.17073)
(0.287265 0.0708592 3.25125)
(0.0178444 -0.0178526 3.29241)
(-0.272729 -0.12758 3.23481)
(-0.566706 -0.0830951 3.10621)
(-1.17609 0.162341 3.58034)
(-0.485656 0.239876 3.65953)
(0.0261345 0.0261339 3.69251)
(0.506509 -0.147757 3.66768)
(1.02433 -5.86113e-06 3.61553)
(0.50651 0.147746 3.66768)
(0.026136 -0.0261428 3.69251)
(-0.485654 -0.239882 3.65954)
(-1.17609 -0.162343 3.58034)
(-1.17623 0.162291 4.32097)
(-0.485795 0.23975 4.24155)
(0.0259917 0.0259904 4.20823)
(0.506363 -0.147851 4.23276)
(1.02418 -5.30822e-06 4.28479)
(0.506364 0.147841 4.23276)
(0.025993 -0.0259984 4.20824)
(-0.485793 -0.239755 4.24156)
(-1.17622 -0.162293 4.32098)
(-0.567185 0.0829196 4.79529)
(-0.273215 0.127135 4.66636)
(0.0173466 0.0173445 4.60826)
(0.286757 -0.0711956 4.64897)
(0.487195 -4.70629e-06 4.72932)
(0.286758 0.0711868 4.64897)
(0.0173478 -0.0173516 4.60826)
(-0.273214 -0.127139 4.66636)
(-0.567183 -0.0829211 4.79529)
(-0.239026 0.0333664 4.91939)
(-0.12657 0.0527195 4.84806)
(0.00860285 0.00859997 4.81064)
(0.132347 -0.026783 4.83327)
(0.202874 -4.05688e-06 4.87217)
(0.132348 0.0267754 4.83327)
(0.00860388 -0.00860603 4.81064)
(-0.126569 -0.0527233 4.84806)
(-0.239024 -0.0333676 4.91939)
(-0.0976832 0.0115953 4.94173)
(-0.055035 0.0183864 4.91132)
(0.00255202 0.0025483 4.89292)
(0.0546966 -0.00966064 4.90103)
(0.0798726 -3.36383e-06 4.91488)
(0.054697 0.00965437 4.90103)
(0.00255285 -0.00255328 4.89292)
(-0.0550339 -0.0183895 4.91133)
(-0.0976819 -0.0115963 4.94173)
(-0.0413012 0.00295923 4.9441)
(-0.0250586 0.00390572 4.93154)
(-0.00168505 -0.00168963 4.92215)
(0.0193018 -0.00481753 4.92299)
(0.0285247 -2.63311e-06 4.92672)
(0.0193021 0.00481263 4.92299)
(-0.00168439 0.00168578 4.92215)
(-0.0250578 -0.00390807 4.93155)
(-0.0413002 -0.00296 4.9441)
(-0.0208313 -0.00095859 4.94552)
(-0.0148656 -0.00356091 4.93847)
(-0.00600245 -0.00600793 4.93092)
(0.00191341 -0.00509056 4.92742)
(0.00522862 -1.87389e-06 4.92708)
(0.00191366 0.0050871 4.92742)
(-0.006002 0.00600526 4.93092)
(-0.014865 0.00355927 4.93848)
(-0.0208305 0.000958026 4.94552)
(-0.0164173 -0.00408462 4.95028)
(-0.014945 -0.0106897 4.9425)
(-0.0127368 -0.0127431 4.9316)
(-0.0107512 -0.00865611 4.92311)
(-0.00992491 -1.09056e-06 4.9201)
(-0.010751 0.00865412 4.92311)
(-0.0127365 0.0127417 4.9316)
(-0.0149447 0.0106889 4.9425)
(-0.0164169 0.00408434 4.95029)
(-0.0213035 -0.00874247 4.96124)
(-0.0229094 -0.0222446 4.94781)
(-0.0253887 -0.025396 4.92745)
(-0.0275097 -0.0165902 4.91019)
(-0.0283213 -2.92339e-07 4.90358)
(-0.0275097 0.0165897 4.91019)
(-0.0253887 0.0253957 4.92745)
(-0.0229093 0.0222445 4.94782)
(-0.0213032 0.0087424 4.96125)
(-0.0346078 -0.0175168 4.9839)
(-0.040783 -0.0444828 4.9578)
(-0.0503561 -0.0503642 4.9171)
(-0.0585432 -0.032525 4.88276)
(-0.0616939 5.26144e-07 4.86968)
(-0.0585433 0.0325261 4.88276)
(-0.0503563 0.0503652 4.91711)
(-0.0407833 0.0444835 4.95781)
(-0.0346079 0.0175171 4.98391)
(-0.0579799 -0.0348413 5.02975)
(-0.0744302 -0.0890437 4.97819)
(-0.10043 -0.100439 4.89404)
(-0.122218 -0.0640143 4.82601)
(-0.130467 1.36979e-06 4.80092)
(-0.122219 0.0640169 4.82601)
(-0.100431 0.100441 4.89405)
(-0.0744307 0.0890452 4.97819)
(-0.0579802 0.0348417 5.02975)
(-0.0922118 -0.0690803 5.12206)
(-0.133757 -0.180189 5.02215)
(-0.202536 -0.202546 4.83878)
(-0.257753 -0.125648 4.70512)
(-0.278015 2.27098e-06 4.65909)
(-0.257753 0.125652 4.70512)
(-0.202537 0.202549 4.83878)
(-0.133758 0.180191 5.02216)
(-0.0922124 0.0690809 5.12207)
(-0.128835 -0.134752 5.30568)
(-0.230404 -0.372328 5.12827)
(-0.417459 -0.417469 4.68408)
(-0.55498 -0.243699 4.42998)
(-0.602833 3.22369e-06 4.35337)
(-0.55498 0.243705 4.42998)
(-0.41746 0.417474 4.68408)
(-0.230405 0.372331 5.12827)
(-0.128835 0.134753 5.30568)
(-0.127172 -0.246491 5.6542)
(-0.358147 -0.801789 5.44667)
(-0.900828 -0.900837 4.14921)
(-1.23361 -0.45636 3.72651)
(-1.34002 4.15022e-06 3.62705)
(-1.23361 0.456368 3.72651)
(-0.900828 0.900844 4.14922)
(-0.358147 0.801792 5.44667)
(-0.127172 0.246492 5.6542)
(0.0366788 -0.34228 6.2047)
(-0.376156 -1.87731 6.73388)
(-2.13762 -2.13763 1.86485)
(-2.87867 -0.765863 1.6078)
(-3.09131 4.83029e-06 1.55535)
(-2.87867 0.765872 1.6078)
(-2.13762 2.13764 1.86486)
(-0.376156 1.87731 6.73389)
(0.0366785 0.34228 6.2047)
(0.611174 0.282693 6.29498)
(0.676064 0.282693 8.08623)
(0.676063 -0.282694 8.08623)
(0.611173 -0.282694 6.29498)
(1.40319 1.44898 4.78539)
(2.43407 5.23405 6.51803)
(5.75667 5.75666 3.62698)
(7.27725 2.57682 3.62862)
(7.70962 3.8292e-06 3.58232)
(7.27725 -2.57681 3.62861)
(5.75666 -5.75665 3.62697)
(2.43406 -5.23404 6.51803)
(1.40319 -1.44897 4.78539)
(1.85228 2.01533 1.75473)
(3.2102 7.10629 2.32109)
(7.06419 7.06418 13.4894)
(8.19696 2.53216 12.1473)
(8.46532 1.75584e-06 11.8061)
(8.19695 -2.53215 12.1473)
(7.06418 -7.06417 13.4894)
(3.21019 -7.10628 2.32109)
(1.85227 -2.01533 1.75473)
(0.629434 0.629431 18.466)
(0.706475 0.89346 16.6962)
(0.736014 -7.28026e-07 16.2395)
(0.706474 -0.89346 16.6962)
(0.629432 -0.62943 18.466)
(0.203426 0.203425 16.8003)
(0.219221 0.305665 16.2371)
(0.226429 -1.48257e-06 16.0096)
(0.219221 -0.305667 16.2371)
(0.203425 -0.203425 16.8003)
(0.0662319 0.0662312 16.261)
(0.0695428 0.102774 16.0792)
(0.0712258 -1.33413e-06 15.9895)
(0.0695427 -0.102776 16.0792)
(0.0662316 -0.066232 16.261)
(0.0216459 0.0216455 16.0852)
(0.022351 0.0342053 16.0261)
(0.0227347 -7.16875e-07 15.9938)
(0.022351 -0.0342067 16.0261)
(0.0216458 -0.0216462 16.0852)
(0.00708669 0.00708648 16.0277)
(0.00723852 0.0113142 16.0084)
(0.00732493 -4.82026e-07 15.9973)
(0.00723865 -0.0113153 16.0084)
(0.00708694 -0.00708709 16.0277)
(0.00232155 0.00232145 16.0089)
(0.00235456 0.00372821 16.0026)
(0.00237383 -3.80989e-08 15.9988)
(0.0023546 -0.00372854 16.0026)
(0.00232172 -0.00232174 16.0089)
(0.000760478 0.000760428 16.0028)
(0.000767745 0.00122534 16.0007)
(0.000772114 -3.72076e-08 15.9994)
(0.00076789 -0.00122567 16.0007)
(0.000760827 -0.000760714 16.0028)
(0.000248951 0.00024893 16.0007)
(0.000250624 0.000402075 16.0001)
(0.000251565 2.1971e-07 15.9997)
(0.000250651 -0.000401915 16.0001)
(0.00024913 -0.000248989 16.0007)
(8.13178e-05 8.13092e-05 16.0001)
(8.17401e-05 0.000131543 15.9999)
(8.20327e-05 6.09106e-08 15.9997)
(8.18626e-05 -0.000131637 15.9999)
(8.16195e-05 -8.14643e-05 16.0001)
(2.6355e-05 2.63523e-05 15.9999)
(2.64634e-05 4.27934e-05 15.9998)
(2.65008e-05 1.53227e-07 15.9998)
(2.64747e-05 -4.26698e-05 15.9998)
(2.64226e-05 -2.63819e-05 15.9999)
(8.23268e-06 8.23224e-06 15.9998)
(8.23466e-06 1.33249e-05 15.9998)
(8.27853e-06 -1.18145e-07 15.9998)
(8.29314e-06 -1.35715e-05 15.9998)
(8.38889e-06 -8.36078e-06 15.9998)
(1.94563e-06 1.94577e-06 15.9998)
(1.91006e-06 3.12218e-06 15.9998)
(1.891e-06 2.06663e-08 15.9998)
(1.89016e-06 -2.96605e-06 15.9998)
(1.93054e-06 -1.81031e-06 15.9998)
(2.14665 0.521383 0.681132)
(1.17274 1.02979 0.592254)
(0.729193 0.862227 0.509929)
(0.479467 0.479475 0.456328)
(0.398391 -7.1565e-06 0.43801)
(0.479468 -0.479488 0.456328)
(0.729195 -0.862238 0.509929)
(1.17275 -1.0298 0.592253)
(2.14665 -0.521385 0.681131)
(1.80048 0.432505 1.9522)
(0.969333 0.858586 1.66946)
(0.609353 0.726302 1.44129)
(0.407548 0.407555 1.29842)
(0.341896 -7.36197e-06 1.25011)
(0.407549 -0.407569 1.29842)
(0.609356 -0.726313 1.44128)
(0.969336 -0.858593 1.66946)
(1.80048 -0.432507 1.9522)
(0.794356 0.238645 2.68746)
(0.569907 0.518876 2.38029)
(0.400048 0.491184 2.11978)
(0.288293 0.288301 1.95139)
(0.249675 -7.53979e-06 1.89356)
(0.288294 -0.288315 1.95139)
(0.400051 -0.491196 2.11978)
(0.569911 -0.518883 2.38029)
(0.79436 -0.238648 2.68746)
(0.373749 0.125333 2.8777)
(0.305163 0.290906 2.70475)
(0.233839 0.297401 2.51737)
(0.181326 0.181334 2.38323)
(0.162281 -7.70288e-06 2.33524)
(0.181328 -0.181348 2.38323)
(0.233842 -0.297413 2.51737)
(0.305167 -0.290913 2.70475)
(0.373753 -0.125335 2.8777)
(0.180937 0.0657034 2.93752)
(0.157765 0.158551 2.84669)
(0.128941 0.169659 2.73171)
(0.106166 0.106173 2.64276)
(0.097637 -7.8191e-06 2.60984)
(0.106168 -0.106188 2.64276)
(0.128944 -0.169671 2.73171)
(0.157769 -0.158559 2.84669)
(0.180941 -0.0657059 2.93752)
(0.0887455 0.0345071 2.95706)
(0.0803808 0.0850938 2.90948)
(0.0689141 0.0934638 2.84372)
(0.0594587 0.0594654 2.79022)
(0.0558455 -7.88504e-06 2.76994)
(0.0594603 -0.0594803 2.79022)
(0.0689171 -0.093476 2.84372)
(0.0803848 -0.0851016 2.90948)
(0.0887499 -0.0345096 2.95706)
(0.0437893 0.0181207 2.96277)
(0.0406753 0.0452142 2.93779)
(0.0361836 0.0503992 2.90161)
(0.0323852 0.0323914 2.87122)
(0.030916 -7.89414e-06 2.85952)
(0.0323868 -0.0324062 2.87122)
(0.0361866 -0.0504114 2.90161)
(0.0406794 -0.0452219 2.93779)
(0.0437937 -0.0181232 2.96277)
(0.0215452 0.0095339 2.96372)
(0.0204321 0.0239344 2.95073)
(0.018786 0.0268909 2.93141)
(0.0173749 0.0173805 2.91485)
(0.0168259 -7.85399e-06 2.9084)
(0.0173765 -0.0173953 2.91485)
(0.0187889 -0.026903 2.93141)
(0.0204361 -0.0239422 2.95073)
(0.0215496 -0.00953642 2.96372)
(0.010199 0.00513034 2.96293)
(0.00998092 0.0128974 2.95652)
(0.00965756 0.0145128 2.94677)
(0.00938191 0.00938685 2.93824)
(0.00927597 -7.76259e-06 2.93488)
(0.00938347 -0.00940145 2.93824)
(0.0096605 -0.0145248 2.94677)
(0.00998485 -0.012905 2.95652)
(0.0102034 -0.0051328 2.96294)
(0.00370037 0.00312264 2.96081)
(0.00416727 0.00777204 2.95859)
(0.00487113 0.00861198 2.95486)
(0.00548896 0.00549322 2.95131)
(0.00573617 -7.62585e-06 2.94983)
(0.00549049 -0.00550756 2.95131)
(0.004874 -0.00862373 2.95486)
(0.00417113 -0.00777951 2.95859)
(0.00370457 -0.00312508 2.96081)
(-0.00176653 0.00290352 2.95593)
(-0.000142911 0.00694643 2.95791)
(0.00226039 0.00723216 2.95969)
(0.00434985 0.0043534 2.96021)
(0.00518551 -7.44102e-06 2.96015)
(0.00435134 -0.00436739 2.96021)
(0.00226318 -0.00724359 2.95969)
(-0.000139182 -0.00695367 2.95791)
(-0.00176242 -0.00290587 2.95593)
(-0.0104427 0.00510564 2.9438)
(-0.00594654 0.0115379 2.95368)
(0.000461821 0.0109119 2.96431)
(0.00594772 0.00595053 2.97027)
(0.00815875 -7.21178e-06 2.97178)
(0.00594915 -0.00596409 2.97027)
(0.000464505 -0.010923 2.96432)
(-0.00594295 -0.0115449 2.95368)
(-0.0104388 -0.00510794 2.94381)
(-0.031278 0.0127804 2.91291)
(-0.0186533 0.0274578 2.94315)
(-0.00199611 0.0238175 2.97326)
(0.0118179 0.01182 2.98919)
(0.0174687 -6.93673e-06 2.993)
(0.0118193 -0.011833 2.9892)
(-0.00199356 -0.0238281 2.97326)
(-0.0186499 -0.0274645 2.94315)
(-0.0312742 -0.0127826 2.91292)
(-0.0899552 0.03534 2.83574)
(-0.0517418 0.0718873 2.92274)
(-0.00823353 0.0569588 2.9975)
(0.0256817 0.025683 3.03239)
(0.039913 -6.61757e-06 3.03932)
(0.025683 -0.0256955 3.03239)
(-0.00823111 -0.0569689 2.9975)
(-0.0517386 -0.0718937 2.92275)
(-0.0899517 -0.0353421 2.83574)
(-0.271112 0.0997818 2.66054)
(-0.140667 0.189213 2.90119)
(-0.0260746 0.133461 3.06641)
(0.0536445 0.053645 3.13149)
(0.0884901 -6.25261e-06 3.14104)
(0.0536457 -0.0536567 3.13149)
(-0.0260723 -0.133471 3.06641)
(-0.140664 -0.189219 2.90119)
(-0.271109 -0.0997838 2.66054)
(-0.886934 0.275984 2.39762)
(-0.369547 0.477752 2.96862)
(-0.0708708 0.287264 3.25125)
(0.100317 0.100316 3.34167)
(0.179745 -5.8415e-06 3.34973)
(0.100318 -0.100327 3.34167)
(-0.0708688 -0.287273 3.25126)
(-0.369544 -0.477758 2.96863)
(-0.886931 -0.275986 2.39763)
(-3.2273 0.670781 3.10272)
(-0.84607 1.04284 3.49747)
(-0.147756 0.506508 3.66768)
(0.152123 0.152122 3.71657)
(0.301644 -5.38465e-06 3.71939)
(0.152124 -0.152132 3.71657)
(-0.147754 -0.506516 3.66768)
(-0.846068 -1.04285 3.49747)
(-3.22729 -0.670782 3.10273)
(-3.22739 0.67073 4.7983)
(-0.846161 1.04271 4.40333)
(-0.147849 0.506362 4.23276)
(0.152028 0.152026 4.18357)
(0.301549 -4.88078e-06 4.18063)
(0.152029 -0.152036 4.18358)
(-0.147847 -0.506369 4.23277)
(-0.846159 -1.04272 4.40333)
(-3.22738 -0.670731 4.7983)
(-0.887243 0.275807 5.50345)
(-0.369861 0.477304 4.93212)
(-0.0711929 0.286755 4.64897)
(0.0999875 0.0999848 4.5581)
(0.179413 -4.33192e-06 4.54986)
(0.0999883 -0.0999929 4.5581)
(-0.0711914 -0.286762 4.64897)
(-0.369859 -0.477308 4.93212)
(-0.887241 -0.275808 5.50346)
(-0.271782 0.0993931 5.24068)
(-0.14135 0.188229 4.99942)
(-0.0267794 0.132344 4.83327)
(0.0529208 0.0529172 4.76736)
(0.0877588 -3.73722e-06 4.75749)
(0.0529215 -0.0529242 4.76736)
(-0.0267781 -0.13235 4.83327)
(-0.141349 -0.188233 4.99943)
(-0.27178 -0.0993942 5.24068)
(-0.0912876 0.0345516 5.06579)
(-0.0531097 0.0698926 4.9776)
(-0.00965615 0.0546929 4.90103)
(0.0242109 0.0242064 4.86455)
(0.038423 -3.10378e-06 4.85699)
(0.0242115 -0.0242122 4.86455)
(-0.00965514 -0.0546975 4.90104)
(-0.0531084 -0.0698954 4.9776)
(-0.091286 -0.0345526 5.06579)
(-0.0338641 0.0112076 4.98927)
(-0.0213301 0.0234779 4.95669)
(-0.00481209 0.0192972 4.92299)
(0.00887974 0.00887428 4.90391)
(0.0144821 -2.43346e-06 4.89887)
(0.00888016 -0.00887881 4.90391)
(-0.00481131 -0.0193008 4.92299)
(-0.0213291 -0.0234801 4.9567)
(-0.033863 -0.0112083 4.98928)
(-0.0154045 0.00197121 4.95981)
(-0.0111389 0.00360722 4.94524)
(-0.00508413 0.00190796 4.92742)
(9.22145e-05 8.57684e-05 4.91518)
(0.0021812 -1.73817e-06 4.9112)
(9.24969e-05 -8.89808e-05 4.91519)
(-0.00508362 -0.00191044 4.92742)
(-0.0111383 -0.00360871 4.94524)
(-0.0154037 -0.00197169 4.95981)
(-0.0111926 -0.00336431 4.95084)
(-0.0101542 -0.00891185 4.93939)
(-0.00864868 -0.0107575 4.92311)
(-0.00734229 -0.00734974 4.90996)
(-0.00681385 -1.01962e-06 4.90508)
(-0.00734215 0.00734789 4.90996)
(-0.00864842 0.0107562 4.92311)
(-0.0101539 0.00891108 4.93939)
(-0.0111922 0.00336406 4.95084)
(-0.0139934 -0.00947811 4.95302)
(-0.0150071 -0.0241204 4.93602)
(-0.0165818 -0.027517 4.91019)
(-0.0179396 -0.017948 4.88822)
(-0.0184624 -2.89539e-07 4.87978)
(-0.0179396 0.0179475 4.88823)
(-0.0165818 0.0275167 4.91019)
(-0.0150071 0.0241204 4.93602)
(-0.0139934 0.0094781 4.95302)
(-0.0224722 -0.0203627 4.96702)
(-0.0264128 -0.0517374 4.93415)
(-0.0325158 -0.0585513 4.88276)
(-0.0377504 -0.0377597 4.83944)
(-0.0397693 4.66138e-07 4.82295)
(-0.0377506 0.0377607 4.83944)
(-0.032516 0.0585522 4.88277)
(-0.0264132 0.051738 4.93415)
(-0.0224726 0.020363 4.96703)
(-0.0373573 -0.0423486 5.0035)
(-0.0477095 -0.10838 4.9362)
(-0.0640043 -0.122227 4.82601)
(-0.0777457 -0.0777557 4.73699)
(-0.0829696 1.25693e-06 4.70421)
(-0.0777459 0.077758 4.73699)
(-0.0640048 0.122229 4.82601)
(-0.0477102 0.108381 4.9362)
(-0.0373581 0.042349 5.0035)
(-0.0586372 -0.087662 5.09094)
(-0.0840652 -0.22923 4.95482)
(-0.125637 -0.257762 4.70512)
(-0.159544 -0.159554 4.52206)
(-0.172102 2.13899e-06 4.45883)
(-0.159544 0.159558 4.52206)
(-0.125638 0.257765 4.70512)
(-0.0840661 0.229232 4.95482)
(-0.0586381 0.0876626 5.09094)
(-0.0795649 -0.178466 5.29445)
(-0.138664 -0.494196 5.04332)
(-0.243689 -0.55499 4.42998)
(-0.324037 -0.324048 4.06746)
(-0.352555 3.10824e-06 3.95605)
(-0.324037 0.324054 4.06746)
(-0.243689 0.554994 4.42998)
(-0.138665 0.494198 5.04332)
(-0.0795659 0.178466 5.29446)
(-0.0717033 -0.338796 5.73973)
(-0.194276 -1.09371 5.43435)
(-0.45635 -1.23362 3.72651)
(-0.63347 -0.633481 3.11066)
(-0.692338 4.09131e-06 2.95604)
(-0.63347 0.633488 3.11066)
(-0.45635 1.23363 3.72651)
(-0.194277 1.09371 5.43436)
(-0.0717044 0.338797 5.73973)
(0.0424805 -0.48384 6.53939)
(-0.140809 -2.50741 7.20536)
(-0.765852 -2.87868 1.6078)
(-1.0945 -1.09451 1.2314)
(-1.19453 4.7111e-06 1.14677)
(-1.0945 1.09452 1.2314)
(-0.765853 2.87869 1.6078)
(-0.140811 2.50742 7.20537)
(0.0424787 0.483841 6.53939)
(0.38822 0.327179 6.88254)
(0.448933 0.327179 9.1872)
(0.44893 -0.327179 9.1872)
(0.388216 -0.327179 6.88254)
(0.838493 1.82081 5.30016)
(1.32117 6.59056 7.42031)
(2.57683 7.27724 3.62862)
(3.27412 3.27411 3.48173)
(3.48669 2.4917e-06 3.38431)
(3.27412 -3.27411 3.48173)
(2.57682 -7.27723 3.62861)
(1.32117 -6.59056 7.4203)
(0.838488 -1.82081 5.30016)
(1.07987 2.44733 1.9355)
(1.62868 8.28368 2.56202)
(2.53217 8.19695 12.1473)
(3.02981 3.02981 10.3462)
(3.17558 1.28207e-07 9.87319)
(3.02981 -3.0298 10.3462)
(2.53216 -8.19694 12.1473)
(1.62868 -8.28367 2.56202)
(1.07986 -2.44733 1.9355)
(0.893465 0.706473 16.6962)
(1.00005 1.00004 14.5548)
(1.04184 -1.71282e-06 13.9951)
(1.00004 -1.00004 14.5548)
(0.893462 -0.706473 16.6962)
(0.305669 0.21922 16.2371)
(0.328672 0.328669 15.6002)
(0.339324 -1.92894e-06 15.3448)
(0.328671 -0.328671 15.6002)
(0.305667 -0.219221 16.2371)
(0.102776 0.0695421 16.0792)
(0.107769 0.107768 15.8823)
(0.11033 -1.38752e-06 15.7858)
(0.107769 -0.10777 15.8823)
(0.102775 -0.0695431 16.0792)
(0.0342064 0.0223506 16.0261)
(0.0352952 0.0352941 15.9638)
(0.0358907 -7.40127e-07 15.9299)
(0.0352951 -0.0352956 15.9638)
(0.0342062 -0.0223513 16.0261)
(0.0113148 0.00723831 16.0084)
(0.011553 0.0115525 15.9884)
(0.011689 -3.50358e-07 15.9769)
(0.0115533 -0.0115533 15.9884)
(0.0113152 -0.0072388 16.0084)
(0.00372848 0.00235446 16.0026)
(0.00378075 0.00378048 15.9961)
(0.00381138 1.9922e-09 15.9923)
(0.00378085 -0.00378065 15.9961)
(0.00372871 -0.00235463 16.0026)
(0.00122547 0.000767695 16.0007)
(0.00123711 0.00123698 15.9986)
(0.00124407 1.08334e-07 15.9973)
(0.00123736 -0.00123695 15.9986)
(0.00122604 -0.000767778 16.0007)
(0.000402131 0.000250602 16.0001)
(0.000404743 0.000404688 15.9994)
(0.000406292 2.46846e-07 15.999)
(0.00040481 -0.00040435 15.9994)
(0.000402359 -0.000250511 16.0001)
(0.000131564 8.17315e-05 15.9999)
(0.000132279 0.000132258 15.9996)
(0.000132723 1.83479e-07 15.9995)
(0.000132479 -0.00013205 15.9996)
(0.000132045 -8.17074e-05 15.9999)
(4.28e-05 2.64607e-05 15.9998)
(4.29454e-05 4.29393e-05 15.9997)
(4.30315e-05 1.64502e-07 15.9997)
(4.29621e-05 -4.2748e-05 15.9997)
(4.28643e-05 -2.64339e-05 15.9998)
(1.33258e-05 8.23422e-06 15.9998)
(1.33715e-05 1.33707e-05 15.9998)
(1.34273e-05 -5.96683e-08 15.9997)
(1.34723e-05 -1.34612e-05 15.9998)
(1.35932e-05 -8.26502e-06 15.9998)
(3.12183e-06 1.9102e-06 15.9998)
(3.06717e-06 3.06755e-06 15.9998)
(3.06182e-06 7.60374e-10 15.9998)
(3.06244e-06 -2.92651e-06 15.9998)
(3.12464e-06 -1.76992e-06 15.9998)
(-1.44324e-05 0.34605 0.598085)
(-1.4662e-05 0.744647 0.54092)
(-1.44735e-05 0.691147 0.479897)
(-1.4045e-05 0.398399 0.43801)
(-1.34169e-05 -6.46459e-06 0.423402)
(-1.26565e-05 -0.398411 0.43801)
(-1.1867e-05 -0.691157 0.479897)
(-1.11719e-05 -0.744653 0.54092)
(-1.06772e-05 -0.346052 0.598084)
(-1.4826e-05 0.288885 1.68533)
(-1.49689e-05 0.626459 1.52395)
(-1.47405e-05 0.588237 1.36049)
(-1.42713e-05 0.341904 1.25011)
(-1.35975e-05 -6.61604e-06 1.21177)
(-1.27906e-05 -0.341916 1.25011)
(-1.19592e-05 -0.588247 1.36049)
(-1.1228e-05 -0.626465 1.52395)
(-1.06892e-05 -0.288887 1.68532)
(-1.49604e-05 0.184676 2.40019)
(-1.50785e-05 0.419813 2.21805)
(-1.48196e-05 0.417307 2.02641)
(-1.43166e-05 0.249682 1.89356)
(-1.3608e-05 -6.7551e-06 1.8468)
(-1.27687e-05 -0.249695 1.89356)
(-1.19097e-05 -0.417318 2.02641)
(-1.11567e-05 -0.419819 2.21805)
(-1.06008e-05 -0.184678 2.40019)
(-1.49617e-05 0.106743 2.72266)
(-1.50609e-05 0.252681 2.59717)
(-1.47745e-05 0.263744 2.44683)
(-1.42411e-05 0.162288 2.33524)
(-1.35029e-05 -6.88649e-06 2.29479)
(-1.26374e-05 -0.162301 2.33524)
(-1.1758e-05 -0.263754 2.44683)
(-1.09906e-05 -0.252688 2.59717)
(-1.0434e-05 -0.106746 2.72266)
(-1.48029e-05 0.0591798 2.86057)
(-1.48812e-05 0.143974 2.78596)
(-1.45747e-05 0.155384 2.68739)
(-1.40184e-05 0.0976441 2.60984)
(-1.32589e-05 -6.98144e-06 2.58095)
(-1.23767e-05 -0.0976573 2.60984)
(-1.14875e-05 -0.155394 2.68739)
(-1.07167e-05 -0.143981 2.78596)
(-1.01561e-05 -0.059182 2.86057)
(-1.4487e-05 0.0321328 2.91919)
(-1.45524e-05 0.0794971 2.87725)
(-1.42285e-05 0.0876222 2.81829)
(-1.36557e-05 0.0558521 2.76994)
(-1.2883e-05 -7.03593e-06 2.75156)
(-1.19936e-05 -0.0558654 2.76994)
(-1.11033e-05 -0.0876331 2.81829)
(-1.03367e-05 -0.0795041 2.87725)
(-9.79292e-06 -0.0321351 2.91919)
(-1.40373e-05 0.0172371 2.94403)
(-1.4082e-05 0.0430653 2.92111)
(-1.37472e-05 0.0480732 2.88769)
(-1.3165e-05 0.0309222 2.85952)
(-1.23873e-05 -7.04302e-06 2.84867)
(-1.14996e-05 -0.0309354 2.85952)
(-1.06174e-05 -0.0480841 2.88769)
(-9.86458e-06 -0.0430723 2.92111)
(-9.32796e-06 -0.0172393 2.94403)
(-1.34605e-05 0.00921866 2.9543)
(-1.34956e-05 0.0231552 2.94213)
(-1.31514e-05 0.0260312 2.92398)
(-1.25644e-05 0.0168315 2.9084)
(-1.17886e-05 -7.00832e-06 2.90234)
(-1.09095e-05 -0.0168447 2.9084)
(-1.00422e-05 -0.0260421 2.92398)
(-9.30675e-06 -0.0231622 2.94213)
(-8.79878e-06 -0.00922096 2.9543)
(-1.27868e-05 0.00506944 2.95788)
(-1.28011e-05 0.0127464 2.95192)
(-1.24543e-05 0.0143461 2.94284)
(-1.18688e-05 0.00928087 2.93489)
(-1.11014e-05 -6.92956e-06 2.93175)
(-1.02382e-05 -0.00929391 2.93489)
(-9.39296e-06 -0.0143567 2.94284)
(-8.68271e-06 -0.0127532 2.95192)
(-8.18829e-06 -0.00507167 2.95788)
(-1.2012e-05 0.00325914 2.95733)
(-1.20212e-05 0.00811205 2.95564)
(-1.16706e-05 0.00899232 2.95271)
(-1.10902e-05 0.00574039 2.94983)
(-1.03361e-05 -6.81113e-06 2.94862)
(-9.49473e-06 -0.0057532 2.94983)
(-8.67603e-06 -0.00900283 2.95271)
(-7.9929e-06 -0.00811878 2.95564)
(-7.53526e-06 -0.00326136 2.95733)
(-1.11711e-05 0.00338619 2.95148)
(-1.11581e-05 0.00812972 2.95473)
(-1.08102e-05 0.00853161 2.95822)
(-1.02401e-05 0.00518903 2.96015)
(-9.50548e-06 -6.65098e-06 2.96064)
(-8.69203e-06 -0.00520153 2.96015)
(-7.90645e-06 -0.00854184 2.95822)
(-7.25801e-06 -0.00813623 2.95473)
(-6.81838e-06 -0.00338832 2.95148)
(-1.02434e-05 0.00650642 2.93349)
(-1.0227e-05 0.0148549 2.9472)
(-9.8809e-06 0.0144144 2.96237)
(-9.32408e-06 0.00816154 2.97178)
(-8.61397e-06 -6.45149e-06 2.97465)
(-7.83319e-06 -0.00817366 2.97178)
(-7.08491e-06 -0.0144243 2.96237)
(-6.47149e-06 -0.0148612 2.9472)
(-6.07486e-06 -0.00650851 2.9335)
(-9.26523e-06 0.0170917 2.88118)
(-9.22716e-06 0.0370025 2.92525)
(-8.89053e-06 0.0331144 2.96836)
(-8.35263e-06 0.0174707 2.993)
(-7.67213e-06 -6.21179e-06 3.00012)
(-6.92982e-06 -0.0174824 2.993)
(-6.2248e-06 -0.0331239 2.96837)
(-5.65368e-06 -0.0370086 2.92525)
(-5.27848e-06 -0.0170937 2.88118)
(-8.20963e-06 0.0505715 2.72134)
(-8.17269e-06 0.102038 2.86844)
(-7.84255e-06 0.082164 2.98305)
(-7.32601e-06 0.0399143 3.03932)
(-6.6788e-06 -5.93212e-06 3.05407)
(-5.97943e-06 -0.0399255 3.03932)
(-5.32035e-06 -0.0821731 2.98305)
(-4.7912e-06 -0.102044 2.86844)
(-4.46391e-06 -0.0505734 2.72134)
(-7.11777e-06 0.16419 2.18559)
(-7.05815e-06 0.298715 2.7355)
(-6.7416e-06 0.204 3.02719)
(-6.25092e-06 0.0884906 3.14104)
(-5.64211e-06 -5.61186e-06 3.16702)
(-4.99078e-06 -0.0885011 3.14104)
(-4.38344e-06 -0.204008 3.02719)
(-3.90374e-06 -0.298721 2.7355)
(-3.60098e-06 -0.164192 2.18559)
(-5.94671e-06 0.600481 0.150026)
(-5.88906e-06 0.943637 2.5294)
(-5.58354e-06 0.487706 3.17073)
(-5.12065e-06 0.179745 3.34973)
(-4.55423e-06 -5.24933e-06 3.38388)
(-3.95455e-06 -0.179754 3.34973)
(-3.40199e-06 -0.487714 3.17073)
(-2.97049e-06 -0.943642 2.52941)
(-2.71969e-06 -0.600482 0.150028)
(-4.73585e-06 12.5436 1.23988)
(-4.65591e-06 3.31942 3.18292)
(-4.36932e-06 1.02433 3.61553)
(-3.93921e-06 0.301643 3.71939)
(-3.41946e-06 -4.8457e-06 3.73734)
(-2.87658e-06 -0.301652 3.71939)
(-2.3844e-06 -1.02433 3.61554)
(-2.00868e-06 -3.31942 3.18292)
(-1.78548e-06 -12.5436 1.23989)
(-3.43756e-06 12.5435 6.66103)
(-3.36173e-06 3.31929 4.71776)
(-3.08932e-06 1.02418 4.2848)
(-2.69337e-06 0.301547 4.18063)
(-2.22309e-06 -4.39832e-06 4.16256)
(-1.74082e-06 -0.301555 4.18063)
(-1.3112e-06 -1.02419 4.2848)
(-9.90293e-07 -3.31929 4.71776)
(-8.23221e-07 -12.5435 6.66103)
(-2.0951e-06 0.600302 7.75089)
(-1.99395e-06 0.943185 5.37117)
(-1.74228e-06 0.487193 4.72932)
(-1.38392e-06 0.17941 4.54986)
(-9.67397e-07 -3.9104e-06 4.51553)
(-5.50444e-07 -0.179417 4.54986)
(-1.89439e-07 -0.487199 4.72933)
(6.81618e-08 -0.943189 5.37117)
(2.03019e-07 -0.600303 7.75089)
(-6.50495e-07 0.163798 5.71534)
(-5.49485e-07 0.297722 5.16481)
(-3.13951e-07 0.202871 4.87217)
(6.2879e-09 0.0877552 4.75749)
(3.66031e-07 -3.37979e-06 4.73118)
(7.14411e-07 -0.0877615 4.75749)
(1.00353e-06 -0.202876 4.87218)
(1.19849e-06 -0.297725 5.16482)
(1.27176e-06 -0.163799 5.71534)
(8.48816e-07 0.0497731 5.17965)
(9.79366e-07 0.100018 5.03134)
(1.19239e-06 0.0798689 4.91488)
(1.47109e-06 0.0384185 4.85699)
(1.77099e-06 -2.81425e-06 4.8416)
(2.04609e-06 -0.0384238 4.85699)
(2.25721e-06 -0.0798731 4.91489)
(2.38052e-06 -0.10002 5.03135)
(2.41483e-06 -0.049774 5.17965)
(2.44987e-06 0.0154933 5.01998)
(2.58466e-06 0.0329578 4.97351)
(2.78175e-06 0.0285202 4.92672)
(3.0194e-06 0.0144767 4.89887)
(3.25831e-06 -2.21404e-06 4.89048)
(3.45735e-06 -0.0144808 4.89887)
(3.58846e-06 -0.0285234 4.92672)
(3.64039e-06 -0.0329598 4.97352)
(3.60585e-06 -0.0154939 5.01998)
(4.08325e-06 0.00330696 4.96819)
(4.25505e-06 0.00675943 4.94965)
(4.43087e-06 0.00522321 4.92709)
(4.62617e-06 0.00217477 4.9112)
(4.80237e-06 -1.59144e-06 4.90579)
(4.92296e-06 -0.00217771 4.9112)
(4.96958e-06 -0.0052255 4.92709)
(4.94213e-06 -0.0067608 4.94965)
(4.8606e-06 -0.0033074 4.96819)
(5.7785e-06 -0.00304626 4.95169)
(5.96141e-06 -0.0081458 4.93863)
(6.12066e-06 -0.0099312 4.9201)
(6.27504e-06 -0.00682128 4.90508)
(6.38929e-06 -9.45678e-07 4.89945)
(6.43245e-06 0.00681955 4.90508)
(6.39562e-06 0.00992992 4.9201)
(6.29261e-06 0.00814507 4.93863)
(6.13741e-06 0.00304604 4.9517)
(7.43853e-06 -0.00975616 4.94996)
(7.65926e-06 -0.024833 4.93155)
(7.7941e-06 -0.0283284 4.90358)
(7.90615e-06 -0.0184708 4.87978)
(7.96063e-06 -2.87383e-07 4.87063)
(7.92858e-06 0.0184703 4.87978)
(7.81019e-06 0.0283282 4.90359)
(7.63004e-06 0.0248329 4.93156)
(7.42591e-06 0.00975617 4.94997)
(9.05873e-06 -0.0214574 4.96054)
(9.28551e-06 -0.0545263 4.9251)
(9.39984e-06 -0.0617019 4.86968)
(9.47402e-06 -0.0397786 4.82296)
(9.47663e-06 4.03886e-07 4.80517)
(9.3774e-06 0.0397794 4.82296)
(9.18705e-06 0.0617026 4.86968)
(8.94055e-06 0.0545269 4.92511)
(8.66833e-06 0.0214576 4.96054)
(1.05184e-05 -0.0451935 4.99359)
(1.07718e-05 -0.115691 4.92053)
(1.08611e-05 -0.130475 4.80092)
(1.09033e-05 -0.0829795 4.70421)
(1.08631e-05 1.14051e-06 4.66859)
(1.07049e-05 0.0829817 4.70421)
(1.04483e-05 0.130477 4.80093)
(1.01379e-05 0.115692 4.92054)
(9.82227e-06 0.0451939 4.99359)
(1.18072e-05 -0.0945083 5.07985)
(1.2059e-05 -0.247189 4.9312)
(1.21444e-05 -0.278024 4.65909)
(1.21776e-05 -0.172113 4.45883)
(1.21156e-05 1.99212e-06 4.38951)
(1.19092e-05 0.172116 4.45883)
(1.15902e-05 0.278027 4.6591)
(1.12167e-05 0.247191 4.9312)
(1.084e-05 0.0945089 5.07986)
(1.28323e-05 -0.193851 5.29261)
(1.31059e-05 -0.536452 5.01806)
(1.3222e-05 -0.602842 4.35337)
(1.32699e-05 -0.352566 3.95605)
(1.31883e-05 2.9425e-06 3.83313)
(1.29304e-05 0.352572 3.95605)
(1.25272e-05 0.602846 4.35337)
(1.20726e-05 0.536454 5.01806)
(1.16483e-05 0.193852 5.29262)
(1.36143e-05 -0.369064 5.77624)
(1.39277e-05 -1.18643 5.44452)
(1.41115e-05 -1.34003 3.62705)
(1.42067e-05 -0.692349 2.95604)
(1.4112e-05 3.9133e-06 2.78508)
(1.37852e-05 0.692356 2.95605)
(1.32795e-05 1.34004 3.62705)
(1.2623e-05 1.18644 5.44453)
(1.2129e-05 0.369065 5.77624)
(1.42141e-05 -0.525569 6.66462)
(1.45408e-05 -2.68564 7.37709)
(1.46718e-05 -3.09132 1.55535)
(1.46674e-05 -1.19454 1.14677)
(1.44619e-05 4.45826e-06 1.05316)
(1.40371e-05 1.19455 1.14677)
(1.33465e-05 3.09133 1.55535)
(1.23493e-05 2.68565 7.37709)
(1.17119e-05 0.525569 6.66462)
(1.45474e-05 0.343407 7.09099)
(1.4734e-05 0.343407 9.54821)
(1.10052e-05 -0.343407 9.54821)
(1.06598e-05 -0.343407 7.09099)
(1.45133e-05 1.93165 5.47704)
(1.43633e-05 6.97238 7.69779)
(1.34276e-05 7.70961 3.58231)
(1.22193e-05 3.48668 3.38431)
(1.08551e-05 1.08683e-06 3.27121)
(9.68235e-06 -3.48668 3.38431)
(8.94555e-06 -7.7096 3.58231)
(9.38447e-06 -6.97238 7.69778)
(9.47178e-06 -1.93165 5.47704)
(1.40584e-05 2.56415 1.99611)
(1.31754e-05 8.55859 2.62861)
(1.05121e-05 8.46531 11.8061)
(8.90754e-06 3.17557 9.87319)
(7.71154e-06 -1.11675e-06 9.3612)
(6.87669e-06 -3.17557 9.87318)
(6.6843e-06 -8.46531 11.806)
(7.94182e-06 -8.55858 2.6286)
(8.30724e-06 -2.56415 1.99611)
(5.39723e-06 0.736012 16.2395)
(4.55629e-06 1.04183 13.9951)
(3.93925e-06 -2.36265e-06 13.4033)
(3.51343e-06 -1.04183 13.9951)
(3.36898e-06 -0.736012 16.2395)
(2.39665e-06 0.226428 16.0096)
(2.00599e-06 0.33932 15.3448)
(1.72837e-06 -2.22368e-06 15.0781)
(1.4935e-06 -0.339324 15.3448)
(1.31015e-06 -0.226429 16.0096)
(9.3369e-07 0.0712251 15.9895)
(8.98126e-07 0.110328 15.7858)
(8.55698e-07 -1.43773e-06 15.6861)
(7.64775e-07 -0.110331 15.7858)
(6.25886e-07 -0.0712262 15.9895)
(5.36475e-07 0.0227343 15.9938)
(5.15344e-07 0.0358897 15.9299)
(5.14113e-07 -7.43179e-07 15.8951)
(4.5536e-07 -0.0358913 15.9299)
(2.90963e-07 -0.0227351 15.9938)
(1.79401e-07 0.00732472 15.9973)
(3.09443e-07 0.0116884 15.9769)
(4.06191e-07 -2.54137e-07 15.9652)
(4.51755e-07 -0.0116891 15.9769)
(4.25464e-07 -0.00732513 15.9973)
(2.94453e-07 0.00237372 15.9988)
(3.31538e-07 0.00381111 15.9923)
(3.85983e-07 5.71e-08 15.9884)
(4.06092e-07 -0.00381122 15.9923)
(3.54353e-07 -0.00237388 15.9988)
(1.21115e-07 0.000772062 15.9994)
(2.64367e-07 0.00124394 15.9973)
(3.71307e-07 2.15676e-07 15.996)
(4.53987e-07 -0.0012437 15.9973)
(5.05338e-07 -0.000772033 15.9994)
(2.89714e-07 0.000251542 15.9997)
(3.15028e-07 0.000406236 15.999)
(3.53933e-07 2.86218e-07 15.9985)
(3.82024e-07 -0.000405848 15.999)
(3.73985e-07 -0.00025144 15.9997)
(8.84933e-08 8.20234e-05 15.9997)
(2.09954e-07 0.000132701 15.9995)
(2.87616e-07 2.61366e-07 15.9994)
(3.58451e-07 -0.000132315 15.9995)
(4.23361e-07 -8.18984e-05 15.9997)
(1.6201e-07 2.64977e-05 15.9998)
(1.72637e-07 4.30249e-05 15.9997)
(1.77863e-07 1.69908e-07 15.9996)
(1.78482e-07 -4.28369e-05 15.9997)
(1.54856e-07 -2.64797e-05 15.9998)
(-1.16494e-07 8.27792e-06 15.9998)
(-5.82536e-08 1.34263e-05 15.9997)
(-1.59585e-08 -1.73068e-08 15.9997)
(2.08316e-08 -1.34056e-05 15.9997)
(8.49875e-08 -8.23992e-06 15.9998)
(2.05063e-08 1.8911e-06 15.9998)
(5.7826e-10 3.06216e-06 15.9998)
(1.57248e-08 1.59354e-08 15.9998)
(2.24611e-08 -2.90323e-06 15.9998)
(5.09479e-08 -1.74811e-06 15.9998)
(-2.14667 0.521383 0.681132)
(-1.17277 1.02979 0.592253)
(-0.72922 0.862227 0.509929)
(-0.479493 0.479476 0.456328)
(-0.398416 -5.76799e-06 0.43801)
(-0.479492 -0.479487 0.456328)
(-0.729217 -0.862236 0.509928)
(-1.17277 -1.02979 0.592253)
(-2.14667 -0.521384 0.681131)
(-1.80051 0.432505 1.9522)
(-0.969361 0.858586 1.66946)
(-0.609381 0.726302 1.44129)
(-0.407575 0.407557 1.29842)
(-0.341922 -5.88132e-06 1.25011)
(-0.407573 -0.407568 1.29842)
(-0.609378 -0.726311 1.44128)
(-0.969357 -0.858592 1.66946)
(-1.8005 -0.432506 1.9522)
(-0.794384 0.238645 2.68746)
(-0.569936 0.518876 2.38029)
(-0.400076 0.491185 2.11978)
(-0.28832 0.288302 1.95139)
(-0.2497 -5.99196e-06 1.89356)
(-0.288318 -0.288313 1.95139)
(-0.400073 -0.491195 2.11978)
(-0.569932 -0.518882 2.38029)
(-0.79438 -0.238647 2.68746)
(-0.373777 0.125333 2.8777)
(-0.305192 0.290906 2.70475)
(-0.233867 0.297402 2.51737)
(-0.181353 0.181335 2.38323)
(-0.162306 -6.09917e-06 2.33524)
(-0.181351 -0.181346 2.38323)
(-0.233864 -0.297411 2.51737)
(-0.305188 -0.290912 2.70475)
(-0.373773 -0.125335 2.8777)
(-0.180964 0.0657033 2.93752)
(-0.157793 0.158551 2.84669)
(-0.128968 0.16966 2.73171)
(-0.106193 0.106175 2.64276)
(-0.097662 -6.17745e-06 2.60984)
(-0.106191 -0.106186 2.64276)
(-0.128965 -0.16967 2.73171)
(-0.157789 -0.158558 2.84669)
(-0.18096 -0.0657053 2.93752)
(-0.0887727 0.034507 2.95706)
(-0.0804082 0.085094 2.90948)
(-0.0689409 0.0934647 2.84372)
(-0.0594845 0.0594668 2.79022)
(-0.0558698 -6.22288e-06 2.76994)
(-0.059483 -0.0594785 2.79022)
(-0.0689381 -0.0934743 2.84372)
(-0.0804044 -0.0851003 2.90948)
(-0.0887685 -0.0345091 2.95706)
(-0.0438156 0.0181206 2.96277)
(-0.0407018 0.0452145 2.93779)
(-0.0362095 0.0504001 2.90161)
(-0.03241 0.0323927 2.87122)
(-0.0309394 -6.22872e-06 2.85952)
(-0.0324085 -0.0324045 2.87122)
(-0.0362067 -0.0504098 2.90161)
(-0.040698 -0.0452207 2.93779)
(-0.0438113 -0.0181227 2.96277)
(-0.0215704 0.00953386 2.96373)
(-0.0204575 0.0239347 2.95074)
(-0.0188107 0.0268918 2.93141)
(-0.0173986 0.0173819 2.91485)
(-0.0168482 -6.19914e-06 2.9084)
(-0.0173971 -0.0173936 2.91485)
(-0.0188079 -0.0269014 2.93141)
(-0.0204537 -0.0239409 2.95074)
(-0.0215662 -0.00953591 2.96373)
(-0.010223 0.00513032 2.96294)
(-0.010005 0.0128978 2.95652)
(-0.00968099 0.0145138 2.94677)
(-0.00940426 0.0093882 2.93825)
(-0.0092969 -6.13201e-06 2.93489)
(-0.0094028 -0.00939975 2.93825)
(-0.00967824 -0.0145232 2.94677)
(-0.0100013 -0.0129038 2.95652)
(-0.0102189 -0.00513231 2.96294)
(-0.00372289 0.00312263 2.96081)
(-0.00418986 0.00777238 2.95859)
(-0.00489309 0.00861292 2.95486)
(-0.00550985 0.00549455 2.95131)
(-0.00575566 -6.03041e-06 2.94983)
(-0.00550842 -0.0055059 2.95131)
(-0.0048904 -0.00862223 2.95486)
(-0.00418624 -0.00777837 2.95859)
(-0.00371885 -0.00312462 2.96082)
(0.00174557 0.00290353 2.95593)
(0.000121943 0.00694679 2.95791)
(-0.00228074 0.00723308 2.95969)
(-0.00436914 0.00435471 2.96021)
(-0.00520345 -5.89299e-06 2.96015)
(-0.00436775 -0.00436579 2.96021)
(-0.00227812 -0.00724215 2.95969)
(0.000125453 -0.00695258 2.95791)
(0.00174952 -0.00290544 2.95593)
(0.0104235 0.00510566 2.94381)
(0.00592731 0.0115382 2.95368)
(-0.000480424 0.0109128 2.96432)
(-0.00596529 0.0059518 2.97027)
(-0.00817501 -5.72089e-06 2.97178)
(-0.00596395 -0.00596256 2.97027)
(-0.000477897 -0.0109216 2.96432)
(0.0059307 -0.0115439 2.95368)
(0.0104272 -0.00510754 2.94381)
(0.0312606 0.0127805 2.91292)
(0.018636 0.0274581 2.94315)
(0.00197937 0.0238184 2.97327)
(-0.0118337 0.0118212 2.9892)
(-0.0174832 -5.51392e-06 2.993)
(-0.0118324 -0.0118316 2.9892)
(0.00198179 -0.0238268 2.97327)
(0.0186392 -0.0274635 2.94315)
(0.0312643 -0.0127822 2.91292)
(0.0899398 0.03534 2.83574)
(0.0517264 0.0718876 2.92275)
(0.00821876 0.0569596 2.9975)
(-0.0256956 0.0256842 3.03239)
(-0.0399257 -5.27098e-06 3.03932)
(-0.0256943 -0.0256941 3.03239)
(0.00822105 -0.0569677 2.9975)
(0.0517295 -0.0718928 2.92275)
(0.0899432 -0.0353418 2.83575)
(0.271099 0.0997819 2.66054)
(0.140654 0.189213 2.90119)
(0.0260619 0.133462 3.06641)
(-0.0536563 0.0536461 3.13149)
(-0.0885007 -4.99247e-06 3.14104)
(-0.0536551 -0.0536555 3.13149)
(0.026064 -0.13347 3.06641)
(0.140657 -0.189218 2.90119)
(0.271102 -0.0997835 2.66055)
(0.886923 0.275984 2.39763)
(0.369536 0.477753 2.96863)
(0.0708603 0.287265 3.25126)
(-0.100326 0.100317 3.34167)
(-0.179753 -4.67541e-06 3.34973)
(-0.100325 -0.100326 3.34167)
(0.0708623 -0.287272 3.25126)
(0.369538 -0.477757 2.96863)
(0.886926 -0.275986 2.39763)
(3.22729 0.670781 3.10273)
(0.846062 1.04284 3.49747)
(0.147748 0.506509 3.66769)
(-0.15213 0.152123 3.71657)
(-0.30165 -4.32201e-06 3.7194)
(-0.152129 -0.152131 3.71657)
(0.14775 -0.506516 3.66769)
(0.846064 -1.04285 3.49747)
(3.22729 -0.670782 3.10273)
(3.22738 0.67073 4.7983)
(0.846155 1.04271 4.40333)
(0.147843 0.506363 4.23277)
(-0.152033 0.152027 4.18358)
(-0.301553 -3.92822e-06 4.18063)
(-0.152033 -0.152035 4.18358)
(0.147845 -0.506369 4.23277)
(0.846157 -1.04272 4.40333)
(3.22738 -0.670731 4.79831)
(0.887239 0.275807 5.50346)
(0.369857 0.477304 4.93212)
(0.0711896 0.286756 4.64897)
(-0.0999901 0.0999855 4.5581)
(-0.179415 -3.49844e-06 4.54986)
(-0.0999893 -0.0999921 4.5581)
(0.071191 -0.286761 4.64898)
(0.369859 -0.477308 4.93212)
(0.887241 -0.275808 5.50346)
(0.27178 0.0993932 5.24068)
(0.141349 0.188229 4.99943)
(0.0267788 0.132345 4.83327)
(-0.0529208 0.0529179 4.76736)
(-0.0877581 -3.0291e-06 4.75749)
(-0.0529202 -0.0529236 4.76736)
(0.02678 -0.132349 4.83327)
(0.141351 -0.188232 4.99943)
(0.271782 -0.0993942 5.24068)
(0.0912891 0.0345518 5.06579)
(0.0531115 0.0698929 4.9776)
(0.00965836 0.0546934 4.90104)
(-0.0242082 0.024207 4.86456)
(-0.0384197 -2.52877e-06 4.85699)
(-0.0242077 -0.0242117 4.86456)
(0.00965936 -0.0546971 4.90104)
(0.0531128 -0.0698953 4.97761)
(0.0912906 -0.0345525 5.06579)
(0.0338687 0.0112077 4.98928)
(0.0213349 0.0234783 4.9567)
(0.00481727 0.0192977 4.92299)
(-0.0088741 0.00887476 4.90391)
(-0.014476 -1.99551e-06 4.89887)
(-0.00887368 -0.00887848 4.90391)
(0.00481804 -0.0193006 4.92299)
(0.0213359 -0.0234801 4.9567)
(0.0338698 -0.0112083 4.98928)
(0.0154121 0.00197138 4.95981)
(0.0111469 0.00360757 4.94524)
(0.00509242 0.00190833 4.92742)
(-8.35599e-05 8.61399e-05 4.91519)
(-0.0021722 -1.44137e-06 4.9112)
(-8.32663e-05 -8.88136e-05 4.91519)
(0.00509295 -0.00191042 4.92743)
(0.0111476 -0.00360882 4.94525)
(0.0154128 -0.00197177 4.95982)
(0.0112034 -0.00336413 4.95084)
(0.0101654 -0.0089115 4.93939)
(0.00866013 -0.0107572 4.92311)
(0.00735404 -0.00734948 4.90997)
(0.00682583 -8.62219e-07 4.90508)
(0.00735422 0.00734789 4.90997)
(0.00866044 0.010756 4.92312)
(0.0101657 0.00891082 4.93939)
(0.0112038 0.00336391 4.95084)
(0.0140073 -0.00947789 4.95302)
(0.0150214 -0.0241201 4.93602)
(0.0165964 -0.0275167 4.91019)
(0.0179544 -0.0179478 4.88823)
(0.0184773 -2.67112e-07 4.87978)
(0.0179545 0.0179474 4.88823)
(0.0165965 0.0275164 4.9102)
(0.0150215 0.02412 4.93602)
(0.0140074 0.0094779 4.95302)
(0.0224891 -0.0203625 4.96702)
(0.0264302 -0.051737 4.93415)
(0.0325334 -0.0585511 4.88277)
(0.0377682 -0.0377597 4.83944)
(0.0397871 3.6952e-07 4.82296)
(0.0377682 0.0377604 4.83945)
(0.0325333 0.0585517 4.88277)
(0.02643 0.0517375 4.93416)
(0.0224889 0.0203627 4.96703)
(0.037377 -0.0423484 5.0035)
(0.0477297 -0.108379 4.9362)
(0.0640247 -0.122227 4.82601)
(0.0777661 -0.0777557 4.73699)
(0.08299 1.05849e-06 4.70421)
(0.077766 0.0777576 4.73699)
(0.0640245 0.122229 4.82601)
(0.0477293 0.10838 4.93621)
(0.0373766 0.0423487 5.00351)
(0.0586593 -0.0876617 5.09094)
(0.0840878 -0.22923 4.95482)
(0.12566 -0.257762 4.70512)
(0.159566 -0.159554 4.52206)
(0.172125 1.87064e-06 4.45883)
(0.159566 0.159557 4.52206)
(0.12566 0.257764 4.70513)
(0.0840872 0.229231 4.95483)
(0.0586586 0.0876622 5.09094)
(0.0795889 -0.178465 5.29446)
(0.138689 -0.494196 5.04332)
(0.243714 -0.55499 4.42998)
(0.324062 -0.324048 4.06746)
(0.35258 2.76879e-06 3.95605)
(0.324062 0.324053 4.06746)
(0.243713 0.554993 4.42998)
(0.138688 0.494198 5.04333)
(0.0795879 0.178466 5.29446)
(0.0717288 -0.338796 5.73973)
(0.194302 -1.09371 5.43435)
(0.456376 -1.23362 3.72651)
(0.633497 -0.633481 3.11066)
(0.692365 3.6698e-06 2.95605)
(0.633496 0.633488 3.11066)
(0.456375 1.23363 3.72651)
(0.194301 1.09371 5.43436)
(0.0717272 0.338796 5.73973)
(-0.0424539 -0.48384 6.53939)
(0.140836 -2.50741 7.20537)
(0.76588 -2.87868 1.6078)
(1.09453 -1.09451 1.2314)
(1.19455 4.08076e-06 1.14677)
(1.09453 1.09452 1.2314)
(0.765878 2.87869 1.6078)
(0.140834 2.50742 7.20537)
(-0.0424565 0.48384 6.53939)
(-0.388192 0.327179 6.88254)
(-0.448905 0.327179 9.1872)
(-0.448909 -0.327179 9.18719)
(-0.388196 -0.327179 6.88254)
(-0.838466 1.82081 5.30016)
(-1.32114 6.59056 7.42031)
(-2.5768 7.27724 3.62861)
(-3.2741 3.27411 3.48173)
(-3.48667 -4.52249e-08 3.38431)
(-3.2741 -3.27411 3.48172)
(-2.57681 -7.27723 3.62861)
(-1.32115 -6.59056 7.4203)
(-0.83847 -1.82081 5.30015)
(-1.07984 2.44733 1.9355)
(-1.62866 8.28367 2.56202)
(-2.53215 8.19694 12.1473)
(-3.0298 3.0298 10.3462)
(-3.17557 -1.90264e-06 9.87318)
(-3.0298 -3.02981 10.3462)
(-2.53215 -8.19694 12.1472)
(-1.62866 -8.28367 2.56201)
(-1.07985 -2.44733 1.9355)
(-0.893455 0.706472 16.6962)
(-1.00004 1.00004 14.5548)
(-1.04183 -2.75568e-06 13.9951)
(-1.00004 -1.00004 14.5548)
(-0.893456 -0.706473 16.6962)
(-0.305664 0.219219 16.2371)
(-0.328668 0.328668 15.6002)
(-0.339321 -2.44143e-06 15.3448)
(-0.328669 -0.328672 15.6002)
(-0.305665 -0.219221 16.2371)
(-0.102774 0.069542 16.0792)
(-0.107768 0.107768 15.8823)
(-0.110329 -1.52087e-06 15.7858)
(-0.107768 -0.10777 15.8823)
(-0.102774 -0.0695433 16.0792)
(-0.0342058 0.0223506 16.0261)
(-0.0352946 0.0352941 15.9638)
(-0.0358903 -8.00112e-07 15.9299)
(-0.0352948 -0.0352958 15.9638)
(-0.0342062 -0.0223515 16.0261)
(-0.0113148 0.00723844 16.0084)
(-0.0115528 0.0115527 15.9884)
(-0.0116885 -2.08045e-07 15.9769)
(-0.0115528 -0.0115533 15.9884)
(-0.0113148 -0.00723883 16.0084)
(-0.00372827 0.0023545 16.0026)
(-0.00378038 0.00378058 15.9961)
(-0.00381095 7.65456e-08 15.9923)
(-0.00378041 -0.00378068 15.9961)
(-0.00372833 -0.00235468 16.0026)
(-0.00122553 0.000767838 16.0007)
(-0.00123682 0.00123723 15.9986)
(-0.00124357 2.97955e-07 15.9973)
(-0.00123669 -0.00123682 15.9986)
(-0.00122524 -0.000767726 16.0007)
(-0.000401853 0.000250628 16.0001)
(-0.000404288 0.000404753 15.9994)
(-0.000405787 3.13842e-07 15.999)
(-0.000404271 -0.00040433 15.9994)
(-0.000401748 -0.000250519 16.0001)
(-0.00013161 8.18529e-05 15.9999)
(-0.000132023 0.000132457 15.9996)
(-0.00013229 3.31977e-07 15.9995)
(-0.00013189 -0.000131914 15.9996)
(-0.000131279 -8.16425e-05 15.9999)
(-4.26596e-05 2.64713e-05 15.9998)
(-4.27377e-05 4.29551e-05 15.9997)
(-4.28275e-05 1.70348e-07 15.9997)
(-4.27623e-05 -4.2771e-05 15.9997)
(-4.2614e-05 -2.64575e-05 15.9998)
(-1.35683e-05 8.29246e-06 15.9998)
(-1.34578e-05 1.34712e-05 15.9998)
(-1.34027e-05 1.94169e-08 15.9997)
(-1.33578e-05 -1.33602e-05 15.9998)
(-1.32982e-05 -8.20086e-06 15.9998)
(-2.96536e-06 1.89027e-06 15.9998)
(-2.92575e-06 3.06277e-06 15.9998)
(-2.90265e-06 2.26432e-08 15.9998)
(-2.8909e-06 -2.89129e-06 15.9998)
(-2.79322e-06 -1.74143e-06 15.9998)
(-3.1134 3.81995 0.944251)
(-2.01858 2.1621 0.74433)
(-1.38444 1.38442 0.599736)
(-0.862241 0.729202 0.509929)
(-0.691161 -5.17216e-06 0.479897)
(-0.86224 -0.729212 0.509929)
(-1.38444 -1.38443 0.599736)
(-2.01858 -2.1621 0.74433)
(-3.11339 -3.81995 0.94425)
(-2.5921 3.62003 3.03761)
(-1.66355 1.81758 2.12679)
(-1.15004 1.15002 1.68963)
(-0.726316 0.609363 1.44129)
(-0.58825 -5.26085e-06 1.36049)
(-0.726315 -0.609373 1.44128)
(-1.15003 -1.15003 1.68963)
(-1.66355 -1.81759 2.12679)
(-2.5921 -3.62003 3.03761)
(-1.22769 0.409125 3.82692)
(-0.950584 0.814121 2.88222)
(-0.698937 0.698923 2.40193)
(-0.491199 0.400058 2.11978)
(-0.417321 -5.3513e-06 2.02641)
(-0.491198 -0.400068 2.11978)
(-0.698935 -0.698931 2.40193)
(-0.950582 -0.814126 2.88222)
(-1.22768 -0.409127 3.82692)
(-0.58833 0.175329 3.33608)
(-0.49576 0.392591 3.00931)
(-0.387597 0.387582 2.71793)
(-0.297416 0.233849 2.51737)
(-0.263758 -5.44042e-06 2.44683)
(-0.297415 -0.233859 2.51737)
(-0.387594 -0.387591 2.71793)
(-0.495757 -0.392597 3.00931)
(-0.588327 -0.175331 3.33608)
(-0.284463 0.082351 3.14558)
(-0.251211 0.195971 3.01074)
(-0.206998 0.206984 2.85231)
(-0.169674 0.12895 2.73171)
(-0.155398 -5.50587e-06 2.68739)
(-0.169673 -0.12896 2.73171)
(-0.206996 -0.206993 2.85231)
(-0.251208 -0.195976 3.01074)
(-0.28446 -0.0823528 3.14558)
(-0.138659 0.0404973 3.05634)
(-0.126224 0.0993289 2.99434)
(-0.10856 0.108546 2.91104)
(-0.0934785 0.0689233 2.84372)
(-0.087636 -5.54362e-06 2.81829)
(-0.0934773 -0.0689337 2.84372)
(-0.108558 -0.108555 2.91104)
(-0.126221 -0.0993345 2.99434)
(-0.138656 -0.0404992 3.05634)
(-0.0680176 0.0203508 3.01123)
(-0.0633045 0.0506714 2.98106)
(-0.0563785 0.056365 2.93782)
(-0.0504137 0.0361923 2.90161)
(-0.0480866 -5.54814e-06 2.88769)
(-0.0504125 -0.0362027 2.90161)
(-0.0563763 -0.0563736 2.93782)
(-0.0633016 -0.0506769 2.98106)
(-0.0680144 -0.0203527 3.01123)
(-0.0333414 0.0103316 2.98789)
(-0.0316422 0.0259149 2.97283)
(-0.0291033 0.0290901 2.95051)
(-0.0269049 0.018794 2.93141)
(-0.0260443 -5.52172e-06 2.92398)
(-0.0269038 -0.0188044 2.93141)
(-0.0291011 -0.0290987 2.95051)
(-0.0316393 -0.0259205 2.97283)
(-0.0333382 -0.0103335 2.98789)
(-0.0158028 0.00528749 2.97573)
(-0.0154644 0.0132884 2.96819)
(-0.0149594 0.0149468 2.95676)
(-0.0145264 0.00966496 2.94677)
(-0.0143586 -5.46346e-06 2.94284)
(-0.0145252 -0.00967525 2.94677)
(-0.0149572 -0.0149552 2.95676)
(-0.0154615 -0.0132939 2.96819)
(-0.0157997 -0.00528927 2.97573)
(-0.00593409 0.00279216 2.9693)
(-0.00662691 0.00694185 2.96577)
(-0.00768438 0.00767233 2.96011)
(-0.00862495 0.00487782 2.95486)
(-0.00900427 -5.37429e-06 2.95271)
(-0.00862381 -0.00488793 2.95486)
(-0.00768225 -0.00768065 2.96011)
(-0.0066241 -0.00694724 2.96577)
(-0.00593103 -0.00279397 2.9693)
(0.00191761 0.00176256 2.96563)
(-0.000458368 0.00410341 2.96484)
(-0.0040519 0.00404052 2.96264)
(-0.00724444 0.00226632 2.95969)
(-0.0085429 -5.25484e-06 2.95822)
(-0.00724333 -0.00227621 2.95969)
(-0.00404984 -0.00404864 2.96264)
(-0.000455614 -0.0041086 2.96485)
(0.00192064 -0.00176426 2.96563)
(0.013195 0.00201026 2.96301)
(0.00687424 0.00395099 2.96571)
(-0.00253241 0.00252175 2.96663)
(-0.0109234 0.000466951 2.96432)
(-0.0144249 -5.10377e-06 2.96237)
(-0.0109224 -0.00047655 2.96432)
(-0.00253041 -0.00252962 2.96663)
(0.00687688 -0.00395609 2.96571)
(0.0131978 -0.00201197 2.96301)
(0.0373141 0.00446707 2.9607)
(0.0209321 0.00772128 2.97105)
(-0.00265468 0.00264482 2.97706)
(-0.0238282 -0.00199182 2.97327)
(-0.0331242 -4.92307e-06 2.96837)
(-0.0238272 0.00198256 2.97327)
(-0.00265276 -0.00265239 2.97706)
(0.0209347 -0.00772611 2.97105)
(0.0373169 -0.00446865 2.9607)
(0.0956224 0.0123581 2.96118)
(0.0529195 0.020317 2.99046)
(-0.00475101 0.004742 3.00713)
(-0.0569686 -0.0082301 2.9975)
(-0.082173 -4.70886e-06 2.98305)
(-0.0569676 0.00822125 2.9975)
(-0.00474918 -0.00474923 3.00713)
(0.0529219 -0.0203216 2.99046)
(0.095625 -0.0123597 2.96118)
(0.237984 0.0337454 2.98257)
(0.125508 0.0536785 3.05331)
(-0.00969786 0.00968977 3.08983)
(-0.13347 -0.026072 3.06641)
(-0.204008 -4.4643e-06 3.02719)
(-0.133469 0.0260636 3.06641)
(-0.00969614 -0.00969661 3.08983)
(0.12551 -0.0536828 3.05331)
(0.237987 -0.0337468 2.98257)
(0.566699 0.0830933 3.10622)
(0.272722 0.127575 3.23481)
(-0.0178514 0.0178443 3.29241)
(-0.287272 -0.0708692 3.25126)
(-0.487713 -4.18347e-06 3.17073)
(-0.287271 0.0708613 3.25126)
(-0.0178498 -0.0178507 3.29242)
(0.272724 -0.127579 3.23481)
(0.566702 -0.0830947 3.10622)
(1.17608 0.162342 3.58034)
(0.485648 0.239877 3.65954)
(-0.0261413 0.0261353 3.69252)
(-0.506515 -0.147756 3.66769)
(-1.02433 -3.87141e-06 3.61554)
(-0.506514 0.147748 3.66769)
(-0.0261398 -0.0261412 3.69252)
(0.48565 -0.239881 3.65954)
(1.17608 -0.162343 3.58034)
(1.17622 0.162292 4.32098)
(0.48579 0.239751 4.24156)
(-0.0259965 0.0259916 4.20824)
(-0.506368 -0.147849 4.23277)
(-1.02418 -3.52091e-06 4.2848)
(-0.506367 0.147843 4.23277)
(-0.0259952 -0.025997 4.20824)
(0.485792 -0.239754 4.24156)
(1.17622 -0.162293 4.32098)
(0.567181 0.0829198 4.79529)
(0.273212 0.127136 4.66637)
(-0.0173494 0.0173457 4.60826)
(-0.28676 -0.0711941 4.64898)
(-0.487197 -3.13958e-06 4.72933)
(-0.286759 0.0711883 4.64898)
(-0.0173482 -0.0173504 4.60826)
(0.273214 -0.127139 4.66637)
(0.567183 -0.0829208 4.79529)
(0.239025 0.0333666 4.91939)
(0.126569 0.0527201 4.84807)
(-0.00860348 0.00860101 4.81064)
(-0.132347 -0.0267817 4.83327)
(-0.202874 -2.72044e-06 4.87218)
(-0.132347 0.0267766 4.83327)
(-0.00860246 -0.0086051 4.81064)
(0.126571 -0.0527228 4.84807)
(0.239026 -0.0333675 4.91939)
(0.0976843 0.0115955 4.94174)
(0.0550363 0.0183871 4.91133)
(-0.00255034 0.00254923 4.89292)
(-0.0546945 -0.00965955 4.90104)
(-0.0798701 -2.27465e-06 4.91489)
(-0.054694 0.0096553 4.90104)
(-0.0025495 -0.00255263 4.89292)
(0.0550375 -0.0183892 4.91133)
(0.0976856 -0.0115962 4.94174)
(0.0413048 0.00295948 4.9441)
(0.0250624 0.00390635 4.93155)
(0.00168913 -0.0016888 4.92216)
(-0.0192973 -0.00481662 4.92299)
(-0.0285199 -1.79594e-06 4.92672)
(-0.019297 0.00481327 4.92299)
(0.0016898 0.00168615 4.92216)
(0.0250633 -0.00390803 4.93155)
(0.0413057 -0.00296006 4.94411)
(0.0208372 -0.000958239 4.94552)
(0.0148719 -0.00356022 4.93848)
(0.00600904 -0.00600721 4.93093)
(-0.00190651 -0.00508985 4.92743)
(-0.00522142 -1.29784e-06 4.92709)
(-0.00190624 0.00508744 4.92743)
(0.00600953 0.00600532 4.93093)
(0.0148725 0.0035591 4.93848)
(0.020838 0.000957892 4.94553)
(0.0164258 -0.00408427 4.95029)
(0.0149539 -0.010689 4.9425)
(0.0127459 -0.0127425 4.9316)
(0.0107606 -0.00865558 4.92311)
(0.00993455 -7.70521e-07 4.9201)
(0.0107608 0.00865416 4.92312)
(0.0127462 0.0127414 4.93161)
(0.0149543 0.0106884 4.94251)
(0.0164263 0.00408405 4.95029)
(0.0213144 -0.00874201 4.96125)
(0.0229208 -0.0222438 4.94782)
(0.0254004 -0.0253955 4.92746)
(0.0275217 -0.0165898 4.9102)
(0.0283334 -2.23292e-07 4.90359)
(0.0275218 0.0165894 4.9102)
(0.0254006 0.0253952 4.92746)
(0.022921 0.0222438 4.94782)
(0.0213147 0.00874204 4.96125)
(0.0346213 -0.0175164 4.98391)
(0.0407969 -0.0444821 4.95781)
(0.0503703 -0.0503638 4.91711)
(0.0585576 -0.0325248 4.88277)
(0.0617083 3.73569e-07 4.86969)
(0.0585576 0.0325256 4.88277)
(0.0503704 0.0503644 4.91711)
(0.040797 0.0444826 4.95781)
(0.0346213 0.0175165 4.98391)
(0.0579954 -0.0348408 5.02976)
(0.0744464 -0.089043 4.97819)
(0.100447 -0.100439 4.89405)
(0.122235 -0.0640143 4.82601)
(0.130483 1.02306e-06 4.80093)
(0.122235 0.0640162 4.82601)
(0.100447 0.10044 4.89405)
(0.0744463 0.089044 4.9782)
(0.0579953 0.0348411 5.02976)
(0.0922295 -0.0690798 5.12207)
(0.133776 -0.180188 5.02216)
(0.202555 -0.202545 4.83878)
(0.257771 -0.125648 4.70513)
(0.278033 1.78194e-06 4.6591)
(0.257771 0.125651 4.70513)
(0.202555 0.202548 4.83878)
(0.133775 0.18019 5.02216)
(0.0922291 0.0690802 5.12207)
(0.128854 -0.134751 5.30568)
(0.230424 -0.372327 5.12827)
(0.41748 -0.417469 4.68408)
(0.555001 -0.243699 4.42998)
(0.602853 2.58327e-06 4.35337)
(0.555 0.243704 4.42998)
(0.417479 0.417472 4.68409)
(0.230423 0.372329 5.12827)
(0.128853 0.134752 5.30568)
(0.127192 -0.246491 5.6542)
(0.358168 -0.801787 5.44667)
(0.900849 -0.900837 4.14922)
(1.23363 -0.45636 3.72651)
(1.34004 3.3067e-06 3.62705)
(1.23363 0.456367 3.72651)
(0.900848 0.900841 4.14922)
(0.358166 0.801789 5.44667)
(0.12719 0.246491 5.6542)
(-0.0366577 -0.342279 6.2047)
(0.376179 -1.87731 6.73388)
(2.13764 -2.13763 1.86486)
(2.87869 -0.765863 1.6078)
(3.09133 3.51734e-06 1.55535)
(2.87869 0.76587 1.6078)
(2.13764 2.13763 1.86486)
(0.376176 1.87731 6.73388)
(-0.0366601 0.342279 6.2047)
(-0.611152 0.282694 6.29498)
(-0.676041 0.282694 8.08623)
(-0.676044 -0.282695 8.08623)
(-0.611155 -0.282695 6.29498)
(-1.40317 1.44898 4.78539)
(-2.43404 5.23405 6.51803)
(-5.75664 5.75665 3.62697)
(-7.27722 2.57682 3.62861)
(-7.7096 -6.19079e-07 3.58231)
(-7.27722 -2.57682 3.62861)
(-5.75664 -5.75665 3.62697)
(-2.43404 -5.23404 6.51802)
(-1.40317 -1.44897 4.78539)
(-1.85226 2.01533 1.75473)
(-3.21018 7.10628 2.32109)
(-7.06417 7.06417 13.4894)
(-8.19693 2.53215 12.1472)
(-8.4653 -2.04557e-06 11.806)
(-8.19693 -2.53216 12.1472)
(-7.06416 -7.06417 13.4894)
(-3.21018 -7.10628 2.32109)
(-1.85226 -2.01533 1.75473)
(-0.629428 0.62943 18.466)
(-0.706471 0.893457 16.6962)
(-0.73601 -2.81266e-06 16.2395)
(-0.706471 -0.893461 16.6962)
(-0.629429 -0.629431 18.466)
(-0.203424 0.203424 16.8003)
(-0.21922 0.305664 16.2371)
(-0.226428 -2.55218e-06 16.0096)
(-0.21922 -0.305668 16.2371)
(-0.203424 -0.203426 16.8003)
(-0.0662313 0.0662309 16.261)
(-0.0695425 0.102773 16.0792)
(-0.0712256 -1.6227e-06 15.9895)
(-0.0695426 -0.102776 16.0792)
(-0.0662316 -0.0662322 16.261)
(-0.0216458 0.0216454 16.0852)
(-0.022351 0.0342052 16.0261)
(-0.0227348 -9.52426e-07 15.9938)
(-0.0223511 -0.0342072 16.0261)
(-0.0216461 -0.0216465 16.0852)
(-0.00708689 0.00708673 16.0277)
(-0.00723861 0.0113147 16.0084)
(-0.00732493 -2.33265e-07 15.9973)
(-0.00723863 -0.0113153 16.0084)
(-0.00708697 -0.00708716 16.0277)
(-0.00232164 0.00232161 16.0089)
(-0.00235452 0.00372843 16.0026)
(-0.00237378 2.14242e-08 15.9988)
(-0.00235458 -0.0037286 16.0026)
(-0.00232169 -0.0023218 16.0089)
(-0.00076066 0.000760776 16.0028)
(-0.000767723 0.00122591 16.0007)
(-0.00077198 3.45584e-07 15.9994)
(-0.000767675 -0.00122537 16.0007)
(-0.000760532 -0.000760583 16.0028)
(-0.000248963 0.000249107 16.0007)
(-0.000250484 0.000402301 16.0001)
(-0.000251414 3.02661e-07 15.9997)
(-0.000250495 -0.000401808 16.0001)
(-0.000248893 -0.000248917 16.0007)
(-8.14521e-05 8.16103e-05 16.0001)
(-8.16948e-05 0.000132022 15.9999)
(-8.18868e-05 3.94725e-07 15.9997)
(-8.1632e-05 -0.000131305 15.9999)
(-8.12771e-05 -8.12875e-05 16.0001)
(-2.63766e-05 2.64197e-05 15.9999)
(-2.64283e-05 4.2857e-05 15.9998)
(-2.64747e-05 1.45268e-07 15.9998)
(-2.64534e-05 -4.26234e-05 15.9998)
(-2.63271e-05 -2.63313e-05 15.9999)
(-8.35868e-06 8.38846e-06 15.9998)
(-8.26268e-06 1.35919e-05 15.9998)
(-8.23798e-06 8.27108e-08 15.9998)
(-8.19939e-06 -1.33011e-05 15.9998)
(-8.17889e-06 -8.18037e-06 15.9998)
(-1.80966e-06 1.93071e-06 15.9998)
(-1.76922e-06 3.12487e-06 15.9998)
(-1.74756e-06 5.07829e-08 15.9998)
(-1.74108e-06 -2.79379e-06 15.9998)
(-1.65007e-06 -1.65042e-06 15.9998)
(-3.19623 4.1162 1.20243)
(-2.75876 2.75875 0.947283)
(-2.16211 2.01857 0.74433)
(-1.0298 1.17275 0.592253)
(-0.744655 -4.73923e-06 0.54092)
(-1.0298 -1.17276 0.592253)
(-2.16211 -2.01858 0.74433)
(-2.75875 -2.75875 0.947283)
(-3.19623 -4.1162 1.20243)
(-2.65535 3.86105 3.83791)
(-2.30066 2.30065 2.73746)
(-1.81759 1.66354 2.12679)
(-0.858595 0.969343 1.66946)
(-0.626467 -4.81171e-06 1.52395)
(-0.858594 -0.969352 1.66946)
(-1.81759 -1.66355 2.12679)
(-2.30066 -2.30065 2.73746)
(-2.65535 -3.86105 3.83791)
(-1.21303 0.515746 4.69123)
(-1.04763 1.04762 3.54808)
(-0.81413 0.95057 2.88222)
(-0.518885 0.569918 2.38029)
(-0.419821 -4.88745e-06 2.21805)
(-0.518884 -0.569927 2.38029)
(-0.814128 -0.950578 2.88222)
(-1.04763 -1.04763 3.54808)
(-1.21303 -0.515748 4.69123)
(-0.559961 0.217902 3.82092)
(-0.491648 0.491639 3.40413)
(-0.3926 0.495746 3.00931)
(-0.290915 0.305174 2.70475)
(-0.25269 -4.96241e-06 2.59717)
(-0.290914 -0.305183 2.70475)
(-0.392599 -0.495754 3.00931)
(-0.491646 -0.491644 3.40413)
(-0.559959 -0.217904 3.82092)
(-0.26315 0.0989554 3.38719)
(-0.236025 0.236016 3.21623)
(-0.195979 0.251197 3.01074)
(-0.15856 0.157775 2.84669)
(-0.143983 -5.01834e-06 2.78596)
(-0.158559 -0.157785 2.84669)
(-0.195978 -0.251205 3.01074)
(-0.236023 -0.236021 3.21623)
(-0.263148 -0.0989572 3.38719)
(-0.125819 0.0469422 3.17351)
(-0.115203 0.115194 3.09738)
(-0.0993377 0.12621 2.99434)
(-0.0851027 0.0803906 2.90948)
(-0.0795056 -5.04911e-06 2.87725)
(-0.0851019 -0.0804001 2.90948)
(-0.0993362 -0.126218 2.99434)
(-0.115201 -0.115199 3.09738)
(-0.125817 -0.046944 3.17351)
(-0.0609662 0.0228337 3.06809)
(-0.0568621 0.0568535 3.03238)
(-0.0506799 0.063291 2.98106)
(-0.0452229 0.0406846 2.9378)
(-0.0430736 -5.05259e-06 2.92112)
(-0.0452221 -0.0406942 2.9378)
(-0.0506785 -0.0632989 2.98106)
(-0.0568603 -0.0568587 3.03238)
(-0.0609645 -0.0228354 3.06809)
(-0.0296734 0.0112331 3.01594)
(-0.0281813 0.0281729 2.99858)
(-0.0259233 0.031629 2.97283)
(-0.023943 0.0204409 2.95074)
(-0.0231633 -5.02657e-06 2.94213)
(-0.0239422 -0.0204504 2.95074)
(-0.0259218 -0.0316369 2.97283)
(-0.0281794 -0.0281781 2.99858)
(-0.0296717 -0.0112349 3.01594)
(-0.0140506 0.0054688 2.99034)
(-0.0137493 0.0137412 2.98154)
(-0.0132964 0.0154518 2.96819)
(-0.0129057 0.00998901 2.95653)
(-0.0127541 -4.97471e-06 2.95193)
(-0.0129049 -0.00999839 2.95653)
(-0.013295 -0.0154595 2.96819)
(-0.0137474 -0.0137463 2.98154)
(-0.0140489 -0.0054705 2.99034)
(-0.00543489 0.00242981 2.97853)
(-0.00602981 0.00602209 2.97359)
(-0.00694953 0.00661488 2.96577)
(-0.00777997 0.00417466 2.95859)
(-0.00811948 -4.89225e-06 2.95565)
(-0.0077792 -0.00418388 2.95859)
(-0.00694812 -0.00662252 2.96577)
(-0.00602803 -0.00602715 2.97359)
(-0.00543321 -0.00243155 2.97854)
(0.00104063 0.000527559 2.97506)
(-0.000984559 0.00097728 2.97141)
(-0.00411065 0.000447007 2.96484)
(-0.00695394 -0.000136293 2.95791)
(-0.00813671 -4.78586e-06 2.95473)
(-0.00695318 0.000127277 2.95791)
(-0.00410924 -0.000454437 2.96485)
(-0.000982751 -0.000982105 2.97141)
(0.00104236 -0.000529183 2.97506)
(0.00944587 -0.00121507 2.9792)
(0.00418229 -0.00418915 2.97507)
(-0.00395782 -0.00688488 2.96571)
(-0.011545 -0.00594072 2.95368)
(-0.0148615 -4.64735e-06 2.9472)
(-0.0115443 0.00593197 2.95368)
(-0.00395649 0.00687765 2.96571)
(0.00418397 0.00418437 2.97507)
(0.00944749 0.00121342 2.9792)
(0.025561 -0.00360148 2.99534)
(0.0125043 -0.0125106 2.9892)
(-0.00772758 -0.020942 2.97105)
(-0.0274644 -0.0186483 2.94315)
(-0.0370086 -4.48581e-06 2.92525)
(-0.0274636 0.0186399 2.94315)
(-0.00772627 0.0209351 2.97105)
(0.012506 0.0125062 2.9892)
(0.0255627 0.00359997 2.99534)
(0.0599543 -0.00736283 3.03641)
(0.0284799 -0.0284857 3.02732)
(-0.0203228 -0.0529285 2.99046)
(-0.0718934 -0.0517377 2.92275)
(-0.102044 -4.2896e-06 2.86844)
(-0.0718927 0.0517297 2.92275)
(-0.0203215 0.0529218 2.99046)
(0.0284814 0.0284813 3.02732)
(0.0599558 0.00736132 3.03642)
(0.130994 -0.0126949 3.13162)
(0.058464 -0.0584692 3.12099)
(-0.0536837 -0.125516 3.05331)
(-0.189218 -0.140664 2.90119)
(-0.29872 -4.07001e-06 2.7355)
(-0.189218 0.140656 2.90119)
(-0.0536825 0.125509 3.05331)
(0.0584655 0.0584652 3.12099)
(0.130996 0.0126935 3.13162)
(0.259787 -0.0179931 3.33572)
(0.106794 -0.106798 3.32877)
(-0.127579 -0.272729 3.23481)
(-0.477757 -0.369545 2.96863)
(-0.943642 -3.8126e-06 2.52941)
(-0.477757 0.369537 2.96863)
(-0.127578 0.272723 3.23481)
(0.106795 0.106794 3.32877)
(0.259788 0.0179918 3.33573)
(0.424549 -0.0196519 3.71225)
(0.159377 -0.159381 3.71054)
(-0.239881 -0.485654 3.65954)
(-1.04285 -0.846069 3.49747)
(-3.31942 -3.53117e-06 3.18292)
(-1.04284 0.846062 3.49747)
(-0.23988 0.485649 3.65954)
(0.159378 0.159377 3.71054)
(0.42455 0.0196507 3.71225)
(0.424672 -0.0197009 4.1894)
(0.159501 -0.159505 4.19089)
(-0.239754 -0.485795 4.24156)
(-1.04272 -0.846161 4.40333)
(-3.31929 -3.20952e-06 4.71777)
(-1.04272 0.846155 4.40333)
(-0.239753 0.48579 4.24156)
(0.159502 0.159501 4.1909)
(0.424673 0.0196997 4.18941)
(0.26021 -0.0181623 4.56626)
(0.107224 -0.107226 4.5729)
(-0.127138 -0.273216 4.66637)
(-0.477307 -0.369862 4.93212)
(-0.943188 -2.86447e-06 5.37118)
(-0.477306 0.369856 4.93212)
(-0.127137 0.273211 4.66637)
(0.107225 0.107224 4.5729)
(0.260211 0.0181614 4.56626)
(0.131909 -0.0130623 4.77118)
(0.0593971 -0.0593988 4.78125)
(-0.0527218 -0.126572 4.84807)
(-0.188231 -0.141352 4.99943)
(-0.297723 -2.4795e-06 5.16482)
(-0.188231 0.141348 4.99943)
(-0.0527211 0.126568 4.84807)
(0.059398 0.0593963 4.78125)
(0.13191 0.0130614 4.77119)
(0.0617669 -0.00809623 4.86807)
(0.0303409 -0.0303417 4.8761)
(-0.0183879 -0.0550374 4.91133)
(-0.0698937 -0.0531127 4.97761)
(-0.100019 -2.07468e-06 5.03135)
(-0.0698934 0.0531088 4.97761)
(-0.0183872 0.0550343 4.91133)
(0.0303418 0.0303398 4.8761)
(0.0617679 0.0080956 4.86807)
(0.029071 -0.00503464 4.91243)
(0.0161374 -0.0161374 4.91653)
(-0.00390628 -0.0250621 4.93155)
(-0.0234782 -0.0213343 4.9567)
(-0.0329577 -1.63327e-06 4.97352)
(-0.0234779 0.0213312 4.9567)
(-0.00390579 0.0250596 4.93155)
(0.016138 0.0161358 4.91653)
(0.0290717 0.0050341 4.91243)
(0.0161716 -0.00399398 4.93494)
(0.0112216 -0.0112206 4.93513)
(0.00356126 -0.01487 4.93848)
(-0.00360654 -0.0111443 4.94525)
(-0.00675844 -1.17656e-06 4.94965)
(-0.00360633 0.0111421 4.94525)
(0.00356167 0.0148683 4.93848)
(0.0112222 0.0112196 4.93514)
(0.0161723 0.00399367 4.93494)
(0.0138199 -0.00483605 4.95132)
(0.0125935 -0.0125914 4.94744)
(0.0106911 -0.0149505 4.9425)
(0.0089135 -0.0101608 4.93939)
(0.00814773 -6.83142e-07 4.93863)
(0.00891365 0.0101596 4.9394)
(0.0106913 0.0149496 4.94251)
(0.0125938 0.0125909 4.94744)
(0.0138203 0.00483584 4.95132)
(0.0185968 -0.00787155 4.97122)
(0.0200371 -0.0200341 4.96186)
(0.0222469 -0.0229158 4.94782)
(0.024123 -0.0150149 4.93602)
(0.0248359 -1.6955e-07 4.93156)
(0.0241232 0.0150146 4.93603)
(0.0222471 0.0229157 4.94782)
(0.0200374 0.0200341 4.96187)
(0.0185972 0.00787159 4.97122)
(0.0305098 -0.0141868 5.00371)
(0.035992 -0.035988 4.98568)
(0.0444861 -0.0407904 4.95781)
(0.051741 -0.0264217 4.93416)
(0.0545302 4.02045e-07 4.92511)
(0.051741 0.0264224 4.93416)
(0.0444862 0.0407911 4.95781)
(0.0359921 0.0359884 4.98568)
(0.0305099 0.014187 5.00371)
(0.0513025 -0.0258974 5.06111)
(0.0659331 -0.0659281 5.02918)
(0.0890479 -0.0744384 4.97819)
(0.108384 -0.0477193 4.9362)
(0.115695 1.01694e-06 4.92054)
(0.108384 0.0477212 4.93621)
(0.0890479 0.07444 4.9782)
(0.0659332 0.0659292 5.02918)
(0.0513026 0.0258978 5.06111)
(0.0818622 -0.0461156 5.1618)
(0.11891 -0.118904 5.1108)
(0.180194 -0.133766 5.02216)
(0.229235 -0.0840755 4.95483)
(0.247195 1.71576e-06 4.9312)
(0.229235 0.0840787 4.95483)
(0.180194 0.133769 5.02216)
(0.11891 0.118906 5.1108)
(0.081862 0.046116 5.1618)
(0.114834 -0.0768953 5.32942)
(0.205576 -0.20557 5.26771)
(0.372334 -0.230413 5.12827)
(0.494202 -0.138675 5.04332)
(0.536458 2.38379e-06 5.01806)
(0.494201 0.138679 5.04333)
(0.372333 0.230416 5.12827)
(0.205576 0.205572 5.26772)
(0.114834 0.0768958 5.32942)
(0.113867 -0.10782 5.57422)
(0.320058 -0.320051 5.58011)
(0.801795 -0.358155 5.44667)
(1.09372 -0.194287 5.43435)
(1.18644 2.8817e-06 5.44453)
(1.09371 0.194292 5.43436)
(0.801793 0.35816 5.44667)
(0.320057 0.320053 5.58011)
(0.113865 0.107821 5.57422)
(-0.0330534 -0.0710039 5.80105)
(0.333121 -0.333113 6.17116)
(1.87732 -0.376165 6.73389)
(2.50742 -0.14082 7.20537)
(2.68565 2.7327e-06 7.37709)
(2.50742 0.140825 7.20537)
(1.87731 0.376169 6.73388)
(0.333119 0.333115 6.17116)
(-0.0330549 0.0710041 5.80104)
(-0.551704 0.262291 5.51603)
(-0.61278 0.612789 6.37698)
(-0.282694 0.676055 8.08623)
(-0.327179 0.44892 9.1872)
(-0.343406 1.69053e-06 9.54821)
(-0.327179 -0.448917 9.18719)
(-0.282694 -0.676052 8.08623)
(-0.612782 -0.612787 6.37697)
(-0.551705 -0.26229 5.51603)
(-1.27992 0.789939 4.05905)
(-2.23708 2.23709 4.88617)
(-5.23404 2.43405 6.51803)
(-6.59056 1.32116 7.4203)
(-6.97237 -4.94225e-08 7.69778)
(-6.59055 -1.32116 7.4203)
(-5.23404 -2.43405 6.51802)
(-2.23708 -2.23708 4.88617)
(-1.27992 -0.789938 4.05905)
(-1.71584 1.08941 1.48642)
(-3.07175 3.07176 1.78588)
(-7.10628 3.21019 2.32109)
(-8.28366 1.62867 2.56202)
(-8.55858 -1.26748e-06 2.6286)
(-8.28366 -1.62867 2.56201)
(-7.10628 -3.21018 2.32109)
(-3.07175 -3.07176 1.78588)
(-1.71583 -1.08941 1.48642)
(-4.25743 4.25743 1.48514)
(-4.1162 3.19623 1.20243)
(-3.81995 3.11338 0.944251)
(-0.521385 2.14666 0.681131)
(-0.346052 -4.48887e-06 0.598084)
(-0.521385 -2.14666 0.681131)
(-3.81995 -3.11339 0.944251)
(-4.1162 -3.19623 1.20243)
(-4.25743 -4.25743 1.48513)
(-3.97473 3.97472 5.02082)
(-3.86105 2.65534 3.83791)
(-3.62003 2.59208 3.03761)
(-0.432507 1.80049 1.9522)
(-0.288888 -4.54981e-06 1.68532)
(-0.432507 -1.8005 1.9522)
(-3.62003 -2.59209 3.03761)
(-3.86105 -2.65535 3.83791)
(-3.97473 -3.97473 5.02081)
(-0.574526 0.574523 5.92231)
(-0.515749 1.21302 4.69123)
(-0.409128 1.22767 3.82692)
(-0.238648 0.794367 2.68746)
(-0.184679 -4.61216e-06 2.40019)
(-0.238648 -0.794375 2.68746)
(-0.409127 -1.22768 3.82692)
(-0.515749 -1.21303 4.69123)
(-0.574525 -0.574525 5.92231)
(-0.243645 0.243642 4.28597)
(-0.217905 0.559952 3.82092)
(-0.175332 0.588316 3.33608)
(-0.125335 0.37376 2.8777)
(-0.106746 -4.68307e-06 2.72266)
(-0.125335 -0.373768 2.8777)
(-0.175331 -0.588323 3.33608)
(-0.217904 -0.559957 3.82092)
(-0.243645 -0.243644 4.28597)
(-0.109478 0.109475 3.57972)
(-0.0989584 0.263141 3.38719)
(-0.0823539 0.284449 3.14558)
(-0.0657062 0.180947 2.93752)
(-0.0591825 -4.72574e-06 2.86057)
(-0.0657059 -0.180956 2.93752)
(-0.0823534 -0.284457 3.14558)
(-0.0989578 -0.263146 3.38719)
(-0.109478 -0.109477 3.57972)
(-0.0511169 0.0511139 3.25853)
(-0.0469452 0.12581 3.17351)
(-0.0405002 0.138646 3.05634)
(-0.0345099 0.0887553 2.95706)
(-0.0321355 -4.75914e-06 2.9192)
(-0.0345096 -0.0887644 2.95706)
(-0.0404997 -0.138653 3.05634)
(-0.0469445 -0.125816 3.17351)
(-0.0511165 -0.0511159 3.25853)
(-0.0244579 0.024455 3.10738)
(-0.0228366 0.0609577 3.06809)
(-0.0203537 0.0680042 3.01123)
(-0.0181234 0.0437986 2.96277)
(-0.0172397 -4.75279e-06 2.94403)
(-0.0181231 -0.0438076 2.96277)
(-0.0203532 -0.0680118 3.01123)
(-0.0228359 -0.060963 3.06809)
(-0.0244574 -0.0244569 3.10738)
(-0.0118266 0.0118237 3.03481)
(-0.011236 0.029665 3.01594)
(-0.0103344 0.0333284 2.98789)
(-0.0095366 0.021554 2.96373)
(-0.00922127 -4.73576e-06 2.9543)
(-0.00953631 -0.021563 2.96373)
(-0.0103339 -0.033336 2.98789)
(-0.0112353 -0.0296704 3.01594)
(-0.0118261 -0.0118257 3.03481)
(-0.00559158 0.00558884 2.99997)
(-0.00547153 0.0140426 2.99034)
(-0.00529018 0.0157904 2.97573)
(-0.00513294 0.0102073 2.96294)
(-0.00507192 -4.67667e-06 2.95789)
(-0.00513264 -0.0102161 2.96294)
(-0.00528963 -0.0157978 2.97573)
(-0.00547087 -0.0140477 2.99034)
(-0.0055911 -0.00559073 2.99997)
(-0.00219988 0.00219724 2.98439)
(-0.00243245 0.00542721 2.97854)
(-0.00279476 0.00592216 2.9693)
(-0.00312516 0.00370787 2.96082)
(-0.00326155 -4.60841e-06 2.95733)
(-0.00312488 -0.00371658 2.96082)
(-0.00279425 -0.00592948 2.9693)
(-0.00243184 -0.00543233 2.97854)
(-0.00219943 -0.00219915 2.98439)
(0.000260143 -0.000262628 2.98051)
(-0.000530044 -0.00104786 2.97506)
(-0.001765 -0.00192886 2.96563)
(-0.00290591 -0.00175975 2.95593)
(-0.00338845 -4.49706e-06 2.95148)
(-0.00290562 0.00175126 2.95593)
(-0.00176447 0.00192179 2.96563)
(-0.000529391 0.00104301 2.97506)
(0.000260646 0.000260854 2.98051)
(0.00325096 -0.00325333 2.98753)
(0.00121271 -0.00945269 2.9792)
(-0.00201258 -0.0132055 2.96301)
(-0.00510793 -0.0104367 2.94381)
(-0.00650858 -4.37729e-06 2.9335)
(-0.00510766 0.0104285 2.94381)
(-0.0020121 0.0131986 2.96301)
(0.0012133 0.00944789 2.9792)
(0.00325142 0.00325155 2.98753)
(0.00858747 -0.00858965 3.01121)
(0.0035993 -0.0255673 2.99534)
(-0.00446921 -0.0373238 2.9607)
(-0.0127826 -0.0312729 2.91292)
(-0.0170937 -4.21312e-06 2.88118)
(-0.0127823 0.0312649 2.91292)
(-0.0044687 0.0373173 2.9607)
(0.00359993 0.0255628 2.99534)
(0.00858798 0.00858803 3.01121)
(0.0191143 -0.0191163 3.06661)
(0.00736081 -0.0599601 3.03641)
(-0.0123601 -0.0956313 2.96118)
(-0.035342 -0.089951 2.83575)
(-0.0505734 -4.03975e-06 2.72134)
(-0.0353417 0.0899433 2.83575)
(-0.0123597 0.0956249 2.96118)
(0.00736136 0.0599557 3.03642)
(0.0191147 0.0191147 3.06661)
(0.0387833 -0.0387851 3.18241)
(0.0126931 -0.131 3.13162)
(-0.0337471 -0.237992 2.98257)
(-0.0997836 -0.271109 2.66055)
(-0.164192 -3.82013e-06 2.18559)
(-0.0997834 0.271101 2.66055)
(-0.0337467 0.237986 2.98258)
(0.0126937 0.130996 3.13162)
(0.0387838 0.0387836 3.18241)
(0.0698984 -0.0699001 3.39977)
(0.0179915 -0.259792 3.33572)
(-0.0830949 -0.566706 3.10622)
(-0.275986 -0.886932 2.39763)
(-0.600482 -3.58944e-06 0.15003)
(-0.275986 0.886925 2.39763)
(-0.0830945 0.566701 3.10622)
(0.017992 0.259788 3.33573)
(0.0698989 0.0698987 3.39977)
(0.102829 -0.102831 3.74523)
(0.0196505 -0.424553 3.71225)
(-0.162343 -1.17609 3.58034)
(-0.670782 -3.2273 3.10273)
(-12.5436 -3.31107e-06 1.23989)
(-0.670782 3.22729 3.10273)
(-0.162343 1.17608 3.58034)
(0.019651 0.42455 3.71225)
(0.10283 0.102829 3.74523)
(0.102878 -0.102879 4.15664)
(0.0196997 -0.424675 4.1894)
(-0.162293 -1.17623 4.32098)
(-0.670731 -3.22739 4.79831)
(-12.5435 -3.01992e-06 6.66103)
(-0.670731 3.22738 4.79831)
(-0.162292 1.17622 4.32098)
(0.0197001 0.424672 4.18941)
(0.102878 0.102878 4.15664)
(0.0700655 -0.0700664 4.50253)
(0.0181614 -0.260213 4.56626)
(-0.0829207 -0.567185 4.79529)
(-0.275808 -0.887244 5.50346)
(-0.600303 -2.68156e-06 7.75089)
(-0.275808 0.887239 5.50346)
(-0.0829204 0.567181 4.79529)
(0.0181618 0.26021 4.56626)
(0.070066 0.0700655 4.50253)
(0.0391443 -0.039145 4.72095)
(0.0130616 -0.13191 4.77118)
(-0.0333672 -0.239027 4.91939)
(-0.0993938 -0.271783 5.24068)
(-0.163798 -2.33061e-06 5.71535)
(-0.0993937 0.271779 5.24068)
(-0.033367 0.239024 4.91939)
(0.013062 0.131908 4.77119)
(0.0391447 0.0391442 4.72095)
(0.0198302 -0.0198305 4.8389)
(0.0080959 -0.0617678 4.86807)
(-0.0115959 -0.0976854 4.94174)
(-0.0345521 -0.0912903 5.06579)
(-0.0497734 -1.93591e-06 5.17965)
(-0.0345519 0.0912867 5.06579)
(-0.0115956 0.0976825 4.94174)
(0.00809625 0.061766 4.86807)
(0.0198305 0.0198299 4.8389)
(0.00997409 -0.00997412 4.89851)
(0.00503461 -0.0290709 4.91243)
(-0.0029595 -0.0413044 4.9441)
(-0.0112077 -0.0338681 4.98928)
(-0.0154933 -1.53042e-06 5.01998)
(-0.0112076 0.0338652 4.98928)
(-0.00295932 0.0413021 4.94411)
(0.00503485 0.0290695 4.91243)
(0.00997438 0.00997362 4.89851)
(0.00590853 -0.00590821 4.93027)
(0.0039943 -0.0161706 4.93494)
(0.000958559 -0.0208354 4.94553)
(-0.00197107 -0.0154096 4.95982)
(-0.00330668 -1.08477e-06 4.96819)
(-0.00197098 0.0154075 4.95982)
(0.00095874 0.0208339 4.94553)
(0.00399454 0.0161697 4.93494)
(0.00590883 0.00590796 4.93028)
(0.00531136 -0.00531071 4.95271)
(0.0048367 -0.0138179 4.95132)
(0.00408491 -0.0164225 4.95029)
(0.00336476 -0.0111989 4.95084)
(0.00304685 -6.24628e-07 4.9517)
(0.00336482 0.0111977 4.95085)
(0.00408501 0.0164216 4.95029)
(0.00483683 0.0138174 4.95132)
(0.00531155 0.00531056 4.95271)
(0.00730268 -0.00730167 4.97794)
(0.00787255 -0.0185937 4.97122)
(0.00874301 -0.0213095 4.96125)
(0.00947886 -0.0140008 4.95302)
(0.00975707 -1.18392e-07 4.94997)
(0.00947891 0.0140006 4.95302)
(0.00874312 0.0213095 4.96125)
(0.00787271 0.0185939 4.97122)
(0.00730289 0.00730177 4.97794)
(0.0120355 -0.0120342 5.01661)
(0.0141882 -0.0305058 5.00371)
(0.0175177 -0.0346148 4.98391)
(0.0203638 -0.0224807 4.96703)
(0.0214586 4.24975e-07 4.96054)
(0.0203638 0.0224816 4.96703)
(0.0175177 0.0346155 4.98391)
(0.0141882 0.0305063 5.00371)
(0.0120356 0.0120343 5.01662)
(0.0202118 -0.0202102 5.08111)
(0.025899 -0.0512976 5.06111)
(0.0348424 -0.0579875 5.02976)
(0.0423499 -0.0373667 5.0035)
(0.0451949 1.02606e-06 4.99359)
(0.0423499 0.0373687 5.00351)
(0.0348424 0.0579891 5.02976)
(0.0258991 0.0512987 5.06111)
(0.0202119 0.0202106 5.08111)
(0.0320339 -0.032032 5.1856)
(0.0461175 -0.0818564 5.1618)
(0.0690816 -0.0922201 5.12207)
(0.0876635 -0.0586472 5.09094)
(0.09451 1.66668e-06 5.07986)
(0.0876634 0.0586503 5.09094)
(0.0690815 0.0922225 5.12207)
(0.0461174 0.0818579 5.1618)
(0.0320338 0.0320324 5.1856)
(0.0440111 -0.0440091 5.33769)
(0.0768973 -0.114828 5.32942)
(0.134753 -0.128843 5.30568)
(0.178467 -0.0795753 5.29446)
(0.193853 2.24656e-06 5.29262)
(0.178467 0.0795795 5.29446)
(0.134753 0.128847 5.30568)
(0.0768971 0.11483 5.32942)
(0.0440109 0.0440096 5.33769)
(0.0403012 -0.0402991 5.50631)
(0.107822 -0.11386 5.57422)
(0.246493 -0.12718 5.6542)
(0.338797 -0.0717139 5.73973)
(0.369066 2.59037e-06 5.77624)
(0.338797 0.0717189 5.73973)
(0.246492 0.127184 5.6542)
(0.107822 0.113862 5.57422)
(0.0403007 0.0402995 5.50631)
(-0.0238937 0.0238959 5.53913)
(0.0710061 0.033061 5.80105)
(0.34228 0.0366704 6.2047)
(0.483841 0.0424693 6.53939)
(0.52557 2.42138e-06 6.66462)
(0.483841 -0.0424647 6.53939)
(0.34228 -0.0366664 6.2047)
(0.0710055 -0.0330591 5.80104)
(-0.0238942 -0.0238957 5.53913)
(-0.221617 0.221619 5.04811)
(-0.262289 0.551712 5.51603)
(-0.282694 0.611165 6.29498)
(-0.327179 0.388207 6.88254)
(-0.343406 1.57688e-06 7.09099)
(-0.327179 -0.388204 6.88254)
(-0.282694 -0.611162 6.29498)
(-0.262289 -0.55171 5.51603)
(-0.221617 -0.221618 5.04811)
(-0.491814 0.491816 3.62126)
(-0.789937 1.27993 4.05906)
(-1.44897 1.40318 4.78539)
(-1.82081 0.83848 5.30016)
(-1.93165 3.46112e-07 5.47704)
(-1.82081 -0.838479 5.30015)
(-1.44897 -1.40318 4.78539)
(-0.789937 -1.27992 4.05905)
(-0.491813 -0.491815 3.62126)
(-0.659411 0.659414 1.31882)
(-1.0894 1.71584 1.48642)
(-2.01533 1.85227 1.75473)
(-2.44733 1.07985 1.9355)
(-2.56415 -7.58905e-07 1.99611)
(-2.44732 -1.07985 1.9355)
(-2.01533 -1.85226 1.75473)
(-1.0894 -1.71584 1.48642)
(-0.659409 -0.65941 1.31882)
)
;

boundaryField
{
    injectionXMinus
    {
        type            uniformFixedValue;
        uniformValue    constant (-20 0 0);
        value           uniform (-20 0 0);
    }
    injectionXPlus
    {
        type            uniformFixedValue;
        uniformValue    constant (20 0 0);
        value           uniform (20 0 0);
    }
    injectionYMinus
    {
        type            uniformFixedValue;
        uniformValue    constant (0 -20 0);
        value           uniform (0 -20 0);
    }
    injectionYPlus
    {
        type            uniformFixedValue;
        uniformValue    constant (0 20 0);
        value           uniform (0 20 0);
    }
    inletXMinus
    {
        type            uniformFixedValue;
        uniformValue    constant (-5 0 0);
        value           uniform (-5 0 0);
    }
    inletXPlus
    {
        type            uniformFixedValue;
        uniformValue    constant (5 0 0);
        value           uniform (5 0 0);
    }
    inletYMinus
    {
        type            uniformFixedValue;
        uniformValue    constant (0 -5 0);
        value           uniform (0 -5 0);
    }
    inletYPlus
    {
        type            uniformFixedValue;
        uniformValue    constant (0 5 0);
        value           uniform (0 5 0);
    }
    outlet
    {
        type            zeroGradient;
    }
    valve
    {
        type            noSlip;
    }
    walls
    {
        type            noSlip;
    }
}


// ************************************************************************* //
