/*--------------------------------*- C++ -*----------------------------------*\
  =========                 |
  \\      /  F ield         | OpenFOAM: The Open Source CFD Toolbox
   \\    /   O peration     | Website:  https://openfoam.org
    \\  /    A nd           | Version:  6
     \\/     M anipulation  |
\*---------------------------------------------------------------------------*/
FoamFile
{
    version     2.0;
    format      ascii;
    class       faceList;
    location    "constant/polyMesh";
    object      faces;
}
// * * * * * * * * * * * * * * * * * * * * * * * * * * * * * * * * * * * * * //


3392
(
4(1 10 163 154)
4(9 162 163 10)
4(153 154 163 162)
4(2 11 164 155)
4(10 163 164 11)
4(154 155 164 163)
4(3 12 165 156)
4(11 164 165 12)
4(155 156 165 164)
4(4 13 166 157)
4(12 165 166 13)
4(156 157 166 165)
4(5 14 167 158)
4(13 166 167 14)
4(157 158 167 166)
4(6 15 168 159)
4(14 167 168 15)
4(158 159 168 167)
4(7 16 169 160)
4(15 168 169 16)
4(159 160 169 168)
4(16 169 170 17)
4(160 161 170 169)
4(10 19 172 163)
4(18 171 172 19)
4(162 163 172 171)
4(11 20 173 164)
4(19 172 173 20)
4(163 164 173 172)
4(12 21 174 165)
4(20 173 174 21)
4(164 165 174 173)
4(13 22 175 166)
4(21 174 175 22)
4(165 166 175 174)
4(14 23 176 167)
4(22 175 176 23)
4(166 167 176 175)
4(15 24 177 168)
4(23 176 177 24)
4(167 168 177 176)
4(16 25 178 169)
4(24 177 178 25)
4(168 169 178 177)
4(25 178 179 26)
4(169 170 179 178)
4(19 28 181 172)
4(27 180 181 28)
4(171 172 181 180)
4(20 29 182 173)
4(28 181 182 29)
4(172 173 182 181)
4(21 30 183 174)
4(29 182 183 30)
4(173 174 183 182)
4(22 31 184 175)
4(30 183 184 31)
4(174 175 184 183)
4(23 32 185 176)
4(31 184 185 32)
4(175 176 185 184)
4(24 33 186 177)
4(32 185 186 33)
4(176 177 186 185)
4(25 34 187 178)
4(33 186 187 34)
4(177 178 187 186)
4(34 187 188 35)
4(178 179 188 187)
4(28 37 190 181)
4(36 189 190 37)
4(180 181 190 189)
4(29 38 191 182)
4(37 190 191 38)
4(181 182 191 190)
4(30 39 192 183)
4(38 191 192 39)
4(182 183 192 191)
4(31 40 193 184)
4(39 192 193 40)
4(183 184 193 192)
4(32 41 194 185)
4(40 193 194 41)
4(184 185 194 193)
4(33 42 195 186)
4(41 194 195 42)
4(185 186 195 194)
4(34 43 196 187)
4(42 195 196 43)
4(186 187 196 195)
4(43 196 197 44)
4(187 188 197 196)
4(37 46 199 190)
4(45 198 199 46)
4(189 190 199 198)
4(38 47 200 191)
4(46 199 200 47)
4(190 191 200 199)
4(39 48 201 192)
4(47 200 201 48)
4(191 192 201 200)
4(40 49 202 193)
4(48 201 202 49)
4(192 193 202 201)
4(41 50 203 194)
4(49 202 203 50)
4(193 194 203 202)
4(42 51 204 195)
4(50 203 204 51)
4(194 195 204 203)
4(43 52 205 196)
4(51 204 205 52)
4(195 196 205 204)
4(52 205 206 53)
4(196 197 206 205)
4(46 55 208 199)
4(54 207 208 55)
4(198 199 208 207)
4(47 56 209 200)
4(55 208 209 56)
4(199 200 209 208)
4(48 57 210 201)
4(56 209 210 57)
4(200 201 210 209)
4(49 58 211 202)
4(57 210 211 58)
4(201 202 211 210)
4(50 59 212 203)
4(58 211 212 59)
4(202 203 212 211)
4(51 60 213 204)
4(59 212 213 60)
4(203 204 213 212)
4(52 61 214 205)
4(60 213 214 61)
4(204 205 214 213)
4(61 214 215 62)
4(205 206 215 214)
4(55 64 217 208)
4(63 216 217 64)
4(207 208 217 216)
4(56 65 218 209)
4(64 217 218 65)
4(208 209 218 217)
4(57 66 219 210)
4(65 218 219 66)
4(209 210 219 218)
4(58 67 220 211)
4(66 219 220 67)
4(210 211 220 219)
4(59 68 221 212)
4(67 220 221 68)
4(211 212 221 220)
4(60 69 222 213)
4(68 221 222 69)
4(212 213 222 221)
4(61 70 223 214)
4(69 222 223 70)
4(213 214 223 222)
4(70 223 224 71)
4(214 215 224 223)
4(64 73 226 217)
4(72 225 226 73)
4(216 217 226 225)
4(65 74 227 218)
4(73 226 227 74)
4(217 218 227 226)
4(66 75 228 219)
4(74 227 228 75)
4(218 219 228 227)
4(67 76 229 220)
4(75 228 229 76)
4(219 220 229 228)
4(68 77 230 221)
4(76 229 230 77)
4(220 221 230 229)
4(69 78 231 222)
4(77 230 231 78)
4(221 222 231 230)
4(70 79 232 223)
4(78 231 232 79)
4(222 223 232 231)
4(79 232 233 80)
4(223 224 233 232)
4(73 82 235 226)
4(81 234 235 82)
4(225 226 235 234)
4(74 83 236 227)
4(82 235 236 83)
4(226 227 236 235)
4(75 84 237 228)
4(83 236 237 84)
4(227 228 237 236)
4(76 85 238 229)
4(84 237 238 85)
4(228 229 238 237)
4(77 86 239 230)
4(85 238 239 86)
4(229 230 239 238)
4(78 87 240 231)
4(86 239 240 87)
4(230 231 240 239)
4(79 88 241 232)
4(87 240 241 88)
4(231 232 241 240)
4(88 241 242 89)
4(232 233 242 241)
4(82 91 244 235)
4(90 243 244 91)
4(234 235 244 243)
4(83 92 245 236)
4(91 244 245 92)
4(235 236 245 244)
4(84 93 246 237)
4(92 245 246 93)
4(236 237 246 245)
4(85 94 247 238)
4(93 246 247 94)
4(237 238 247 246)
4(86 95 248 239)
4(94 247 248 95)
4(238 239 248 247)
4(87 96 249 240)
4(95 248 249 96)
4(239 240 249 248)
4(88 97 250 241)
4(96 249 250 97)
4(240 241 250 249)
4(97 250 251 98)
4(241 242 251 250)
4(91 100 253 244)
4(99 252 253 100)
4(243 244 253 252)
4(92 101 254 245)
4(100 253 254 101)
4(244 245 254 253)
4(93 102 255 246)
4(101 254 255 102)
4(245 246 255 254)
4(94 103 256 247)
4(102 255 256 103)
4(246 247 256 255)
4(95 104 257 248)
4(103 256 257 104)
4(247 248 257 256)
4(96 105 258 249)
4(104 257 258 105)
4(248 249 258 257)
4(97 106 259 250)
4(105 258 259 106)
4(249 250 259 258)
4(106 259 260 107)
4(250 251 260 259)
4(100 109 262 253)
4(108 261 262 109)
4(252 253 262 261)
4(101 110 263 254)
4(109 262 263 110)
4(253 254 263 262)
4(102 111 264 255)
4(110 263 264 111)
4(254 255 264 263)
4(103 112 265 256)
4(111 264 265 112)
4(255 256 265 264)
4(104 113 266 257)
4(112 265 266 113)
4(256 257 266 265)
4(105 114 267 258)
4(113 266 267 114)
4(257 258 267 266)
4(106 115 268 259)
4(114 267 268 115)
4(258 259 268 267)
4(115 268 269 116)
4(259 260 269 268)
4(109 118 271 262)
4(117 270 271 118)
4(261 262 271 270)
4(110 119 272 263)
4(118 271 272 119)
4(262 263 272 271)
4(111 120 273 264)
4(119 272 273 120)
4(263 264 273 272)
4(112 121 274 265)
4(120 273 274 121)
4(264 265 274 273)
4(113 122 275 266)
4(121 274 275 122)
4(265 266 275 274)
4(114 123 276 267)
4(122 275 276 123)
4(266 267 276 275)
4(115 124 277 268)
4(123 276 277 124)
4(267 268 277 276)
4(124 277 278 125)
4(268 269 278 277)
4(118 127 280 271)
4(126 279 280 127)
4(270 271 280 279)
4(119 128 281 272)
4(127 280 281 128)
4(271 272 281 280)
4(120 129 282 273)
4(128 281 282 129)
4(272 273 282 281)
4(121 130 283 274)
4(129 282 283 130)
4(273 274 283 282)
4(122 131 284 275)
4(130 283 284 131)
4(274 275 284 283)
4(123 132 285 276)
4(131 284 285 132)
4(275 276 285 284)
4(124 133 286 277)
4(132 285 286 133)
4(276 277 286 285)
4(133 286 287 134)
4(277 278 287 286)
4(127 136 289 280)
4(135 288 289 136)
4(279 280 289 288)
4(128 137 290 281)
4(136 289 290 137)
4(280 281 290 289)
4(129 138 291 282)
4(137 290 291 138)
4(281 282 291 290)
4(130 139 292 283)
4(138 291 292 139)
4(282 283 292 291)
4(131 140 293 284)
4(139 292 293 140)
4(283 284 293 292)
4(132 141 294 285)
4(140 293 294 141)
4(284 285 294 293)
4(133 142 295 286)
4(141 294 295 142)
4(285 286 295 294)
4(142 295 296 143)
4(286 287 296 295)
4(136 145 298 289)
4(288 289 298 297)
4(137 146 299 290)
4(289 290 299 298)
4(138 147 300 291)
4(290 291 300 299)
4(139 148 301 292)
4(291 292 301 300)
4(140 149 302 293)
4(292 293 302 301)
4(141 150 303 294)
4(293 294 303 302)
4(142 151 304 295)
4(294 295 304 303)
4(295 296 305 304)
4(154 163 316 307)
4(162 315 316 163)
4(306 307 316 315)
4(155 164 317 308)
4(163 316 317 164)
4(307 308 317 316)
4(156 165 318 309)
4(164 317 318 165)
4(308 309 318 317)
4(157 166 319 310)
4(165 318 319 166)
4(309 310 319 318)
4(158 167 320 311)
4(166 319 320 167)
4(310 311 320 319)
4(159 168 321 312)
4(167 320 321 168)
4(311 312 321 320)
4(160 169 322 313)
4(168 321 322 169)
4(312 313 322 321)
4(169 322 323 170)
4(313 314 323 322)
4(163 172 325 316)
4(171 324 325 172)
4(315 316 325 324)
4(164 173 326 317)
4(172 325 326 173)
4(316 317 326 325)
4(165 174 327 318)
4(173 326 327 174)
4(317 318 327 326)
4(166 175 328 319)
4(174 327 328 175)
4(318 319 328 327)
4(167 176 329 320)
4(175 328 329 176)
4(319 320 329 328)
4(168 177 330 321)
4(176 329 330 177)
4(320 321 330 329)
4(169 178 331 322)
4(177 330 331 178)
4(321 322 331 330)
4(178 331 332 179)
4(322 323 332 331)
4(172 181 334 325)
4(180 333 334 181)
4(324 325 334 333)
4(173 182 335 326)
4(181 334 335 182)
4(325 326 335 334)
4(174 183 336 327)
4(182 335 336 183)
4(326 327 336 335)
4(175 184 337 328)
4(183 336 337 184)
4(327 328 337 336)
4(176 185 338 329)
4(184 337 338 185)
4(328 329 338 337)
4(177 186 339 330)
4(185 338 339 186)
4(329 330 339 338)
4(178 187 340 331)
4(186 339 340 187)
4(330 331 340 339)
4(187 340 341 188)
4(331 332 341 340)
4(181 190 343 334)
4(189 342 343 190)
4(333 334 343 342)
4(182 191 344 335)
4(190 343 344 191)
4(334 335 344 343)
4(183 192 345 336)
4(191 344 345 192)
4(335 336 345 344)
4(184 193 346 337)
4(192 345 346 193)
4(336 337 346 345)
4(185 194 347 338)
4(193 346 347 194)
4(337 338 347 346)
4(186 195 348 339)
4(194 347 348 195)
4(338 339 348 347)
4(187 196 349 340)
4(195 348 349 196)
4(339 340 349 348)
4(196 349 350 197)
4(340 341 350 349)
4(190 199 352 343)
4(198 351 352 199)
4(342 343 352 351)
4(191 200 353 344)
4(199 352 353 200)
4(343 344 353 352)
4(192 201 354 345)
4(200 353 354 201)
4(344 345 354 353)
4(193 202 355 346)
4(201 354 355 202)
4(345 346 355 354)
4(194 203 356 347)
4(202 355 356 203)
4(346 347 356 355)
4(195 204 357 348)
4(203 356 357 204)
4(347 348 357 356)
4(196 205 358 349)
4(204 357 358 205)
4(348 349 358 357)
4(205 358 359 206)
4(349 350 359 358)
4(199 208 361 352)
4(207 360 361 208)
4(351 352 361 360)
4(200 209 362 353)
4(208 361 362 209)
4(352 353 362 361)
4(201 210 363 354)
4(209 362 363 210)
4(353 354 363 362)
4(202 211 364 355)
4(210 363 364 211)
4(354 355 364 363)
4(203 212 365 356)
4(211 364 365 212)
4(355 356 365 364)
4(204 213 366 357)
4(212 365 366 213)
4(356 357 366 365)
4(205 214 367 358)
4(213 366 367 214)
4(357 358 367 366)
4(214 367 368 215)
4(358 359 368 367)
4(208 217 370 361)
4(216 369 370 217)
4(360 361 370 369)
4(209 218 371 362)
4(217 370 371 218)
4(361 362 371 370)
4(210 219 372 363)
4(218 371 372 219)
4(362 363 372 371)
4(211 220 373 364)
4(219 372 373 220)
4(363 364 373 372)
4(212 221 374 365)
4(220 373 374 221)
4(364 365 374 373)
4(213 222 375 366)
4(221 374 375 222)
4(365 366 375 374)
4(214 223 376 367)
4(222 375 376 223)
4(366 367 376 375)
4(223 376 377 224)
4(367 368 377 376)
4(217 226 379 370)
4(225 378 379 226)
4(369 370 379 378)
4(218 227 380 371)
4(226 379 380 227)
4(370 371 380 379)
4(219 228 381 372)
4(227 380 381 228)
4(371 372 381 380)
4(220 229 382 373)
4(228 381 382 229)
4(372 373 382 381)
4(221 230 383 374)
4(229 382 383 230)
4(373 374 383 382)
4(222 231 384 375)
4(230 383 384 231)
4(374 375 384 383)
4(223 232 385 376)
4(231 384 385 232)
4(375 376 385 384)
4(232 385 386 233)
4(376 377 386 385)
4(226 235 388 379)
4(234 387 388 235)
4(378 379 388 387)
4(227 236 389 380)
4(235 388 389 236)
4(379 380 389 388)
4(228 237 390 381)
4(236 389 390 237)
4(380 381 390 389)
4(229 238 391 382)
4(237 390 391 238)
4(381 382 391 390)
4(230 239 392 383)
4(238 391 392 239)
4(382 383 392 391)
4(231 240 393 384)
4(239 392 393 240)
4(383 384 393 392)
4(232 241 394 385)
4(240 393 394 241)
4(384 385 394 393)
4(241 394 395 242)
4(385 386 395 394)
4(235 244 397 388)
4(243 396 397 244)
4(387 388 397 396)
4(236 245 398 389)
4(244 397 398 245)
4(388 389 398 397)
4(237 246 399 390)
4(245 398 399 246)
4(389 390 399 398)
4(238 247 400 391)
4(246 399 400 247)
4(390 391 400 399)
4(239 248 401 392)
4(247 400 401 248)
4(391 392 401 400)
4(240 249 402 393)
4(248 401 402 249)
4(392 393 402 401)
4(241 250 403 394)
4(249 402 403 250)
4(393 394 403 402)
4(250 403 404 251)
4(394 395 404 403)
4(244 253 406 397)
4(252 405 406 253)
4(396 397 406 405)
4(245 254 407 398)
4(253 406 407 254)
4(397 398 407 406)
4(246 255 408 399)
4(254 407 408 255)
4(398 399 408 407)
4(247 256 409 400)
4(255 408 409 256)
4(399 400 409 408)
4(248 257 410 401)
4(256 409 410 257)
4(400 401 410 409)
4(249 258 411 402)
4(257 410 411 258)
4(401 402 411 410)
4(250 259 412 403)
4(258 411 412 259)
4(402 403 412 411)
4(259 412 413 260)
4(403 404 413 412)
4(253 262 415 406)
4(261 414 415 262)
4(405 406 415 414)
4(254 263 416 407)
4(262 415 416 263)
4(406 407 416 415)
4(255 264 417 408)
4(263 416 417 264)
4(407 408 417 416)
4(256 265 418 409)
4(264 417 418 265)
4(408 409 418 417)
4(257 266 419 410)
4(265 418 419 266)
4(409 410 419 418)
4(258 267 420 411)
4(266 419 420 267)
4(410 411 420 419)
4(259 268 421 412)
4(267 420 421 268)
4(411 412 421 420)
4(268 421 422 269)
4(412 413 422 421)
4(262 271 424 415)
4(270 423 424 271)
4(414 415 424 423)
4(263 272 425 416)
4(271 424 425 272)
4(415 416 425 424)
4(264 273 426 417)
4(272 425 426 273)
4(416 417 426 425)
4(265 274 427 418)
4(273 426 427 274)
4(417 418 427 426)
4(266 275 428 419)
4(274 427 428 275)
4(418 419 428 427)
4(267 276 429 420)
4(275 428 429 276)
4(419 420 429 428)
4(268 277 430 421)
4(276 429 430 277)
4(420 421 430 429)
4(277 430 431 278)
4(421 422 431 430)
4(271 280 433 424)
4(279 432 433 280)
4(423 424 433 432)
4(272 281 434 425)
4(280 433 434 281)
4(424 425 434 433)
4(273 282 435 426)
4(281 434 435 282)
4(425 426 435 434)
4(274 283 436 427)
4(282 435 436 283)
4(426 427 436 435)
4(275 284 437 428)
4(283 436 437 284)
4(427 428 437 436)
4(276 285 438 429)
4(284 437 438 285)
4(428 429 438 437)
4(277 286 439 430)
4(285 438 439 286)
4(429 430 439 438)
4(286 439 440 287)
4(430 431 440 439)
4(280 289 442 433)
4(288 441 442 289)
4(432 433 442 441)
4(281 290 443 434)
4(289 442 443 290)
4(433 434 443 442)
4(282 291 444 435)
4(290 443 444 291)
4(434 435 444 443)
4(283 292 445 436)
4(291 444 445 292)
4(435 436 445 444)
4(284 293 446 437)
4(292 445 446 293)
4(436 437 446 445)
4(285 294 447 438)
4(293 446 447 294)
4(437 438 447 446)
4(286 295 448 439)
4(294 447 448 295)
4(438 439 448 447)
4(295 448 449 296)
4(439 440 449 448)
4(289 298 451 442)
4(441 442 451 450)
4(290 299 452 443)
4(442 443 452 451)
4(291 300 453 444)
4(443 444 453 452)
4(292 301 454 445)
4(444 445 454 453)
4(293 302 455 446)
4(445 446 455 454)
4(294 303 456 447)
4(446 447 456 455)
4(295 304 457 448)
4(447 448 457 456)
4(448 449 458 457)
4(307 316 469 460)
4(315 468 469 316)
4(459 460 469 468)
4(308 317 470 461)
4(316 469 470 317)
4(460 461 470 469)
4(309 318 471 462)
4(317 470 471 318)
4(461 462 471 470)
4(310 319 472 463)
4(318 471 472 319)
4(462 463 472 471)
4(311 320 473 464)
4(319 472 473 320)
4(463 464 473 472)
4(312 321 474 465)
4(320 473 474 321)
4(464 465 474 473)
4(313 322 475 466)
4(321 474 475 322)
4(465 466 475 474)
4(322 475 476 323)
4(466 467 476 475)
4(316 325 478 469)
4(324 477 478 325)
4(468 469 478 477)
4(317 326 479 470)
4(325 478 479 326)
4(469 470 479 478)
4(318 327 480 471)
4(326 479 480 327)
4(470 471 480 479)
4(319 328 481 472)
4(327 480 481 328)
4(471 472 481 480)
4(320 329 482 473)
4(328 481 482 329)
4(472 473 482 481)
4(321 330 483 474)
4(329 482 483 330)
4(473 474 483 482)
4(322 331 484 475)
4(330 483 484 331)
4(474 475 484 483)
4(331 484 485 332)
4(475 476 485 484)
4(325 334 487 478)
4(333 486 487 334)
4(477 478 487 486)
4(326 335 488 479)
4(334 487 488 335)
4(478 479 488 487)
4(327 336 489 480)
4(335 488 489 336)
4(479 480 489 488)
4(328 337 490 481)
4(336 489 490 337)
4(480 481 490 489)
4(329 338 491 482)
4(337 490 491 338)
4(481 482 491 490)
4(330 339 492 483)
4(338 491 492 339)
4(482 483 492 491)
4(331 340 493 484)
4(339 492 493 340)
4(483 484 493 492)
4(340 493 494 341)
4(484 485 494 493)
4(334 343 496 487)
4(342 495 496 343)
4(486 487 496 495)
4(335 344 497 488)
4(343 496 497 344)
4(487 488 497 496)
4(336 345 498 489)
4(344 497 498 345)
4(488 489 498 497)
4(337 346 499 490)
4(345 498 499 346)
4(489 490 499 498)
4(338 347 500 491)
4(346 499 500 347)
4(490 491 500 499)
4(339 348 501 492)
4(347 500 501 348)
4(491 492 501 500)
4(340 349 502 493)
4(348 501 502 349)
4(492 493 502 501)
4(349 502 503 350)
4(493 494 503 502)
4(343 352 505 496)
4(351 504 505 352)
4(495 496 505 504)
4(344 353 506 497)
4(352 505 506 353)
4(496 497 506 505)
4(345 354 507 498)
4(353 506 507 354)
4(497 498 507 506)
4(346 355 508 499)
4(354 507 508 355)
4(498 499 508 507)
4(347 356 509 500)
4(355 508 509 356)
4(499 500 509 508)
4(348 357 510 501)
4(356 509 510 357)
4(500 501 510 509)
4(349 358 511 502)
4(357 510 511 358)
4(501 502 511 510)
4(358 511 512 359)
4(502 503 512 511)
4(352 361 514 505)
4(360 513 514 361)
4(504 505 514 513)
4(353 362 515 506)
4(361 514 515 362)
4(505 506 515 514)
4(354 363 516 507)
4(362 515 516 363)
4(506 507 516 515)
4(355 364 517 508)
4(363 516 517 364)
4(507 508 517 516)
4(356 365 518 509)
4(364 517 518 365)
4(508 509 518 517)
4(357 366 519 510)
4(365 518 519 366)
4(509 510 519 518)
4(358 367 520 511)
4(366 519 520 367)
4(510 511 520 519)
4(367 520 521 368)
4(511 512 521 520)
4(361 370 523 514)
4(369 522 523 370)
4(513 514 523 522)
4(362 371 524 515)
4(370 523 524 371)
4(514 515 524 523)
4(363 372 525 516)
4(371 524 525 372)
4(515 516 525 524)
4(364 373 526 517)
4(372 525 526 373)
4(516 517 526 525)
4(365 374 527 518)
4(373 526 527 374)
4(517 518 527 526)
4(366 375 528 519)
4(374 527 528 375)
4(518 519 528 527)
4(367 376 529 520)
4(375 528 529 376)
4(519 520 529 528)
4(376 529 530 377)
4(520 521 530 529)
4(370 379 532 523)
4(378 531 532 379)
4(522 523 532 531)
4(371 380 533 524)
4(379 532 533 380)
4(523 524 533 532)
4(372 381 534 525)
4(380 533 534 381)
4(524 525 534 533)
4(373 382 535 526)
4(381 534 535 382)
4(525 526 535 534)
4(374 383 536 527)
4(382 535 536 383)
4(526 527 536 535)
4(375 384 537 528)
4(383 536 537 384)
4(527 528 537 536)
4(376 385 538 529)
4(384 537 538 385)
4(528 529 538 537)
4(385 538 539 386)
4(529 530 539 538)
4(379 388 541 532)
4(387 540 541 388)
4(531 532 541 540)
4(380 389 542 533)
4(388 541 542 389)
4(532 533 542 541)
4(381 390 543 534)
4(389 542 543 390)
4(533 534 543 542)
4(382 391 544 535)
4(390 543 544 391)
4(534 535 544 543)
4(383 392 545 536)
4(391 544 545 392)
4(535 536 545 544)
4(384 393 546 537)
4(392 545 546 393)
4(536 537 546 545)
4(385 394 547 538)
4(393 546 547 394)
4(537 538 547 546)
4(394 547 548 395)
4(538 539 548 547)
4(388 397 550 541)
4(396 549 550 397)
4(540 541 550 549)
4(389 398 551 542)
4(397 550 551 398)
4(541 542 551 550)
4(390 399 552 543)
4(398 551 552 399)
4(542 543 552 551)
4(391 400 553 544)
4(399 552 553 400)
4(543 544 553 552)
4(392 401 554 545)
4(400 553 554 401)
4(544 545 554 553)
4(393 402 555 546)
4(401 554 555 402)
4(545 546 555 554)
4(394 403 556 547)
4(402 555 556 403)
4(546 547 556 555)
4(403 556 557 404)
4(547 548 557 556)
4(397 406 559 550)
4(405 558 559 406)
4(549 550 559 558)
4(398 407 560 551)
4(406 559 560 407)
4(550 551 560 559)
4(399 408 561 552)
4(407 560 561 408)
4(551 552 561 560)
4(400 409 562 553)
4(408 561 562 409)
4(552 553 562 561)
4(401 410 563 554)
4(409 562 563 410)
4(553 554 563 562)
4(402 411 564 555)
4(410 563 564 411)
4(554 555 564 563)
4(403 412 565 556)
4(411 564 565 412)
4(555 556 565 564)
4(412 565 566 413)
4(556 557 566 565)
4(406 415 568 559)
4(414 567 568 415)
4(558 559 568 567)
4(407 416 569 560)
4(415 568 569 416)
4(559 560 569 568)
4(408 417 570 561)
4(416 569 570 417)
4(560 561 570 569)
4(409 418 571 562)
4(417 570 571 418)
4(561 562 571 570)
4(410 419 572 563)
4(418 571 572 419)
4(562 563 572 571)
4(411 420 573 564)
4(419 572 573 420)
4(563 564 573 572)
4(412 421 574 565)
4(420 573 574 421)
4(564 565 574 573)
4(421 574 575 422)
4(565 566 575 574)
4(415 424 577 568)
4(423 576 577 424)
4(567 568 577 576)
4(416 425 578 569)
4(424 577 578 425)
4(568 569 578 577)
4(417 426 579 570)
4(425 578 579 426)
4(569 570 579 578)
4(418 427 580 571)
4(426 579 580 427)
4(570 571 580 579)
4(419 428 581 572)
4(427 580 581 428)
4(571 572 581 580)
4(420 429 582 573)
4(428 581 582 429)
4(572 573 582 581)
4(421 430 583 574)
4(429 582 583 430)
4(573 574 583 582)
4(430 583 584 431)
4(574 575 584 583)
4(424 433 586 577)
4(432 585 586 433)
4(576 577 586 585)
4(425 434 587 578)
4(433 586 587 434)
4(577 578 587 586)
4(426 435 588 579)
4(434 587 588 435)
4(578 579 588 587)
4(427 436 589 580)
4(435 588 589 436)
4(579 580 589 588)
4(428 437 590 581)
4(436 589 590 437)
4(580 581 590 589)
4(429 438 591 582)
4(437 590 591 438)
4(581 582 591 590)
4(430 439 592 583)
4(438 591 592 439)
4(582 583 592 591)
4(439 592 593 440)
4(583 584 593 592)
4(433 442 595 586)
4(441 594 595 442)
4(585 586 595 594)
4(434 443 596 587)
4(442 595 596 443)
4(586 587 596 595)
4(435 444 597 588)
4(443 596 597 444)
4(587 588 597 596)
4(436 445 598 589)
4(444 597 598 445)
4(588 589 598 597)
4(437 446 599 590)
4(445 598 599 446)
4(589 590 599 598)
4(438 447 600 591)
4(446 599 600 447)
4(590 591 600 599)
4(439 448 601 592)
4(447 600 601 448)
4(591 592 601 600)
4(448 601 602 449)
4(592 593 602 601)
4(442 451 604 595)
4(594 595 604 603)
4(443 452 605 596)
4(595 596 605 604)
4(444 453 606 597)
4(596 597 606 605)
4(445 454 607 598)
4(597 598 607 606)
4(446 455 608 599)
4(598 599 608 607)
4(447 456 609 600)
4(599 600 609 608)
4(448 457 610 601)
4(600 601 610 609)
4(601 602 611 610)
4(460 469 622 613)
4(468 621 622 469)
4(612 613 622 621)
4(461 470 623 614)
4(469 622 623 470)
4(613 614 623 622)
4(462 471 624 615)
4(470 623 624 471)
4(614 615 624 623)
4(463 472 625 616)
4(471 624 625 472)
4(615 616 625 624)
4(464 473 626 617)
4(472 625 626 473)
4(616 617 626 625)
4(465 474 627 618)
4(473 626 627 474)
4(617 618 627 626)
4(466 475 628 619)
4(474 627 628 475)
4(618 619 628 627)
4(475 628 629 476)
4(619 620 629 628)
4(469 478 631 622)
4(477 630 631 478)
4(621 622 631 630)
4(470 479 632 623)
4(478 631 632 479)
4(622 623 632 631)
4(471 480 633 624)
4(479 632 633 480)
4(623 624 633 632)
4(472 481 634 625)
4(480 633 634 481)
4(624 625 634 633)
4(473 482 635 626)
4(481 634 635 482)
4(625 626 635 634)
4(474 483 636 627)
4(482 635 636 483)
4(626 627 636 635)
4(475 484 637 628)
4(483 636 637 484)
4(627 628 637 636)
4(484 637 638 485)
4(628 629 638 637)
4(478 487 640 631)
4(486 639 640 487)
4(630 631 640 639)
4(479 488 641 632)
4(487 640 641 488)
4(631 632 641 640)
4(480 489 642 633)
4(488 641 642 489)
4(632 633 642 641)
4(481 490 643 634)
4(489 642 643 490)
4(633 634 643 642)
4(482 491 644 635)
4(490 643 644 491)
4(634 635 644 643)
4(483 492 645 636)
4(491 644 645 492)
4(635 636 645 644)
4(484 493 646 637)
4(492 645 646 493)
4(636 637 646 645)
4(493 646 647 494)
4(637 638 647 646)
4(487 496 649 640)
4(495 648 649 496)
4(639 640 649 648)
4(488 497 650 641)
4(496 649 650 497)
4(640 641 650 649)
4(489 498 651 642)
4(497 650 651 498)
4(641 642 651 650)
4(490 499 652 643)
4(498 651 652 499)
4(642 643 652 651)
4(491 500 653 644)
4(499 652 653 500)
4(643 644 653 652)
4(492 501 654 645)
4(500 653 654 501)
4(644 645 654 653)
4(493 502 655 646)
4(501 654 655 502)
4(645 646 655 654)
4(502 655 656 503)
4(646 647 656 655)
4(496 505 658 649)
4(504 657 658 505)
4(648 649 658 657)
4(497 506 659 650)
4(505 658 659 506)
4(649 650 659 658)
4(498 507 660 651)
4(506 659 660 507)
4(650 651 660 659)
4(499 508 661 652)
4(507 660 661 508)
4(651 652 661 660)
4(500 509 662 653)
4(508 661 662 509)
4(652 653 662 661)
4(501 510 663 654)
4(509 662 663 510)
4(653 654 663 662)
4(502 511 664 655)
4(510 663 664 511)
4(654 655 664 663)
4(511 664 665 512)
4(655 656 665 664)
4(505 514 667 658)
4(513 666 667 514)
4(657 658 667 666)
4(506 515 668 659)
4(514 667 668 515)
4(658 659 668 667)
4(507 516 669 660)
4(515 668 669 516)
4(659 660 669 668)
4(508 517 670 661)
4(516 669 670 517)
4(660 661 670 669)
4(509 518 671 662)
4(517 670 671 518)
4(661 662 671 670)
4(510 519 672 663)
4(518 671 672 519)
4(662 663 672 671)
4(511 520 673 664)
4(519 672 673 520)
4(663 664 673 672)
4(520 673 674 521)
4(664 665 674 673)
4(514 523 676 667)
4(522 675 676 523)
4(666 667 676 675)
4(515 524 677 668)
4(523 676 677 524)
4(667 668 677 676)
4(516 525 678 669)
4(524 677 678 525)
4(668 669 678 677)
4(517 526 679 670)
4(525 678 679 526)
4(669 670 679 678)
4(518 527 680 671)
4(526 679 680 527)
4(670 671 680 679)
4(519 528 681 672)
4(527 680 681 528)
4(671 672 681 680)
4(520 529 682 673)
4(528 681 682 529)
4(672 673 682 681)
4(529 682 683 530)
4(673 674 683 682)
4(523 532 685 676)
4(531 684 685 532)
4(675 676 685 684)
4(524 533 686 677)
4(532 685 686 533)
4(676 677 686 685)
4(525 534 687 678)
4(533 686 687 534)
4(677 678 687 686)
4(526 535 688 679)
4(534 687 688 535)
4(678 679 688 687)
4(527 536 689 680)
4(535 688 689 536)
4(679 680 689 688)
4(528 537 690 681)
4(536 689 690 537)
4(680 681 690 689)
4(529 538 691 682)
4(537 690 691 538)
4(681 682 691 690)
4(538 691 692 539)
4(682 683 692 691)
4(532 541 694 685)
4(540 693 694 541)
4(684 685 694 693)
4(533 542 695 686)
4(541 694 695 542)
4(685 686 695 694)
4(534 543 696 687)
4(542 695 696 543)
4(686 687 696 695)
4(535 544 697 688)
4(543 696 697 544)
4(687 688 697 696)
4(536 545 698 689)
4(544 697 698 545)
4(688 689 698 697)
4(537 546 699 690)
4(545 698 699 546)
4(689 690 699 698)
4(538 547 700 691)
4(546 699 700 547)
4(690 691 700 699)
4(547 700 701 548)
4(691 692 701 700)
4(541 550 703 694)
4(549 702 703 550)
4(693 694 703 702)
4(542 551 704 695)
4(550 703 704 551)
4(694 695 704 703)
4(543 552 705 696)
4(551 704 705 552)
4(695 696 705 704)
4(544 553 706 697)
4(552 705 706 553)
4(696 697 706 705)
4(545 554 707 698)
4(553 706 707 554)
4(697 698 707 706)
4(546 555 708 699)
4(554 707 708 555)
4(698 699 708 707)
4(547 556 709 700)
4(555 708 709 556)
4(699 700 709 708)
4(556 709 710 557)
4(700 701 710 709)
4(550 559 712 703)
4(558 711 712 559)
4(702 703 712 711)
4(551 560 713 704)
4(559 712 713 560)
4(703 704 713 712)
4(552 561 714 705)
4(560 713 714 561)
4(704 705 714 713)
4(553 562 715 706)
4(561 714 715 562)
4(705 706 715 714)
4(554 563 716 707)
4(562 715 716 563)
4(706 707 716 715)
4(555 564 717 708)
4(563 716 717 564)
4(707 708 717 716)
4(556 565 718 709)
4(564 717 718 565)
4(708 709 718 717)
4(565 718 719 566)
4(709 710 719 718)
4(559 568 721 712)
4(567 720 721 568)
4(711 712 721 720)
4(560 569 722 713)
4(568 721 722 569)
4(712 713 722 721)
4(561 570 723 714)
4(569 722 723 570)
4(713 714 723 722)
4(562 571 724 715)
4(570 723 724 571)
4(714 715 724 723)
4(563 572 725 716)
4(571 724 725 572)
4(715 716 725 724)
4(564 573 726 717)
4(572 725 726 573)
4(716 717 726 725)
4(565 574 727 718)
4(573 726 727 574)
4(717 718 727 726)
4(574 727 728 575)
4(718 719 728 727)
4(568 577 730 721)
4(576 729 730 577)
4(720 721 730 729)
4(569 578 731 722)
4(577 730 731 578)
4(721 722 731 730)
4(570 579 732 723)
4(578 731 732 579)
4(722 723 732 731)
4(571 580 733 724)
4(579 732 733 580)
4(723 724 733 732)
4(572 581 734 725)
4(580 733 734 581)
4(724 725 734 733)
4(573 582 735 726)
4(581 734 735 582)
4(725 726 735 734)
4(574 583 736 727)
4(582 735 736 583)
4(726 727 736 735)
4(583 736 737 584)
4(727 728 737 736)
4(577 586 739 730)
4(585 738 739 586)
4(729 730 739 738)
4(578 587 740 731)
4(586 739 740 587)
4(730 731 740 739)
4(579 588 741 732)
4(587 740 741 588)
4(731 732 741 740)
4(580 589 742 733)
4(588 741 742 589)
4(732 733 742 741)
4(581 590 743 734)
4(589 742 743 590)
4(733 734 743 742)
4(582 591 744 735)
4(590 743 744 591)
4(734 735 744 743)
4(583 592 745 736)
4(591 744 745 592)
4(735 736 745 744)
4(592 745 746 593)
4(736 737 746 745)
4(586 595 748 739)
4(594 747 748 595)
4(738 739 748 747)
4(587 596 749 740)
4(595 748 749 596)
4(739 740 749 748)
4(588 597 750 741)
4(596 749 750 597)
4(740 741 750 749)
4(589 598 751 742)
4(597 750 751 598)
4(741 742 751 750)
4(590 599 752 743)
4(598 751 752 599)
4(742 743 752 751)
4(591 600 753 744)
4(599 752 753 600)
4(743 744 753 752)
4(592 601 754 745)
4(600 753 754 601)
4(744 745 754 753)
4(601 754 755 602)
4(745 746 755 754)
4(595 604 757 748)
4(747 748 757 756)
4(596 605 758 749)
4(748 749 758 757)
4(597 606 759 750)
4(749 750 759 758)
4(598 607 760 751)
4(750 751 760 759)
4(599 608 761 752)
4(751 752 761 760)
4(600 609 762 753)
4(752 753 762 761)
4(601 610 763 754)
4(753 754 763 762)
4(754 755 764 763)
4(613 622 775 766)
4(621 774 775 622)
4(765 766 775 774)
4(614 623 776 767)
4(622 775 776 623)
4(766 767 776 775)
4(615 624 777 768)
4(623 776 777 624)
4(767 768 777 776)
4(616 625 778 769)
4(624 777 778 625)
4(768 769 778 777)
4(617 626 779 770)
4(625 778 779 626)
4(769 770 779 778)
4(618 627 780 771)
4(626 779 780 627)
4(770 771 780 779)
4(619 628 781 772)
4(627 780 781 628)
4(771 772 781 780)
4(628 781 782 629)
4(772 773 782 781)
4(622 631 784 775)
4(630 783 784 631)
4(774 775 784 783)
4(623 632 785 776)
4(631 784 785 632)
4(775 776 785 784)
4(624 633 786 777)
4(632 785 786 633)
4(776 777 786 785)
4(625 634 787 778)
4(633 786 787 634)
4(777 778 787 786)
4(626 635 788 779)
4(634 787 788 635)
4(778 779 788 787)
4(627 636 789 780)
4(635 788 789 636)
4(779 780 789 788)
4(628 637 790 781)
4(636 789 790 637)
4(780 781 790 789)
4(637 790 791 638)
4(781 782 791 790)
4(631 640 793 784)
4(639 792 793 640)
4(783 784 793 792)
4(632 641 794 785)
4(640 793 794 641)
4(784 785 794 793)
4(633 642 795 786)
4(641 794 795 642)
4(785 786 795 794)
4(634 643 796 787)
4(642 795 796 643)
4(786 787 796 795)
4(635 644 797 788)
4(643 796 797 644)
4(787 788 797 796)
4(636 645 798 789)
4(644 797 798 645)
4(788 789 798 797)
4(637 646 799 790)
4(645 798 799 646)
4(789 790 799 798)
4(646 799 800 647)
4(790 791 800 799)
4(640 649 802 793)
4(648 801 802 649)
4(792 793 802 801)
4(641 650 803 794)
4(649 802 803 650)
4(793 794 803 802)
4(642 651 804 795)
4(650 803 804 651)
4(794 795 804 803)
4(643 652 805 796)
4(651 804 805 652)
4(795 796 805 804)
4(644 653 806 797)
4(652 805 806 653)
4(796 797 806 805)
4(645 654 807 798)
4(653 806 807 654)
4(797 798 807 806)
4(646 655 808 799)
4(654 807 808 655)
4(798 799 808 807)
4(655 808 809 656)
4(799 800 809 808)
4(649 658 811 802)
4(657 810 811 658)
4(801 802 811 810)
4(650 659 812 803)
4(658 811 812 659)
4(802 803 812 811)
4(651 660 813 804)
4(659 812 813 660)
4(803 804 813 812)
4(652 661 814 805)
4(660 813 814 661)
4(804 805 814 813)
4(653 662 815 806)
4(661 814 815 662)
4(805 806 815 814)
4(654 663 816 807)
4(662 815 816 663)
4(806 807 816 815)
4(655 664 817 808)
4(663 816 817 664)
4(807 808 817 816)
4(664 817 818 665)
4(808 809 818 817)
4(658 667 820 811)
4(666 819 820 667)
4(810 811 820 819)
4(659 668 821 812)
4(667 820 821 668)
4(811 812 821 820)
4(660 669 822 813)
4(668 821 822 669)
4(812 813 822 821)
4(661 670 823 814)
4(669 822 823 670)
4(813 814 823 822)
4(662 671 824 815)
4(670 823 824 671)
4(814 815 824 823)
4(663 672 825 816)
4(671 824 825 672)
4(815 816 825 824)
4(664 673 826 817)
4(672 825 826 673)
4(816 817 826 825)
4(673 826 827 674)
4(817 818 827 826)
4(667 676 829 820)
4(675 828 829 676)
4(819 820 829 828)
4(668 677 830 821)
4(676 829 830 677)
4(820 821 830 829)
4(669 678 831 822)
4(677 830 831 678)
4(821 822 831 830)
4(670 679 832 823)
4(678 831 832 679)
4(822 823 832 831)
4(671 680 833 824)
4(679 832 833 680)
4(823 824 833 832)
4(672 681 834 825)
4(680 833 834 681)
4(824 825 834 833)
4(673 682 835 826)
4(681 834 835 682)
4(825 826 835 834)
4(682 835 836 683)
4(826 827 836 835)
4(676 685 838 829)
4(684 837 838 685)
4(828 829 838 837)
4(677 686 839 830)
4(685 838 839 686)
4(829 830 839 838)
4(678 687 840 831)
4(686 839 840 687)
4(830 831 840 839)
4(679 688 841 832)
4(687 840 841 688)
4(831 832 841 840)
4(680 689 842 833)
4(688 841 842 689)
4(832 833 842 841)
4(681 690 843 834)
4(689 842 843 690)
4(833 834 843 842)
4(682 691 844 835)
4(690 843 844 691)
4(834 835 844 843)
4(691 844 845 692)
4(835 836 845 844)
4(685 694 847 838)
4(693 846 847 694)
4(837 838 847 846)
4(686 695 848 839)
4(694 847 848 695)
4(838 839 848 847)
4(687 696 849 840)
4(695 848 849 696)
4(839 840 849 848)
4(688 697 850 841)
4(696 849 850 697)
4(840 841 850 849)
4(689 698 851 842)
4(697 850 851 698)
4(841 842 851 850)
4(690 699 852 843)
4(698 851 852 699)
4(842 843 852 851)
4(691 700 853 844)
4(699 852 853 700)
4(843 844 853 852)
4(700 853 854 701)
4(844 845 854 853)
4(694 703 856 847)
4(702 855 856 703)
4(846 847 856 855)
4(695 704 857 848)
4(703 856 857 704)
4(847 848 857 856)
4(696 705 858 849)
4(704 857 858 705)
4(848 849 858 857)
4(697 706 859 850)
4(705 858 859 706)
4(849 850 859 858)
4(698 707 860 851)
4(706 859 860 707)
4(850 851 860 859)
4(699 708 861 852)
4(707 860 861 708)
4(851 852 861 860)
4(700 709 862 853)
4(708 861 862 709)
4(852 853 862 861)
4(709 862 863 710)
4(853 854 863 862)
4(703 712 865 856)
4(711 864 865 712)
4(855 856 865 864)
4(704 713 866 857)
4(712 865 866 713)
4(856 857 866 865)
4(705 714 867 858)
4(713 866 867 714)
4(857 858 867 866)
4(706 715 868 859)
4(714 867 868 715)
4(858 859 868 867)
4(707 716 869 860)
4(715 868 869 716)
4(859 860 869 868)
4(708 717 870 861)
4(716 869 870 717)
4(860 861 870 869)
4(709 718 871 862)
4(717 870 871 718)
4(861 862 871 870)
4(718 871 872 719)
4(862 863 872 871)
4(712 721 874 865)
4(720 873 874 721)
4(864 865 874 873)
4(713 722 875 866)
4(721 874 875 722)
4(865 866 875 874)
4(714 723 876 867)
4(722 875 876 723)
4(866 867 876 875)
4(715 724 877 868)
4(723 876 877 724)
4(867 868 877 876)
4(716 725 878 869)
4(724 877 878 725)
4(868 869 878 877)
4(717 726 879 870)
4(725 878 879 726)
4(869 870 879 878)
4(718 727 880 871)
4(726 879 880 727)
4(870 871 880 879)
4(727 880 881 728)
4(871 872 881 880)
4(721 730 883 874)
4(729 882 883 730)
4(873 874 883 882)
4(722 731 884 875)
4(730 883 884 731)
4(874 875 884 883)
4(723 732 885 876)
4(731 884 885 732)
4(875 876 885 884)
4(724 733 886 877)
4(732 885 886 733)
4(876 877 886 885)
4(725 734 887 878)
4(733 886 887 734)
4(877 878 887 886)
4(726 735 888 879)
4(734 887 888 735)
4(878 879 888 887)
4(727 736 889 880)
4(735 888 889 736)
4(879 880 889 888)
4(736 889 890 737)
4(880 881 890 889)
4(730 739 892 883)
4(738 891 892 739)
4(882 883 892 891)
4(731 740 893 884)
4(739 892 893 740)
4(883 884 893 892)
4(732 741 894 885)
4(740 893 894 741)
4(884 885 894 893)
4(733 742 895 886)
4(741 894 895 742)
4(885 886 895 894)
4(734 743 896 887)
4(742 895 896 743)
4(886 887 896 895)
4(735 744 897 888)
4(743 896 897 744)
4(887 888 897 896)
4(736 745 898 889)
4(744 897 898 745)
4(888 889 898 897)
4(745 898 899 746)
4(889 890 899 898)
4(739 748 901 892)
4(747 900 901 748)
4(891 892 901 900)
4(740 749 902 893)
4(748 901 902 749)
4(892 893 902 901)
4(741 750 903 894)
4(749 902 903 750)
4(893 894 903 902)
4(742 751 904 895)
4(750 903 904 751)
4(894 895 904 903)
4(743 752 905 896)
4(751 904 905 752)
4(895 896 905 904)
4(744 753 906 897)
4(752 905 906 753)
4(896 897 906 905)
4(745 754 907 898)
4(753 906 907 754)
4(897 898 907 906)
4(754 907 908 755)
4(898 899 908 907)
4(748 757 910 901)
4(900 901 910 909)
4(749 758 911 902)
4(901 902 911 910)
4(750 759 912 903)
4(902 903 912 911)
4(751 760 913 904)
4(903 904 913 912)
4(752 761 914 905)
4(904 905 914 913)
4(753 762 915 906)
4(905 906 915 914)
4(754 763 916 907)
4(906 907 916 915)
4(907 908 917 916)
4(766 775 928 919)
4(774 927 928 775)
4(918 919 928 927)
4(767 776 929 920)
4(775 928 929 776)
4(919 920 929 928)
4(768 777 930 921)
4(776 929 930 777)
4(920 921 930 929)
4(769 778 931 922)
4(777 930 931 778)
4(921 922 931 930)
4(770 779 932 923)
4(778 931 932 779)
4(922 923 932 931)
4(771 780 933 924)
4(779 932 933 780)
4(923 924 933 932)
4(772 781 934 925)
4(780 933 934 781)
4(924 925 934 933)
4(781 934 935 782)
4(925 926 935 934)
4(775 784 937 928)
4(783 936 937 784)
4(927 928 937 936)
4(776 785 938 929)
4(784 937 938 785)
4(928 929 938 937)
4(777 786 939 930)
4(785 938 939 786)
4(929 930 939 938)
4(778 787 940 931)
4(786 939 940 787)
4(930 931 940 939)
4(779 788 941 932)
4(787 940 941 788)
4(931 932 941 940)
4(780 789 942 933)
4(788 941 942 789)
4(932 933 942 941)
4(781 790 943 934)
4(789 942 943 790)
4(933 934 943 942)
4(790 943 944 791)
4(934 935 944 943)
4(784 793 946 937)
4(792 945 946 793)
4(936 937 946 945)
4(785 794 947 938)
4(793 946 947 794)
4(937 938 947 946)
4(786 795 948 939)
4(794 947 948 795)
4(938 939 948 947)
4(787 796 949 940)
4(795 948 949 796)
4(939 940 949 948)
4(788 797 950 941)
4(796 949 950 797)
4(940 941 950 949)
4(789 798 951 942)
4(797 950 951 798)
4(941 942 951 950)
4(790 799 952 943)
4(798 951 952 799)
4(942 943 952 951)
4(799 952 953 800)
4(943 944 953 952)
4(793 802 955 946)
4(801 954 955 802)
4(945 946 955 954)
4(794 803 956 947)
4(802 955 956 803)
4(946 947 956 955)
4(795 804 957 948)
4(803 956 957 804)
4(947 948 957 956)
4(796 805 958 949)
4(804 957 958 805)
4(948 949 958 957)
4(797 806 959 950)
4(805 958 959 806)
4(949 950 959 958)
4(798 807 960 951)
4(806 959 960 807)
4(950 951 960 959)
4(799 808 961 952)
4(807 960 961 808)
4(951 952 961 960)
4(808 961 962 809)
4(952 953 962 961)
4(802 811 964 955)
4(810 963 964 811)
4(954 955 964 963)
4(803 812 965 956)
4(811 964 965 812)
4(955 956 965 964)
4(804 813 966 957)
4(812 965 966 813)
4(956 957 966 965)
4(805 814 967 958)
4(813 966 967 814)
4(957 958 967 966)
4(806 815 968 959)
4(814 967 968 815)
4(958 959 968 967)
4(807 816 969 960)
4(815 968 969 816)
4(959 960 969 968)
4(808 817 970 961)
4(816 969 970 817)
4(960 961 970 969)
4(817 970 971 818)
4(961 962 971 970)
4(811 820 973 964)
4(819 972 973 820)
4(963 964 973 972)
4(812 821 974 965)
4(820 973 974 821)
4(964 965 974 973)
4(813 822 975 966)
4(821 974 975 822)
4(965 966 975 974)
4(814 823 976 967)
4(822 975 976 823)
4(966 967 976 975)
4(815 824 977 968)
4(823 976 977 824)
4(967 968 977 976)
4(816 825 978 969)
4(824 977 978 825)
4(968 969 978 977)
4(817 826 979 970)
4(825 978 979 826)
4(969 970 979 978)
4(826 979 980 827)
4(970 971 980 979)
4(820 829 982 973)
4(828 981 982 829)
4(972 973 982 981)
4(821 830 983 974)
4(829 982 983 830)
4(973 974 983 982)
4(822 831 984 975)
4(830 983 984 831)
4(974 975 984 983)
4(823 832 985 976)
4(831 984 985 832)
4(975 976 985 984)
4(824 833 986 977)
4(832 985 986 833)
4(976 977 986 985)
4(825 834 987 978)
4(833 986 987 834)
4(977 978 987 986)
4(826 835 988 979)
4(834 987 988 835)
4(978 979 988 987)
4(835 988 989 836)
4(979 980 989 988)
4(829 838 991 982)
4(837 990 991 838)
4(981 982 991 990)
4(830 839 992 983)
4(838 991 992 839)
4(982 983 992 991)
4(831 840 993 984)
4(839 992 993 840)
4(983 984 993 992)
4(832 841 994 985)
4(840 993 994 841)
4(984 985 994 993)
4(833 842 995 986)
4(841 994 995 842)
4(985 986 995 994)
4(834 843 996 987)
4(842 995 996 843)
4(986 987 996 995)
4(835 844 997 988)
4(843 996 997 844)
4(987 988 997 996)
4(844 997 998 845)
4(988 989 998 997)
4(838 847 1000 991)
4(846 999 1000 847)
4(990 991 1000 999)
4(839 848 1001 992)
4(847 1000 1001 848)
4(991 992 1001 1000)
4(840 849 1002 993)
4(848 1001 1002 849)
4(992 993 1002 1001)
4(841 850 1003 994)
4(849 1002 1003 850)
4(993 994 1003 1002)
4(842 851 1004 995)
4(850 1003 1004 851)
4(994 995 1004 1003)
4(843 852 1005 996)
4(851 1004 1005 852)
4(995 996 1005 1004)
4(844 853 1006 997)
4(852 1005 1006 853)
4(996 997 1006 1005)
4(853 1006 1007 854)
4(997 998 1007 1006)
4(847 856 1009 1000)
4(855 1008 1009 856)
4(999 1000 1009 1008)
4(848 857 1010 1001)
4(856 1009 1010 857)
4(1000 1001 1010 1009)
4(849 858 1011 1002)
4(857 1010 1011 858)
4(1001 1002 1011 1010)
4(850 859 1012 1003)
4(858 1011 1012 859)
4(1002 1003 1012 1011)
4(851 860 1013 1004)
4(859 1012 1013 860)
4(1003 1004 1013 1012)
4(852 861 1014 1005)
4(860 1013 1014 861)
4(1004 1005 1014 1013)
4(853 862 1015 1006)
4(861 1014 1015 862)
4(1005 1006 1015 1014)
4(862 1015 1016 863)
4(1006 1007 1016 1015)
4(856 865 1018 1009)
4(864 1017 1018 865)
4(1008 1009 1018 1017)
4(857 866 1019 1010)
4(865 1018 1019 866)
4(1009 1010 1019 1018)
4(858 867 1020 1011)
4(866 1019 1020 867)
4(1010 1011 1020 1019)
4(859 868 1021 1012)
4(867 1020 1021 868)
4(1011 1012 1021 1020)
4(860 869 1022 1013)
4(868 1021 1022 869)
4(1012 1013 1022 1021)
4(861 870 1023 1014)
4(869 1022 1023 870)
4(1013 1014 1023 1022)
4(862 871 1024 1015)
4(870 1023 1024 871)
4(1014 1015 1024 1023)
4(871 1024 1025 872)
4(1015 1016 1025 1024)
4(865 874 1027 1018)
4(873 1026 1027 874)
4(1017 1018 1027 1026)
4(866 875 1028 1019)
4(874 1027 1028 875)
4(1018 1019 1028 1027)
4(867 876 1029 1020)
4(875 1028 1029 876)
4(1019 1020 1029 1028)
4(868 877 1030 1021)
4(876 1029 1030 877)
4(1020 1021 1030 1029)
4(869 878 1031 1022)
4(877 1030 1031 878)
4(1021 1022 1031 1030)
4(870 879 1032 1023)
4(878 1031 1032 879)
4(1022 1023 1032 1031)
4(871 880 1033 1024)
4(879 1032 1033 880)
4(1023 1024 1033 1032)
4(880 1033 1034 881)
4(1024 1025 1034 1033)
4(874 883 1036 1027)
4(882 1035 1036 883)
4(1026 1027 1036 1035)
4(875 884 1037 1028)
4(883 1036 1037 884)
4(1027 1028 1037 1036)
4(876 885 1038 1029)
4(884 1037 1038 885)
4(1028 1029 1038 1037)
4(877 886 1039 1030)
4(885 1038 1039 886)
4(1029 1030 1039 1038)
4(878 887 1040 1031)
4(886 1039 1040 887)
4(1030 1031 1040 1039)
4(879 888 1041 1032)
4(887 1040 1041 888)
4(1031 1032 1041 1040)
4(880 889 1042 1033)
4(888 1041 1042 889)
4(1032 1033 1042 1041)
4(889 1042 1043 890)
4(1033 1034 1043 1042)
4(883 892 1045 1036)
4(891 1044 1045 892)
4(1035 1036 1045 1044)
4(884 893 1046 1037)
4(892 1045 1046 893)
4(1036 1037 1046 1045)
4(885 894 1047 1038)
4(893 1046 1047 894)
4(1037 1038 1047 1046)
4(886 895 1048 1039)
4(894 1047 1048 895)
4(1038 1039 1048 1047)
4(887 896 1049 1040)
4(895 1048 1049 896)
4(1039 1040 1049 1048)
4(888 897 1050 1041)
4(896 1049 1050 897)
4(1040 1041 1050 1049)
4(889 898 1051 1042)
4(897 1050 1051 898)
4(1041 1042 1051 1050)
4(898 1051 1052 899)
4(1042 1043 1052 1051)
4(892 901 1054 1045)
4(900 1053 1054 901)
4(1044 1045 1054 1053)
4(893 902 1055 1046)
4(901 1054 1055 902)
4(1045 1046 1055 1054)
4(894 903 1056 1047)
4(902 1055 1056 903)
4(1046 1047 1056 1055)
4(895 904 1057 1048)
4(903 1056 1057 904)
4(1047 1048 1057 1056)
4(896 905 1058 1049)
4(904 1057 1058 905)
4(1048 1049 1058 1057)
4(897 906 1059 1050)
4(905 1058 1059 906)
4(1049 1050 1059 1058)
4(898 907 1060 1051)
4(906 1059 1060 907)
4(1050 1051 1060 1059)
4(907 1060 1061 908)
4(1051 1052 1061 1060)
4(901 910 1063 1054)
4(1053 1054 1063 1062)
4(902 911 1064 1055)
4(1054 1055 1064 1063)
4(903 912 1065 1056)
4(1055 1056 1065 1064)
4(904 913 1066 1057)
4(1056 1057 1066 1065)
4(905 914 1067 1058)
4(1057 1058 1067 1066)
4(906 915 1068 1059)
4(1058 1059 1068 1067)
4(907 916 1069 1060)
4(1059 1060 1069 1068)
4(1060 1061 1070 1069)
4(919 928 1081 1072)
4(927 1080 1081 928)
4(1071 1072 1081 1080)
4(920 929 1082 1073)
4(928 1081 1082 929)
4(1072 1073 1082 1081)
4(921 930 1083 1074)
4(929 1082 1083 930)
4(1073 1074 1083 1082)
4(922 931 1084 1075)
4(930 1083 1084 931)
4(1074 1075 1084 1083)
4(923 932 1085 1076)
4(931 1084 1085 932)
4(1075 1076 1085 1084)
4(924 933 1086 1077)
4(932 1085 1086 933)
4(1076 1077 1086 1085)
4(925 934 1087 1078)
4(933 1086 1087 934)
4(1077 1078 1087 1086)
4(934 1087 1088 935)
4(1078 1079 1088 1087)
4(928 937 1090 1081)
4(936 1089 1090 937)
4(1080 1081 1090 1089)
4(929 938 1091 1082)
4(937 1090 1091 938)
4(1081 1082 1091 1090)
4(930 939 1092 1083)
4(938 1091 1092 939)
4(1082 1083 1092 1091)
4(931 940 1093 1084)
4(939 1092 1093 940)
4(1083 1084 1093 1092)
4(932 941 1094 1085)
4(940 1093 1094 941)
4(1084 1085 1094 1093)
4(933 942 1095 1086)
4(941 1094 1095 942)
4(1085 1086 1095 1094)
4(934 943 1096 1087)
4(942 1095 1096 943)
4(1086 1087 1096 1095)
4(943 1096 1097 944)
4(1087 1088 1097 1096)
4(937 946 1099 1090)
4(945 1098 1099 946)
4(1089 1090 1099 1098)
4(938 947 1100 1091)
4(946 1099 1100 947)
4(1090 1091 1100 1099)
4(939 948 1101 1092)
4(947 1100 1101 948)
4(1091 1092 1101 1100)
4(940 949 1102 1093)
4(948 1101 1102 949)
4(1092 1093 1102 1101)
4(941 950 1103 1094)
4(949 1102 1103 950)
4(1093 1094 1103 1102)
4(942 951 1104 1095)
4(950 1103 1104 951)
4(1094 1095 1104 1103)
4(943 952 1105 1096)
4(951 1104 1105 952)
4(1095 1096 1105 1104)
4(952 1105 1106 953)
4(1096 1097 1106 1105)
4(946 955 1108 1099)
4(954 1107 1108 955)
4(1098 1099 1108 1107)
4(947 956 1109 1100)
4(955 1108 1109 956)
4(1099 1100 1109 1108)
4(948 957 1110 1101)
4(956 1109 1110 957)
4(1100 1101 1110 1109)
4(949 958 1111 1102)
4(957 1110 1111 958)
4(1101 1102 1111 1110)
4(950 959 1112 1103)
4(958 1111 1112 959)
4(1102 1103 1112 1111)
4(951 960 1113 1104)
4(959 1112 1113 960)
4(1103 1104 1113 1112)
4(952 961 1114 1105)
4(960 1113 1114 961)
4(1104 1105 1114 1113)
4(961 1114 1115 962)
4(1105 1106 1115 1114)
4(955 964 1117 1108)
4(963 1116 1117 964)
4(1107 1108 1117 1116)
4(956 965 1118 1109)
4(964 1117 1118 965)
4(1108 1109 1118 1117)
4(957 966 1119 1110)
4(965 1118 1119 966)
4(1109 1110 1119 1118)
4(958 967 1120 1111)
4(966 1119 1120 967)
4(1110 1111 1120 1119)
4(959 968 1121 1112)
4(967 1120 1121 968)
4(1111 1112 1121 1120)
4(960 969 1122 1113)
4(968 1121 1122 969)
4(1112 1113 1122 1121)
4(961 970 1123 1114)
4(969 1122 1123 970)
4(1113 1114 1123 1122)
4(970 1123 1124 971)
4(1114 1115 1124 1123)
4(964 973 1126 1117)
4(972 1125 1126 973)
4(1116 1117 1126 1125)
4(965 974 1127 1118)
4(973 1126 1127 974)
4(1117 1118 1127 1126)
4(966 975 1128 1119)
4(974 1127 1128 975)
4(1118 1119 1128 1127)
4(967 976 1129 1120)
4(975 1128 1129 976)
4(1119 1120 1129 1128)
4(968 977 1130 1121)
4(976 1129 1130 977)
4(1120 1121 1130 1129)
4(969 978 1131 1122)
4(977 1130 1131 978)
4(1121 1122 1131 1130)
4(970 979 1132 1123)
4(978 1131 1132 979)
4(1122 1123 1132 1131)
4(979 1132 1133 980)
4(1123 1124 1133 1132)
4(973 982 1135 1126)
4(981 1134 1135 982)
4(1125 1126 1135 1134)
4(974 983 1136 1127)
4(982 1135 1136 983)
4(1126 1127 1136 1135)
4(975 984 1137 1128)
4(983 1136 1137 984)
4(1127 1128 1137 1136)
4(976 985 1138 1129)
4(984 1137 1138 985)
4(1128 1129 1138 1137)
4(977 986 1139 1130)
4(985 1138 1139 986)
4(1129 1130 1139 1138)
4(978 987 1140 1131)
4(986 1139 1140 987)
4(1130 1131 1140 1139)
4(979 988 1141 1132)
4(987 1140 1141 988)
4(1131 1132 1141 1140)
4(988 1141 1142 989)
4(1132 1133 1142 1141)
4(982 991 1144 1135)
4(990 1143 1144 991)
4(1134 1135 1144 1143)
4(983 992 1145 1136)
4(991 1144 1145 992)
4(1135 1136 1145 1144)
4(984 993 1146 1137)
4(992 1145 1146 993)
4(1136 1137 1146 1145)
4(985 994 1147 1138)
4(993 1146 1147 994)
4(1137 1138 1147 1146)
4(986 995 1148 1139)
4(994 1147 1148 995)
4(1138 1139 1148 1147)
4(987 996 1149 1140)
4(995 1148 1149 996)
4(1139 1140 1149 1148)
4(988 997 1150 1141)
4(996 1149 1150 997)
4(1140 1141 1150 1149)
4(997 1150 1151 998)
4(1141 1142 1151 1150)
4(991 1000 1153 1144)
4(999 1152 1153 1000)
4(1143 1144 1153 1152)
4(992 1001 1154 1145)
4(1000 1153 1154 1001)
4(1144 1145 1154 1153)
4(993 1002 1155 1146)
4(1001 1154 1155 1002)
4(1145 1146 1155 1154)
4(994 1003 1156 1147)
4(1002 1155 1156 1003)
4(1146 1147 1156 1155)
4(995 1004 1157 1148)
4(1003 1156 1157 1004)
4(1147 1148 1157 1156)
4(996 1005 1158 1149)
4(1004 1157 1158 1005)
4(1148 1149 1158 1157)
4(997 1006 1159 1150)
4(1005 1158 1159 1006)
4(1149 1150 1159 1158)
4(1006 1159 1160 1007)
4(1150 1151 1160 1159)
4(1000 1009 1162 1153)
4(1008 1161 1162 1009)
4(1152 1153 1162 1161)
4(1001 1010 1163 1154)
4(1009 1162 1163 1010)
4(1153 1154 1163 1162)
4(1002 1011 1164 1155)
4(1010 1163 1164 1011)
4(1154 1155 1164 1163)
4(1003 1012 1165 1156)
4(1011 1164 1165 1012)
4(1155 1156 1165 1164)
4(1004 1013 1166 1157)
4(1012 1165 1166 1013)
4(1156 1157 1166 1165)
4(1005 1014 1167 1158)
4(1013 1166 1167 1014)
4(1157 1158 1167 1166)
4(1006 1015 1168 1159)
4(1014 1167 1168 1015)
4(1158 1159 1168 1167)
4(1015 1168 1169 1016)
4(1159 1160 1169 1168)
4(1009 1018 1171 1162)
4(1017 1170 1171 1018)
4(1161 1162 1171 1170)
4(1010 1019 1172 1163)
4(1018 1171 1172 1019)
4(1162 1163 1172 1171)
4(1011 1020 1173 1164)
4(1019 1172 1173 1020)
4(1163 1164 1173 1172)
4(1012 1021 1174 1165)
4(1020 1173 1174 1021)
4(1164 1165 1174 1173)
4(1013 1022 1175 1166)
4(1021 1174 1175 1022)
4(1165 1166 1175 1174)
4(1014 1023 1176 1167)
4(1022 1175 1176 1023)
4(1166 1167 1176 1175)
4(1015 1024 1177 1168)
4(1023 1176 1177 1024)
4(1167 1168 1177 1176)
4(1024 1177 1178 1025)
4(1168 1169 1178 1177)
4(1018 1027 1180 1171)
4(1026 1179 1180 1027)
4(1170 1171 1180 1179)
4(1019 1028 1181 1172)
4(1027 1180 1181 1028)
4(1171 1172 1181 1180)
4(1020 1029 1182 1173)
4(1028 1181 1182 1029)
4(1172 1173 1182 1181)
4(1021 1030 1183 1174)
4(1029 1182 1183 1030)
4(1173 1174 1183 1182)
4(1022 1031 1184 1175)
4(1030 1183 1184 1031)
4(1174 1175 1184 1183)
4(1023 1032 1185 1176)
4(1031 1184 1185 1032)
4(1175 1176 1185 1184)
4(1024 1033 1186 1177)
4(1032 1185 1186 1033)
4(1176 1177 1186 1185)
4(1033 1186 1187 1034)
4(1177 1178 1187 1186)
4(1027 1036 1189 1180)
4(1035 1188 1189 1036)
4(1179 1180 1189 1188)
4(1028 1037 1190 1181)
4(1036 1189 1190 1037)
4(1180 1181 1190 1189)
4(1029 1038 1191 1182)
4(1037 1190 1191 1038)
4(1181 1182 1191 1190)
4(1030 1039 1192 1183)
4(1038 1191 1192 1039)
4(1182 1183 1192 1191)
4(1031 1040 1193 1184)
4(1039 1192 1193 1040)
4(1183 1184 1193 1192)
4(1032 1041 1194 1185)
4(1040 1193 1194 1041)
4(1184 1185 1194 1193)
4(1033 1042 1195 1186)
4(1041 1194 1195 1042)
4(1185 1186 1195 1194)
4(1042 1195 1196 1043)
4(1186 1187 1196 1195)
4(1036 1045 1198 1189)
4(1044 1197 1198 1045)
4(1188 1189 1198 1197)
4(1037 1046 1199 1190)
4(1045 1198 1199 1046)
4(1189 1190 1199 1198)
4(1038 1047 1200 1191)
4(1046 1199 1200 1047)
4(1190 1191 1200 1199)
4(1039 1048 1201 1192)
4(1047 1200 1201 1048)
4(1191 1192 1201 1200)
4(1040 1049 1202 1193)
4(1048 1201 1202 1049)
4(1192 1193 1202 1201)
4(1041 1050 1203 1194)
4(1049 1202 1203 1050)
4(1193 1194 1203 1202)
4(1042 1051 1204 1195)
4(1050 1203 1204 1051)
4(1194 1195 1204 1203)
4(1051 1204 1205 1052)
4(1195 1196 1205 1204)
4(1045 1054 1207 1198)
4(1053 1206 1207 1054)
4(1197 1198 1207 1206)
4(1046 1055 1208 1199)
4(1054 1207 1208 1055)
4(1198 1199 1208 1207)
4(1047 1056 1209 1200)
4(1055 1208 1209 1056)
4(1199 1200 1209 1208)
4(1048 1057 1210 1201)
4(1056 1209 1210 1057)
4(1200 1201 1210 1209)
4(1049 1058 1211 1202)
4(1057 1210 1211 1058)
4(1201 1202 1211 1210)
4(1050 1059 1212 1203)
4(1058 1211 1212 1059)
4(1202 1203 1212 1211)
4(1051 1060 1213 1204)
4(1059 1212 1213 1060)
4(1203 1204 1213 1212)
4(1060 1213 1214 1061)
4(1204 1205 1214 1213)
4(1054 1063 1216 1207)
4(1206 1207 1216 1215)
4(1055 1064 1217 1208)
4(1207 1208 1217 1216)
4(1056 1065 1218 1209)
4(1208 1209 1218 1217)
4(1057 1066 1219 1210)
4(1209 1210 1219 1218)
4(1058 1067 1220 1211)
4(1210 1211 1220 1219)
4(1059 1068 1221 1212)
4(1211 1212 1221 1220)
4(1060 1069 1222 1213)
4(1212 1213 1222 1221)
4(1213 1214 1223 1222)
4(1072 1081 1234 1225)
4(1080 1233 1234 1081)
4(1073 1082 1235 1226)
4(1081 1234 1235 1082)
4(1074 1083 1236 1227)
4(1082 1235 1236 1083)
4(1075 1084 1237 1228)
4(1083 1236 1237 1084)
4(1076 1085 1238 1229)
4(1084 1237 1238 1085)
4(1077 1086 1239 1230)
4(1085 1238 1239 1086)
4(1078 1087 1240 1231)
4(1086 1239 1240 1087)
4(1087 1240 1241 1088)
4(1081 1090 1243 1234)
4(1089 1242 1243 1090)
4(1082 1091 1244 1235)
4(1090 1243 1244 1091)
4(1083 1092 1245 1236)
4(1091 1244 1245 1092)
4(1084 1093 1246 1237)
4(1092 1245 1246 1093)
4(1085 1094 1247 1238)
4(1093 1246 1247 1094)
4(1086 1095 1248 1239)
4(1094 1247 1248 1095)
4(1087 1096 1249 1240)
4(1095 1248 1249 1096)
4(1096 1249 1250 1097)
4(1090 1099 1252 1243)
4(1098 1251 1252 1099)
4(1091 1100 1253 1244)
4(1099 1252 1253 1100)
4(1092 1101 1254 1245)
4(1100 1253 1254 1101)
4(1093 1102 1255 1246)
4(1101 1254 1255 1102)
4(1094 1103 1256 1247)
4(1102 1255 1256 1103)
4(1095 1104 1257 1248)
4(1103 1256 1257 1104)
4(1096 1105 1258 1249)
4(1104 1257 1258 1105)
4(1105 1258 1259 1106)
4(1099 1108 1261 1252)
4(1107 1260 1261 1108)
4(1100 1109 1262 1253)
4(1108 1261 1262 1109)
4(1101 1110 1263 1254)
4(1109 1262 1263 1110)
4(1102 1111 1264 1255)
4(1110 1263 1264 1111)
4(1103 1112 1265 1256)
4(1111 1264 1265 1112)
4(1104 1113 1266 1257)
4(1112 1265 1266 1113)
4(1105 1114 1267 1258)
4(1113 1266 1267 1114)
4(1114 1267 1268 1115)
4(1108 1117 1270 1261)
4(1116 1269 1270 1117)
4(1109 1118 1271 1262)
4(1117 1270 1271 1118)
4(1110 1119 1272 1263)
4(1118 1271 1272 1119)
4(1111 1120 1273 1264)
4(1119 1272 1273 1120)
4(1112 1121 1274 1265)
4(1120 1273 1274 1121)
4(1113 1122 1275 1266)
4(1121 1274 1275 1122)
4(1114 1123 1276 1267)
4(1122 1275 1276 1123)
4(1123 1276 1277 1124)
4(1117 1126 1279 1270)
4(1125 1278 1279 1126)
4(1118 1127 1280 1271)
4(1126 1279 1280 1127)
4(1119 1128 1281 1272)
4(1127 1280 1281 1128)
4(1120 1129 1282 1273)
4(1128 1281 1282 1129)
4(1121 1130 1283 1274)
4(1129 1282 1283 1130)
4(1122 1131 1284 1275)
4(1130 1283 1284 1131)
4(1123 1132 1285 1276)
4(1131 1284 1285 1132)
4(1132 1285 1286 1133)
4(1126 1135 1288 1279)
4(1134 1287 1288 1135)
4(1127 1136 1289 1280)
4(1135 1288 1289 1136)
4(1128 1137 1290 1281)
4(1136 1289 1290 1137)
4(1129 1138 1291 1282)
4(1137 1290 1291 1138)
4(1130 1139 1292 1283)
4(1138 1291 1292 1139)
4(1131 1140 1293 1284)
4(1139 1292 1293 1140)
4(1132 1141 1294 1285)
4(1140 1293 1294 1141)
4(1141 1294 1295 1142)
4(1135 1144 1297 1288)
4(1143 1296 1297 1144)
4(1136 1145 1298 1289)
4(1144 1297 1298 1145)
4(1137 1146 1299 1290)
4(1145 1298 1299 1146)
4(1138 1147 1300 1291)
4(1146 1299 1300 1147)
4(1139 1148 1301 1292)
4(1147 1300 1301 1148)
4(1140 1149 1302 1293)
4(1148 1301 1302 1149)
4(1141 1150 1303 1294)
4(1149 1302 1303 1150)
4(1150 1303 1304 1151)
4(1144 1153 1306 1297)
4(1152 1305 1306 1153)
4(1145 1154 1307 1298)
4(1153 1306 1307 1154)
4(1146 1155 1308 1299)
4(1154 1307 1308 1155)
4(1147 1156 1309 1300)
4(1155 1308 1309 1156)
4(1148 1157 1310 1301)
4(1156 1309 1310 1157)
4(1149 1158 1311 1302)
4(1157 1310 1311 1158)
4(1150 1159 1312 1303)
4(1158 1311 1312 1159)
4(1159 1312 1313 1160)
4(1153 1162 1315 1306)
4(1161 1314 1315 1162)
4(1154 1163 1316 1307)
4(1162 1315 1316 1163)
4(1155 1164 1317 1308)
4(1163 1316 1317 1164)
4(1156 1165 1318 1309)
4(1164 1317 1318 1165)
4(1157 1166 1319 1310)
4(1165 1318 1319 1166)
4(1158 1167 1320 1311)
4(1166 1319 1320 1167)
4(1159 1168 1321 1312)
4(1167 1320 1321 1168)
4(1168 1321 1322 1169)
4(1162 1171 1324 1315)
4(1170 1323 1324 1171)
4(1163 1172 1325 1316)
4(1171 1324 1325 1172)
4(1164 1173 1326 1317)
4(1172 1325 1326 1173)
4(1165 1174 1327 1318)
4(1173 1326 1327 1174)
4(1166 1175 1328 1319)
4(1174 1327 1328 1175)
4(1167 1176 1329 1320)
4(1175 1328 1329 1176)
4(1168 1177 1330 1321)
4(1176 1329 1330 1177)
4(1177 1330 1331 1178)
4(1171 1180 1333 1324)
4(1179 1332 1333 1180)
4(1172 1181 1334 1325)
4(1180 1333 1334 1181)
4(1173 1182 1335 1326)
4(1181 1334 1335 1182)
4(1174 1183 1336 1327)
4(1182 1335 1336 1183)
4(1175 1184 1337 1328)
4(1183 1336 1337 1184)
4(1176 1185 1338 1329)
4(1184 1337 1338 1185)
4(1177 1186 1339 1330)
4(1185 1338 1339 1186)
4(1186 1339 1340 1187)
4(1180 1189 1342 1333)
4(1188 1341 1342 1189)
4(1181 1190 1343 1334)
4(1189 1342 1343 1190)
4(1182 1191 1344 1335)
4(1190 1343 1344 1191)
4(1183 1192 1345 1336)
4(1191 1344 1345 1192)
4(1184 1193 1346 1337)
4(1192 1345 1346 1193)
4(1185 1194 1347 1338)
4(1193 1346 1347 1194)
4(1186 1195 1348 1339)
4(1194 1347 1348 1195)
4(1195 1348 1349 1196)
4(1189 1198 1351 1342)
4(1197 1350 1351 1198)
4(1190 1199 1352 1343)
4(1198 1351 1352 1199)
4(1191 1200 1353 1344)
4(1199 1352 1353 1200)
4(1192 1201 1354 1345)
4(1200 1353 1354 1201)
4(1193 1202 1355 1346)
4(1201 1354 1355 1202)
4(1194 1203 1356 1347)
4(1202 1355 1356 1203)
4(1195 1204 1357 1348)
4(1203 1356 1357 1204)
4(1204 1357 1358 1205)
4(1198 1207 1360 1351)
4(1206 1359 1360 1207)
4(1199 1208 1361 1352)
4(1207 1360 1361 1208)
4(1200 1209 1362 1353)
4(1208 1361 1362 1209)
4(1201 1210 1363 1354)
4(1209 1362 1363 1210)
4(1202 1211 1364 1355)
4(1210 1363 1364 1211)
4(1203 1212 1365 1356)
4(1211 1364 1365 1212)
4(1204 1213 1366 1357)
4(1212 1365 1366 1213)
4(1213 1366 1367 1214)
4(1207 1216 1369 1360)
4(1208 1217 1370 1361)
4(1209 1218 1371 1362)
4(1210 1219 1372 1363)
4(1211 1220 1373 1364)
4(1212 1221 1374 1365)
4(1213 1222 1375 1366)
4(0 1 154 153)
4(153 154 307 306)
4(306 307 460 459)
4(459 460 613 612)
4(612 613 766 765)
4(765 766 919 918)
4(918 919 1072 1071)
4(1071 1072 1225 1224)
4(1 2 155 154)
4(154 155 308 307)
4(307 308 461 460)
4(460 461 614 613)
4(613 614 767 766)
4(766 767 920 919)
4(919 920 1073 1072)
4(1072 1073 1226 1225)
4(2 3 156 155)
4(155 156 309 308)
4(308 309 462 461)
4(461 462 615 614)
4(614 615 768 767)
4(767 768 921 920)
4(920 921 1074 1073)
4(1073 1074 1227 1226)
4(3 4 157 156)
4(156 157 310 309)
4(309 310 463 462)
4(462 463 616 615)
4(615 616 769 768)
4(768 769 922 921)
4(921 922 1075 1074)
4(1074 1075 1228 1227)
4(4 5 158 157)
4(157 158 311 310)
4(310 311 464 463)
4(463 464 617 616)
4(616 617 770 769)
4(769 770 923 922)
4(922 923 1076 1075)
4(1075 1076 1229 1228)
4(5 6 159 158)
4(158 159 312 311)
4(311 312 465 464)
4(464 465 618 617)
4(617 618 771 770)
4(770 771 924 923)
4(923 924 1077 1076)
4(1076 1077 1230 1229)
4(6 7 160 159)
4(159 160 313 312)
4(312 313 466 465)
4(465 466 619 618)
4(618 619 772 771)
4(771 772 925 924)
4(924 925 1078 1077)
4(1077 1078 1231 1230)
4(7 8 161 160)
4(160 161 314 313)
4(313 314 467 466)
4(466 467 620 619)
4(619 620 773 772)
4(772 773 926 925)
4(925 926 1079 1078)
4(1078 1079 1232 1231)
4(144 297 298 145)
4(297 450 451 298)
4(450 603 604 451)
4(603 756 757 604)
4(756 909 910 757)
4(909 1062 1063 910)
4(1062 1215 1216 1063)
4(1215 1368 1369 1216)
4(145 298 299 146)
4(298 451 452 299)
4(451 604 605 452)
4(604 757 758 605)
4(757 910 911 758)
4(910 1063 1064 911)
4(1063 1216 1217 1064)
4(1216 1369 1370 1217)
4(146 299 300 147)
4(299 452 453 300)
4(452 605 606 453)
4(605 758 759 606)
4(758 911 912 759)
4(911 1064 1065 912)
4(1064 1217 1218 1065)
4(1217 1370 1371 1218)
4(147 300 301 148)
4(300 453 454 301)
4(453 606 607 454)
4(606 759 760 607)
4(759 912 913 760)
4(912 1065 1066 913)
4(1065 1218 1219 1066)
4(1218 1371 1372 1219)
4(148 301 302 149)
4(301 454 455 302)
4(454 607 608 455)
4(607 760 761 608)
4(760 913 914 761)
4(913 1066 1067 914)
4(1066 1219 1220 1067)
4(1219 1372 1373 1220)
4(149 302 303 150)
4(302 455 456 303)
4(455 608 609 456)
4(608 761 762 609)
4(761 914 915 762)
4(914 1067 1068 915)
4(1067 1220 1221 1068)
4(1220 1373 1374 1221)
4(150 303 304 151)
4(303 456 457 304)
4(456 609 610 457)
4(609 762 763 610)
4(762 915 916 763)
4(915 1068 1069 916)
4(1068 1221 1222 1069)
4(1221 1374 1375 1222)
4(151 304 305 152)
4(304 457 458 305)
4(457 610 611 458)
4(610 763 764 611)
4(763 916 917 764)
4(916 1069 1070 917)
4(1069 1222 1223 1070)
4(1222 1375 1376 1223)
4(8 17 170 161)
4(17 26 179 170)
4(26 35 188 179)
4(35 44 197 188)
4(44 53 206 197)
4(53 62 215 206)
4(62 71 224 215)
4(71 80 233 224)
4(80 89 242 233)
4(89 98 251 242)
4(98 107 260 251)
4(107 116 269 260)
4(116 125 278 269)
4(125 134 287 278)
4(134 143 296 287)
4(143 152 305 296)
4(161 170 323 314)
4(170 179 332 323)
4(179 188 341 332)
4(188 197 350 341)
4(197 206 359 350)
4(206 215 368 359)
4(215 224 377 368)
4(224 233 386 377)
4(233 242 395 386)
4(242 251 404 395)
4(251 260 413 404)
4(260 269 422 413)
4(269 278 431 422)
4(278 287 440 431)
4(287 296 449 440)
4(296 305 458 449)
4(314 323 476 467)
4(323 332 485 476)
4(332 341 494 485)
4(341 350 503 494)
4(350 359 512 503)
4(359 368 521 512)
4(368 377 530 521)
4(377 386 539 530)
4(386 395 548 539)
4(395 404 557 548)
4(404 413 566 557)
4(413 422 575 566)
4(422 431 584 575)
4(431 440 593 584)
4(440 449 602 593)
4(449 458 611 602)
4(467 476 629 620)
4(476 485 638 629)
4(485 494 647 638)
4(494 503 656 647)
4(503 512 665 656)
4(512 521 674 665)
4(521 530 683 674)
4(530 539 692 683)
4(539 548 701 692)
4(548 557 710 701)
4(557 566 719 710)
4(566 575 728 719)
4(575 584 737 728)
4(584 593 746 737)
4(593 602 755 746)
4(602 611 764 755)
4(620 629 782 773)
4(629 638 791 782)
4(638 647 800 791)
4(647 656 809 800)
4(656 665 818 809)
4(665 674 827 818)
4(674 683 836 827)
4(683 692 845 836)
4(692 701 854 845)
4(701 710 863 854)
4(710 719 872 863)
4(719 728 881 872)
4(728 737 890 881)
4(737 746 899 890)
4(746 755 908 899)
4(755 764 917 908)
4(773 782 935 926)
4(782 791 944 935)
4(791 800 953 944)
4(800 809 962 953)
4(809 818 971 962)
4(818 827 980 971)
4(827 836 989 980)
4(836 845 998 989)
4(845 854 1007 998)
4(854 863 1016 1007)
4(863 872 1025 1016)
4(872 881 1034 1025)
4(881 890 1043 1034)
4(890 899 1052 1043)
4(899 908 1061 1052)
4(908 917 1070 1061)
4(926 935 1088 1079)
4(935 944 1097 1088)
4(944 953 1106 1097)
4(953 962 1115 1106)
4(962 971 1124 1115)
4(971 980 1133 1124)
4(980 989 1142 1133)
4(989 998 1151 1142)
4(998 1007 1160 1151)
4(1007 1016 1169 1160)
4(1016 1025 1178 1169)
4(1025 1034 1187 1178)
4(1034 1043 1196 1187)
4(1043 1052 1205 1196)
4(1052 1061 1214 1205)
4(1061 1070 1223 1214)
4(1079 1088 1241 1232)
4(1088 1097 1250 1241)
4(1097 1106 1259 1250)
4(1106 1115 1268 1259)
4(1115 1124 1277 1268)
4(1124 1133 1286 1277)
4(1133 1142 1295 1286)
4(1142 1151 1304 1295)
4(1151 1160 1313 1304)
4(1160 1169 1322 1313)
4(1169 1178 1331 1322)
4(1178 1187 1340 1331)
4(1187 1196 1349 1340)
4(1196 1205 1358 1349)
4(1205 1214 1367 1358)
4(1214 1223 1376 1367)
4(1224 1225 1234 1233)
4(1233 1234 1243 1242)
4(1242 1243 1252 1251)
4(1251 1252 1261 1260)
4(1260 1261 1270 1269)
4(1269 1270 1279 1278)
4(1278 1279 1288 1287)
4(1287 1288 1297 1296)
4(1296 1297 1306 1305)
4(1305 1306 1315 1314)
4(1314 1315 1324 1323)
4(1323 1324 1333 1332)
4(1332 1333 1342 1341)
4(1341 1342 1351 1350)
4(1350 1351 1360 1359)
4(1359 1360 1369 1368)
4(1225 1226 1235 1234)
4(1234 1235 1244 1243)
4(1243 1244 1253 1252)
4(1252 1253 1262 1261)
4(1261 1262 1271 1270)
4(1270 1271 1280 1279)
4(1279 1280 1289 1288)
4(1288 1289 1298 1297)
4(1297 1298 1307 1306)
4(1306 1307 1316 1315)
4(1315 1316 1325 1324)
4(1324 1325 1334 1333)
4(1333 1334 1343 1342)
4(1342 1343 1352 1351)
4(1351 1352 1361 1360)
4(1360 1361 1370 1369)
4(1226 1227 1236 1235)
4(1235 1236 1245 1244)
4(1244 1245 1254 1253)
4(1253 1254 1263 1262)
4(1262 1263 1272 1271)
4(1271 1272 1281 1280)
4(1280 1281 1290 1289)
4(1289 1290 1299 1298)
4(1298 1299 1308 1307)
4(1307 1308 1317 1316)
4(1316 1317 1326 1325)
4(1325 1326 1335 1334)
4(1334 1335 1344 1343)
4(1343 1344 1353 1352)
4(1352 1353 1362 1361)
4(1361 1362 1371 1370)
4(1227 1228 1237 1236)
4(1236 1237 1246 1245)
4(1245 1246 1255 1254)
4(1254 1255 1264 1263)
4(1263 1264 1273 1272)
4(1272 1273 1282 1281)
4(1281 1282 1291 1290)
4(1290 1291 1300 1299)
4(1299 1300 1309 1308)
4(1308 1309 1318 1317)
4(1317 1318 1327 1326)
4(1326 1327 1336 1335)
4(1335 1336 1345 1344)
4(1344 1345 1354 1353)
4(1353 1354 1363 1362)
4(1362 1363 1372 1371)
4(1228 1229 1238 1237)
4(1237 1238 1247 1246)
4(1246 1247 1256 1255)
4(1255 1256 1265 1264)
4(1264 1265 1274 1273)
4(1273 1274 1283 1282)
4(1282 1283 1292 1291)
4(1291 1292 1301 1300)
4(1300 1301 1310 1309)
4(1309 1310 1319 1318)
4(1318 1319 1328 1327)
4(1327 1328 1337 1336)
4(1336 1337 1346 1345)
4(1345 1346 1355 1354)
4(1354 1355 1364 1363)
4(1363 1364 1373 1372)
4(1229 1230 1239 1238)
4(1238 1239 1248 1247)
4(1247 1248 1257 1256)
4(1256 1257 1266 1265)
4(1265 1266 1275 1274)
4(1274 1275 1284 1283)
4(1283 1284 1293 1292)
4(1292 1293 1302 1301)
4(1301 1302 1311 1310)
4(1310 1311 1320 1319)
4(1319 1320 1329 1328)
4(1328 1329 1338 1337)
4(1337 1338 1347 1346)
4(1346 1347 1356 1355)
4(1355 1356 1365 1364)
4(1364 1365 1374 1373)
4(1230 1231 1240 1239)
4(1239 1240 1249 1248)
4(1248 1249 1258 1257)
4(1257 1258 1267 1266)
4(1266 1267 1276 1275)
4(1275 1276 1285 1284)
4(1284 1285 1294 1293)
4(1293 1294 1303 1302)
4(1302 1303 1312 1311)
4(1311 1312 1321 1320)
4(1320 1321 1330 1329)
4(1329 1330 1339 1338)
4(1338 1339 1348 1347)
4(1347 1348 1357 1356)
4(1356 1357 1366 1365)
4(1365 1366 1375 1374)
4(1231 1232 1241 1240)
4(1240 1241 1250 1249)
4(1249 1250 1259 1258)
4(1258 1259 1268 1267)
4(1267 1268 1277 1276)
4(1276 1277 1286 1285)
4(1285 1286 1295 1294)
4(1294 1295 1304 1303)
4(1303 1304 1313 1312)
4(1312 1313 1322 1321)
4(1321 1322 1331 1330)
4(1330 1331 1340 1339)
4(1339 1340 1349 1348)
4(1348 1349 1358 1357)
4(1357 1358 1367 1366)
4(1366 1367 1376 1375)
4(0 153 162 9)
4(9 162 171 18)
4(18 171 180 27)
4(27 180 189 36)
4(36 189 198 45)
4(45 198 207 54)
4(54 207 216 63)
4(63 216 225 72)
4(72 225 234 81)
4(81 234 243 90)
4(90 243 252 99)
4(99 252 261 108)
4(108 261 270 117)
4(117 270 279 126)
4(126 279 288 135)
4(135 288 297 144)
4(153 306 315 162)
4(162 315 324 171)
4(171 324 333 180)
4(180 333 342 189)
4(189 342 351 198)
4(198 351 360 207)
4(207 360 369 216)
4(216 369 378 225)
4(225 378 387 234)
4(234 387 396 243)
4(243 396 405 252)
4(252 405 414 261)
4(261 414 423 270)
4(270 423 432 279)
4(279 432 441 288)
4(288 441 450 297)
4(306 459 468 315)
4(315 468 477 324)
4(324 477 486 333)
4(333 486 495 342)
4(342 495 504 351)
4(351 504 513 360)
4(360 513 522 369)
4(369 522 531 378)
4(378 531 540 387)
4(387 540 549 396)
4(396 549 558 405)
4(405 558 567 414)
4(414 567 576 423)
4(423 576 585 432)
4(432 585 594 441)
4(441 594 603 450)
4(459 612 621 468)
4(468 621 630 477)
4(477 630 639 486)
4(486 639 648 495)
4(495 648 657 504)
4(504 657 666 513)
4(513 666 675 522)
4(522 675 684 531)
4(531 684 693 540)
4(540 693 702 549)
4(549 702 711 558)
4(558 711 720 567)
4(567 720 729 576)
4(576 729 738 585)
4(585 738 747 594)
4(594 747 756 603)
4(612 765 774 621)
4(621 774 783 630)
4(630 783 792 639)
4(639 792 801 648)
4(648 801 810 657)
4(657 810 819 666)
4(666 819 828 675)
4(675 828 837 684)
4(684 837 846 693)
4(693 846 855 702)
4(702 855 864 711)
4(711 864 873 720)
4(720 873 882 729)
4(729 882 891 738)
4(738 891 900 747)
4(747 900 909 756)
4(765 918 927 774)
4(774 927 936 783)
4(783 936 945 792)
4(792 945 954 801)
4(801 954 963 810)
4(810 963 972 819)
4(819 972 981 828)
4(828 981 990 837)
4(837 990 999 846)
4(846 999 1008 855)
4(855 1008 1017 864)
4(864 1017 1026 873)
4(873 1026 1035 882)
4(882 1035 1044 891)
4(891 1044 1053 900)
4(900 1053 1062 909)
4(918 1071 1080 927)
4(927 1080 1089 936)
4(936 1089 1098 945)
4(945 1098 1107 954)
4(954 1107 1116 963)
4(963 1116 1125 972)
4(972 1125 1134 981)
4(981 1134 1143 990)
4(990 1143 1152 999)
4(999 1152 1161 1008)
4(1008 1161 1170 1017)
4(1017 1170 1179 1026)
4(1026 1179 1188 1035)
4(1035 1188 1197 1044)
4(1044 1197 1206 1053)
4(1053 1206 1215 1062)
4(1071 1224 1233 1080)
4(1080 1233 1242 1089)
4(1089 1242 1251 1098)
4(1098 1251 1260 1107)
4(1107 1260 1269 1116)
4(1116 1269 1278 1125)
4(1125 1278 1287 1134)
4(1134 1287 1296 1143)
4(1143 1296 1305 1152)
4(1152 1305 1314 1161)
4(1161 1314 1323 1170)
4(1170 1323 1332 1179)
4(1179 1332 1341 1188)
4(1188 1341 1350 1197)
4(1197 1350 1359 1206)
4(1206 1359 1368 1215)
4(0 9 10 1)
4(9 18 19 10)
4(18 27 28 19)
4(27 36 37 28)
4(36 45 46 37)
4(45 54 55 46)
4(54 63 64 55)
4(63 72 73 64)
4(72 81 82 73)
4(81 90 91 82)
4(90 99 100 91)
4(99 108 109 100)
4(108 117 118 109)
4(117 126 127 118)
4(126 135 136 127)
4(135 144 145 136)
4(1 10 11 2)
4(10 19 20 11)
4(19 28 29 20)
4(28 37 38 29)
4(37 46 47 38)
4(46 55 56 47)
4(55 64 65 56)
4(64 73 74 65)
4(73 82 83 74)
4(82 91 92 83)
4(91 100 101 92)
4(100 109 110 101)
4(109 118 119 110)
4(118 127 128 119)
4(127 136 137 128)
4(136 145 146 137)
4(2 11 12 3)
4(11 20 21 12)
4(20 29 30 21)
4(29 38 39 30)
4(38 47 48 39)
4(47 56 57 48)
4(56 65 66 57)
4(65 74 75 66)
4(74 83 84 75)
4(83 92 93 84)
4(92 101 102 93)
4(101 110 111 102)
4(110 119 120 111)
4(119 128 129 120)
4(128 137 138 129)
4(137 146 147 138)
4(3 12 13 4)
4(12 21 22 13)
4(21 30 31 22)
4(30 39 40 31)
4(39 48 49 40)
4(48 57 58 49)
4(57 66 67 58)
4(66 75 76 67)
4(75 84 85 76)
4(84 93 94 85)
4(93 102 103 94)
4(102 111 112 103)
4(111 120 121 112)
4(120 129 130 121)
4(129 138 139 130)
4(138 147 148 139)
4(4 13 14 5)
4(13 22 23 14)
4(22 31 32 23)
4(31 40 41 32)
4(40 49 50 41)
4(49 58 59 50)
4(58 67 68 59)
4(67 76 77 68)
4(76 85 86 77)
4(85 94 95 86)
4(94 103 104 95)
4(103 112 113 104)
4(112 121 122 113)
4(121 130 131 122)
4(130 139 140 131)
4(139 148 149 140)
4(5 14 15 6)
4(14 23 24 15)
4(23 32 33 24)
4(32 41 42 33)
4(41 50 51 42)
4(50 59 60 51)
4(59 68 69 60)
4(68 77 78 69)
4(77 86 87 78)
4(86 95 96 87)
4(95 104 105 96)
4(104 113 114 105)
4(113 122 123 114)
4(122 131 132 123)
4(131 140 141 132)
4(140 149 150 141)
4(6 15 16 7)
4(15 24 25 16)
4(24 33 34 25)
4(33 42 43 34)
4(42 51 52 43)
4(51 60 61 52)
4(60 69 70 61)
4(69 78 79 70)
4(78 87 88 79)
4(87 96 97 88)
4(96 105 106 97)
4(105 114 115 106)
4(114 123 124 115)
4(123 132 133 124)
4(132 141 142 133)
4(141 150 151 142)
4(7 16 17 8)
4(16 25 26 17)
4(25 34 35 26)
4(34 43 44 35)
4(43 52 53 44)
4(52 61 62 53)
4(61 70 71 62)
4(70 79 80 71)
4(79 88 89 80)
4(88 97 98 89)
4(97 106 107 98)
4(106 115 116 107)
4(115 124 125 116)
4(124 133 134 125)
4(133 142 143 134)
4(142 151 152 143)
)


// ************************************************************************* //
