/*--------------------------------*- C++ -*----------------------------------*\
  =========                 |
  \\      /  F ield         | OpenFOAM: The Open Source CFD Toolbox
   \\    /   O peration     | Website:  https://openfoam.org
    \\  /    A nd           | Version:  6
     \\/     M anipulation  |
\*---------------------------------------------------------------------------*/
FoamFile
{
    version     2.0;
    format      ascii;
    class       surfaceScalarField;
    location    "0.2";
    object      phi;
}
// * * * * * * * * * * * * * * * * * * * * * * * * * * * * * * * * * * * * * //

dimensions      [0 3 -1 0 0 0 0];

internalField   nonuniform List<scalar> 
8239
(
0.0372683
0.0325298
0.0372682
0.031548
0.0252017
0.0343747
0.0263001
0.0199093
0.0299102
0.0107332
0.0131667
0.00775586
-0.0107334
0.0114171
0.00545346
-0.0263003
0.0131667
0.00775586
-0.0315481
0.0199093
0.0299102
-0.0372683
0.0252017
0.0343747
0.0325298
0.0372682
0.0331504
0.0547157
0.0331503
0.0262371
0.0426457
0.0308085
0.0219629
0.0343226
0.0271881
0.00900241
0.0231983
0.00645543
-0.00900254
0.0204276
0.0045767
-0.021963
0.0231983
0.00645543
-0.0262373
0.0343227
0.0271881
-0.0331504
0.0426457
0.0308085
0.0547157
0.0331503
0.00893772
0.0510414
0.00893772
0.0122035
0.0425607
0.00781683
0.0101102
0.035815
0.0061162
0.00397178
0.0278258
0.00378758
-0.00397194
0.0256143
0.00302242
-0.0101103
0.0278258
0.00378758
-0.0122036
0.035815
0.00611621
-0.00893778
0.0425608
0.00781683
0.0510414
0.00893771
0.00401798
0.0393285
0.00401795
0.00574133
0.0360406
0.00354767
0.00481035
0.0324083
0.00283957
0.00186874
0.0290761
0.00208116
-0.00186891
0.0279162
0.00179709
-0.0048105
0.0290761
0.00208116
-0.00574143
0.0324083
0.00283957
-0.00401802
0.0360406
0.00354768
0.0393284
0.00401794
0.00186309
0.0341912
0.00186306
0.00273794
0.0328034
0.00167483
0.00232696
0.0310096
0.00139158
0.000904675
0.0294729
0.00112125
-0.00090485
0.0288988
0.00101574
-0.00232711
0.0294729
0.00112125
-0.00273805
0.0310096
0.00139158
-0.00186314
0.0328035
0.00167483
0.0341912
0.00186306
0.00088463
0.0318295
0.000884603
0.00132227
0.0312079
0.000810651
0.00113698
0.0303379
0.000699102
0.000443714
0.0295992
0.000597977
-0.000443891
0.0293161
0.000558124
-0.00113714
0.0295992
0.00059798
-0.00132238
0.0303379
0.000699106
-0.000884679
0.0312079
0.000810655
0.0318295
0.000884599
0.000427072
0.0307109
0.000427045
0.000644802
0.0304201
0.000398409
0.000558986
0.0299956
0.000355084
0.00021893
0.0296325
0.00031665
-0.000219108
0.0294917
0.000301488
-0.000559143
0.0296325
0.000316652
-0.00064491
0.0299956
0.000355089
-0.000427119
0.0304201
0.000398415
0.0307109
0.000427043
0.000207452
0.0301739
0.000207427
0.000314959
0.0300314
0.000197005
0.000274384
0.0298181
0.000181207
0.000107707
0.0296333
0.000167319
-0.000107884
0.0295609
0.000161847
-0.00027454
0.0296333
0.000167321
-0.000315067
0.0298181
0.000181212
-0.000207499
0.0300314
0.00019701
0.0301739
0.000207425
9.81628e-05
0.0299218
9.81411e-05
0.000149155
0.0298444
9.60266e-05
0.00012996
0.0297251
9.28556e-05
5.09739e-05
0.0296187
9.01183e-05
-5.11486e-05
0.029576
8.9059e-05
-0.000130113
0.0296187
9.01209e-05
-0.000149263
0.0297251
9.28609e-05
-9.82116e-05
0.0298444
9.60325e-05
0.0299218
9.81403e-05
3.81277e-05
0.0298244
3.81083e-05
5.67374e-05
0.0297679
4.22387e-05
4.81224e-05
0.0296746
4.86487e-05
1.84779e-05
0.0295837
5.44551e-05
-1.86496e-05
0.029544
5.68382e-05
-4.82725e-05
0.0295837
5.44579e-05
-5.68421e-05
0.0296746
4.86535e-05
-3.81752e-05
0.0297679
4.22439e-05
0.0298244
3.81073e-05
-6.54909e-06
0.0298401
-6.56571e-06
-1.48948e-05
0.0297713
7.50487e-06
-1.84711e-05
0.0296431
2.93106e-05
-8.85899e-06
0.0294986
4.92341e-05
8.69131e-06
0.0294249
5.75643e-05
1.83242e-05
0.0294986
4.92368e-05
1.47916e-05
0.0296432
2.93157e-05
6.50168e-06
0.0297713
7.51085e-06
0.0298402
-6.56513e-06
-6.35268e-05
0.0299936
-6.35405e-05
-0.000113302
0.0298727
-2.70372e-05
-0.000118238
0.0296185
2.97899e-05
-5.22419e-05
0.0292836
8.32046e-05
5.20796e-05
0.0290734
0.000106794
0.000118096
0.0292836
8.32073e-05
0.000113202
0.0296185
2.97945e-05
6.34811e-05
0.0298727
-2.70321e-05
0.0299937
-6.35404e-05
-0.000170784
0.030389
-0.000170795
-0.000314468
0.0301588
-8.0575e-05
-0.000343011
0.0296093
6.09276e-05
-0.000156421
0.0287433
0.000201181
0.000156265
0.0280126
0.000270461
0.000342874
0.0287433
0.000201183
0.000314372
0.0296093
6.09325e-05
0.000170739
0.0301588
-8.05692e-05
0.0303891
-0.000170793
-0.000395381
0.031245
-0.000395389
-0.000777968
0.0308402
-0.000179254
-0.000927937
0.0297187
0.000163365
-0.000449808
0.0274814
0.000536129
0.00044966
0.0245347
0.000763041
0.000927807
0.0274814
0.000536132
0.000777877
0.0297187
0.000163369
0.000395339
0.0308402
-0.000179249
0.0312451
-0.000395388
-0.000848924
0.0329108
-0.00084893
-0.00184497
0.0323367
-0.000355829
-0.00254553
0.0304439
0.00043711
-0.0013556
0.0252908
0.00144497
0.00135545
0.0116781
0.00231453
0.00254541
0.0252908
0.00144497
0.00184488
0.0304439
0.000437115
0.000848885
0.0323367
-0.000355824
0.0329109
-0.000848927
-0.00164846
0.0357249
-0.00164846
-0.0041325
0.0352398
-0.000623961
-0.00726822
0.0334328
0.00105334
-0.00443471
0.0275017
0.00376868
0.00443458
0.00694952
0.00772059
0.0072681
0.0275017
0.00376868
0.00413242
0.0334328
0.00105334
0.00164842
0.0352398
-0.000623956
0.035725
-0.00164846
-0.00263692
0.0395093
-0.00263692
-0.00800322
0.0395082
-0.000895165
-0.0220169
0.0395066
0.00201109
-0.0161365
0.0395051
0.0085681
0.0161364
0.0395046
0.0793151
0.0220169
0.0395051
0.0085681
0.00800314
0.0395066
0.0020111
0.00263689
0.0395082
-0.000895159
0.0395093
-0.00263692
-0.00263778
0.0432958
-0.00263777
-0.00800453
0.0437783
-0.000896029
-0.0220181
0.0455813
0.00201022
-0.016137
0.0515088
0.0085672
0.0161369
0.0720596
0.079314
0.022018
0.0515088
0.0085672
0.00800446
0.0455814
0.00201022
0.00263774
0.0437783
-0.000896024
0.0432958
-0.00263777
-0.0016514
0.0461173
-0.00165139
-0.004137
0.0466872
-0.00062694
-0.00727217
0.0485733
0.00105028
-0.00443626
0.0537207
0.00376556
0.00443615
0.0673312
0.00771744
0.00727208
0.0537207
0.00376556
0.00413694
0.0485734
0.00105029
0.00165137
0.0466872
-0.000626935
0.0461173
-0.00165139
-0.000855281
0.0477992
-0.000855268
-0.0018547
0.0481962
-0.000362298
-0.00255407
0.0493056
0.000430441
-0.00135895
0.0515323
0.00143812
0.00135886
0.0544749
0.0023076
0.002554
0.0515323
0.00143812
0.00185465
0.0493056
0.000430444
0.000855255
0.0481962
-0.000362295
0.0477992
-0.000855268
-0.000407999
0.048687
-0.000407983
-0.000797278
0.0489024
-0.000192181
-0.000944894
0.0494292
0.000149924
-0.000456478
0.0502753
0.000522236
0.000456408
0.0509981
0.000748969
0.000944833
0.0502753
0.000522237
0.000797234
0.0494292
0.000149927
0.000407975
0.0489024
-0.000192177
0.048687
-0.000407978
-0.000195233
0.0491438
-0.000195214
-0.000351888
0.0492368
-0.000105847
-0.000375875
0.0494481
3.43436e-05
-0.000169361
0.0497454
0.000173446
0.000169307
0.0499409
0.000242273
0.000375829
0.0497454
0.000173446
0.000351853
0.0494481
3.43456e-05
0.000195214
0.0492368
-0.000105844
0.0491439
-0.000195209
-0.000110404
0.0494148
-0.000110381
-0.000185042
0.0494312
-7.60571e-05
-0.000181237
0.049479
-2.25749e-05
-7.70637e-05
0.0495533
2.79138e-05
7.70243e-05
0.0495994
5.03527e-05
0.000181202
0.0495533
2.79148e-05
0.000185017
0.049479
-2.25726e-05
0.000110388
0.0494312
-7.60536e-05
0.0494149
-0.000110375
-9.56528e-05
0.0496532
-9.5626e-05
-0.000151212
0.0496126
-8.71175e-05
-0.000138115
0.0495576
-7.38452e-05
-5.60045e-05
0.0495193
-6.13555e-05
5.5982e-05
0.0495083
-5.59361e-05
0.000138097
0.0495193
-6.13548e-05
0.000151198
0.0495577
-7.38439e-05
9.5643e-05
0.0496126
-8.71153e-05
0.0496533
-9.56204e-05
-0.00012949
0.0499727
-0.000129459
-0.000199529
0.0498746
-0.000139506
-0.00017656
0.0497257
-0.000154905
-7.00094e-05
0.0496002
-0.000167964
7.00021e-05
0.0495525
-0.000172918
0.000176554
0.0496002
-0.000167963
0.000199523
0.0497258
-0.000154904
0.000129483
0.0498746
-0.000139503
0.0499728
-0.000129452
-0.000212713
0.0504886
-0.000212679
-0.000325615
0.050324
-0.000250848
-0.000285484
0.0500683
-0.000309965
-0.000112403
0.0498526
-0.000360469
0.000112414
0.0497706
-0.000379889
0.000285494
0.0498526
-0.000360468
0.00032562
0.0500683
-0.000309964
0.000212712
0.0503241
-0.000250846
0.0504886
-0.000212672
-0.000357555
0.0513335
-0.000357517
-0.000546438
0.0511145
-0.0004591
-0.000476775
0.0507591
-0.000619388
-0.000186828
0.0504722
-0.000753605
0.000186855
0.0503672
-0.00080439
0.0004768
0.0504722
-0.000753605
0.000546452
0.0507591
-0.000619388
0.000357556
0.0511146
-0.000459098
0.0513335
-0.000357509
-0.000569458
0.0526164
-0.000569418
-0.000870395
0.052456
-0.000825067
-0.00075434
0.0521387
-0.00124631
-0.000293225
0.051927
-0.00158442
0.000293269
0.0518623
-0.00170845
0.00075438
0.051927
-0.00158442
0.00087042
0.0521387
-0.00124631
0.000569465
0.0524561
-0.000825066
0.0526165
-0.000569411
-0.000794203
0.05422
-0.000794163
-0.00121837
0.0545181
-0.0014123
-0.0010421
0.0547994
-0.00253536
-0.00039786
0.0551709
-0.00336327
0.000397921
0.0553443
-0.00365147
0.00104215
0.0551709
-0.00336327
0.0012184
0.0547994
-0.00253536
0.000794212
0.0545182
-0.00141229
0.05422
-0.000794152
-0.000770814
0.0552272
-0.000770774
-0.00120522
0.0568763
-0.00213933
-0.000994474
0.0592945
-0.00524136
-0.000358549
0.0613956
-0.00716247
0.000358625
0.0622043
-0.00777746
0.000994541
0.0613956
-0.00716247
0.00120526
0.0592945
-0.00524136
0.000770823
0.0568764
-0.00213933
0.0552272
-0.000770757
0.000284757
0.0529362
0.000284801
0.000348635
0.0565854
-0.00202056
0.000395697
0.0624984
-0.0110979
0.000212374
0.0671097
-0.0149562
-0.000212285
0.0687781
-0.016056
-0.000395622
0.0671097
-0.0149562
-0.000348593
0.0624984
-0.0110979
-0.00028475
0.0565854
-0.00202055
0.0529362
0.000284819
0.00386663
0.0433468
0.00386667
0.00581437
0.0478754
0.00437542
0.00499687
0.0554018
0.00282695
0.00194107
0.0609135
0.0032718
-0.00194098
0.0628402
0.00343408
-0.00499679
0.0609135
0.0032718
-0.00581432
0.0554019
0.00282695
-0.00386662
0.0478754
0.00437543
0.0433469
0.00386669
0.00885872
0.0247004
0.00885873
0.0134156
0.0277274
0.0151352
0.0112083
0.0327006
0.0334152
0.00419244
0.0361783
0.042057
-0.00419235
0.0373657
0.0445202
-0.0112082
0.0361783
0.042057
-0.0134155
0.0327006
0.0334152
-0.00885868
0.0277274
0.0151352
0.0247004
0.00885874
0.0118763
0.0118763
0.0178405
0.0208059
0.0146606
0.0456082
0.00539932
0.053655
-0.00539923
0.0556137
-0.0146605
0.053655
-0.0178405
0.0456081
-0.0118763
0.0208059
0.0118763
0.0343747
0.0252017
0.031548
0.0238866
0.0184237
0.0238865
0.0159566
0.0143556
0.0177326
0.00586371
0.0113086
0.00946005
-0.00586389
0.0103244
0.00717892
-0.0159567
0.0113086
0.00946005
-0.0238867
0.0143556
0.0177326
-0.0343748
0.0184237
0.0238865
0.0252017
0.031548
0.0308085
0.0426457
0.0262371
0.019821
0.0314277
0.0198209
0.0131644
0.025045
0.014838
0.00484666
0.0202487
0.00792439
-0.00484682
0.01871
0.00607343
-0.0131645
0.0202487
0.00792439
-0.0198211
0.0250451
0.014838
-0.0308086
0.0314277
0.0198209
0.0426457
0.0262371
0.00781684
0.0425608
0.0122034
0.00999095
0.034761
0.00999091
0.00760242
0.0294576
0.00756516
0.00284953
0.0254252
0.00505025
-0.0028497
0.0240761
0.00418554
-0.00760257
0.0254252
0.00505026
-0.00999106
0.0294576
0.00756517
-0.0078169
0.034761
0.00999092
0.0425607
0.0122035
0.0035477
0.0360406
0.00574127
0.00493691
0.0331018
0.00493685
0.00400457
0.0301002
0.0039008
0.00152581
0.0277572
0.00294147
-0.00152598
0.0269156
0.00258207
-0.00400472
0.0277572
0.00294148
-0.00493702
0.0301002
0.00390081
-0.00354776
0.0331018
0.00493687
0.0360406
0.00574129
0.00167486
0.0328035
0.00273789
0.00243606
0.031568
0.002436
0.00204484
0.0300254
0.00201471
0.000788815
0.0287808
0.001641
-0.00078899
0.028316
0.00149674
-0.00204499
0.0287808
0.00164101
-0.00243617
0.0300254
0.00201473
-0.00167491
0.031568
0.00243602
0.0328034
0.00273791
0.000810678
0.0312079
0.00132222
0.001207
0.0306487
0.00120695
0.00103298
0.029877
0.00103931
0.000401891
0.0292363
0.000892736
-0.000402068
0.0289918
0.000835546
-0.00103313
0.0292363
0.000892744
-0.00120712
0.029877
0.00103933
-0.000810736
0.0306487
0.00120697
0.0312079
0.00132224
0.000398437
0.0304201
0.000644754
0.000600711
0.0301547
0.000600661
0.000519852
0.0297694
0.000535123
0.000203361
0.0294426
0.000478019
-0.000203538
0.0293162
0.000455646
-0.000520008
0.0294426
0.000478028
-0.000600824
0.0297694
0.000535139
-0.000398493
0.0301547
0.000600683
0.0304201
0.000644771
0.00019703
0.0300314
0.000314916
0.000298997
0.0299005
0.000298952
0.000260322
0.029705
0.000274969
0.000102143
0.0295362
0.000254082
-0.000102319
0.0294702
0.000245889
-0.000260478
0.0295362
0.000254091
-0.00029911
0.029705
0.000274986
-0.000197086
0.0299005
0.000298972
0.0300314
0.000314933
9.60488e-05
0.0298444
0.000149116
0.000145951
0.0297756
0.000145911
0.000127177
0.0296698
0.000141124
4.98838e-05
0.0295755
0.000137012
-5.00579e-05
0.0295378
0.000135423
-0.00012733
0.0295755
0.00013702
-0.000146063
0.0296698
0.000141141
-9.61043e-05
0.0297756
0.000145932
0.0298444
0.000149134
4.22584e-05
0.0297679
5.67028e-05
6.31717e-05
0.029725
6.31363e-05
5.39209e-05
0.029653
7.30244e-05
2.0813e-05
0.0295824
8.18854e-05
-2.09842e-05
0.0295518
8.54879e-05
-5.40712e-05
0.0295825
8.1894e-05
-6.32805e-05
0.029653
7.30403e-05
-4.23124e-05
0.029725
6.31563e-05
0.0297679
5.67202e-05
7.5218e-06
0.0297713
-1.49242e-05
7.10753e-06
0.0297324
7.07726e-06
1.527e-06
0.0296527
4.06782e-05
-7.40302e-07
0.0295579
7.08633e-05
5.73493e-07
0.0295096
8.32777e-05
-1.67352e-06
0.0295579
7.08717e-05
-7.21383e-06
0.0296527
4.06937e-05
-7.57492e-06
0.0297324
7.0975e-06
0.0297713
-1.49058e-05
-2.70231e-05
0.0298727
-0.000113326
-5.53835e-05
0.0298213
-5.54084e-05
-6.41539e-05
0.0296837
3.23278e-05
-2.97607e-05
0.0294841
0.000112224
2.95991e-05
0.0293622
0.000146322
6.40122e-05
0.0294841
0.000112232
5.52811e-05
0.0296837
3.23427e-05
2.69722e-05
0.0298213
-5.53893e-05
0.0298727
-0.000113308
-8.05641e-05
0.0301588
-0.000314487
-0.000167277
0.0300825
-0.000167296
-0.000197977
0.0298074
5.18001e-05
-9.32965e-05
0.0293294
0.000256357
9.31415e-05
0.0289684
0.000350566
0.000197841
0.0293294
0.000256365
0.000167178
0.0298074
5.18145e-05
8.05143e-05
0.0300825
-0.000167277
0.0301588
-0.000314469
-0.000179246
0.0308402
-0.000777981
-0.000407085
0.0307415
-0.000407098
-0.000523356
0.0302187
0.000125271
-0.000258741
0.0291196
0.000644217
0.000258593
0.0280197
0.000920998
0.000523226
0.0291196
0.000644224
0.000406991
0.0302188
0.000125284
0.000179199
0.0307415
-0.000407081
0.0308402
-0.000777965
-0.000355824
0.0323367
-0.00184498
-0.00091994
0.0322487
-0.000919943
-0.00133092
0.0314405
0.000316823
-0.000703371
0.029349
0.00161336
0.000703229
0.0263245
0.00251357
0.0013308
0.029349
0.00161336
0.000919851
0.0314406
0.000316836
0.00035578
0.0322487
-0.000919928
0.0323367
-0.00184496
-0.00062396
0.0352398
-0.0041325
-0.00189765
0.0351964
-0.00189765
-0.00321139
0.0344717
0.000727084
-0.00184777
0.0323304
0.00382508
0.00184764
0.0285616
0.00715672
0.00321127
0.0323304
0.00382509
0.00189757
0.0344717
0.000727092
0.000623921
0.0351965
-0.00189763
0.0352398
-0.00413249
-0.00089517
0.0395082
-0.00800322
-0.00322519
0.0395071
-0.00322518
-0.00665863
0.0395054
0.00133006
-0.00423039
0.039504
0.00774674
0.00423027
0.0395034
0.0217188
0.00665853
0.039504
0.00774675
0.00322511
0.0395054
0.00133006
0.000895131
0.0395071
-0.00322517
0.0395082
-0.00800321
-0.00089603
0.0437783
-0.00800453
-0.00322651
0.0438189
-0.0032265
-0.0066598
0.0445395
0.00132871
-0.00423084
0.0466772
0.00774537
0.00423073
0.0504447
0.0217174
0.0066597
0.0466772
0.00774537
0.00322644
0.0445395
0.00132872
0.000895996
0.0438189
-0.00322648
0.0437783
-0.00800447
-0.000626948
0.0466872
-0.00413699
-0.00190222
0.0467706
-0.0019022
-0.0032154
0.0475721
0.000722413
-0.00184934
0.0496577
0.00382031
0.00184925
0.0526799
0.00715191
0.00321532
0.0496577
0.00382031
0.00190216
0.0475721
0.000722424
0.00062692
0.0467707
-0.00190219
0.0466872
-0.00413697
-0.00036231
0.0481962
-0.00185467
-0.000929863
0.0482866
-0.000929839
-0.00133963
0.0487969
0.000306621
-0.000706791
0.0498851
0.00160289
0.000706709
0.0509807
0.00250299
0.00133956
0.0498851
0.00160289
0.000929813
0.0487969
0.000306628
0.000362284
0.0482867
-0.000929831
0.0481962
-0.00185467
-0.000192197
0.0489024
-0.000797249
-0.000426907
0.048963
-0.000426877
-0.000540765
0.0492143
0.000104704
-0.000265589
0.0496714
0.000622957
0.00026552
0.0500242
0.000899463
0.000540705
0.0496714
0.00062296
0.000426863
0.0492143
0.00010471
0.000192174
0.0489631
-0.000426868
0.0489024
-0.000797238
-0.000105866
0.0492368
-0.000351851
-0.000206007
0.0492582
-0.000205969
-0.000231993
0.04935
1.11177e-05
-0.000106691
0.0495096
0.000213912
0.000106638
0.0496158
0.000307426
0.000231947
0.0495096
0.000213915
0.000205974
0.0493501
1.11227e-05
0.000105849
0.0492583
-0.000205963
0.0492368
-0.000351843
-7.60805e-05
0.0494312
-0.000184999
-0.000130463
0.0494128
-0.000130418
-0.000130081
0.0494048
-4.77996e-05
-5.57364e-05
0.0494231
2.76198e-05
5.56981e-05
0.0494414
5.99564e-05
0.000130049
0.0494231
2.76218e-05
0.00013044
0.0494049
-4.77957e-05
7.60681e-05
0.0494128
-0.000130413
0.0494312
-0.00018499
-8.71448e-05
0.0496126
-0.000151162
-0.000137719
0.0495464
-0.000137666
-0.000125565
0.0494515
-0.000117112
-5.08138e-05
0.049377
-9.82958e-05
5.07917e-05
0.0493509
-9.03347e-05
0.000125547
0.049377
-9.82942e-05
0.000137706
0.0494515
-0.00011711
8.7138e-05
0.0495465
-0.000137663
0.0496126
-0.000151156
-0.000139537
0.0498746
-0.000199471
-0.000214759
0.0497376
-0.0002147
-0.00018966
0.049528
-0.000238144
-7.50786e-05
0.0493508
-0.000258129
7.50729e-05
0.0492832
-0.00026575
0.000189656
0.0493508
-0.000258128
0.000214756
0.0495281
-0.000238143
0.000139535
0.0497377
-0.000214698
0.0498746
-0.000199466
-0.000250882
0.050324
-0.00032555
-0.0003839
0.0500742
-0.000383834
-0.000336064
0.0496799
-0.000474169
-0.000132107
0.0493517
-0.000551378
0.000132118
0.0492281
-0.000581077
0.000336075
0.0493517
-0.000551378
0.000383909
0.04968
-0.000474169
0.000250886
0.0500743
-0.000383835
0.0503241
-0.000325547
-0.000459138
0.0511145
-0.000546368
-0.000701841
0.0506998
-0.000701769
-0.000610791
0.0500017
-0.000947341
-0.00023859
0.0494551
-0.00115296
0.000238618
0.0492586
-0.00123076
0.000610817
0.0494551
-0.00115296
0.000701859
0.0500017
-0.000947346
0.000459145
0.0506999
-0.000701771
0.0511146
-0.000546366
-0.000825108
0.052456
-0.000870321
-0.00126336
0.0518925
-0.00126328
-0.00108921
0.0507521
-0.0019136
-0.000420366
0.0499907
-0.00243489
0.000420412
0.0497463
-0.002626
0.00108925
0.0499907
-0.00243489
0.00126339
0.0507521
-0.0019136
0.00082512
0.0518925
-0.00126329
0.0524561
-0.00087032
-0.00141234
0.0545181
-0.00121829
-0.00217992
0.054239
-0.00217984
-0.00184543
0.0528747
-0.0039489
-0.000693354
0.0523883
-0.00524585
0.000693421
0.0523129
-0.00569639
0.00184549
0.0523883
-0.00524585
0.00217996
0.0528747
-0.00394891
0.00141235
0.0542391
-0.00217985
0.0545182
-0.00121829
-0.00213937
0.0568763
-0.00120514
-0.00339105
0.0587562
-0.00339097
-0.00276222
0.0609027
-0.00851305
-0.000971414
0.0631986
-0.0116366
0.000971491
0.064108
-0.0126323
0.00276228
0.0631986
-0.0116366
0.00339109
0.0609028
-0.00851305
0.00213939
0.0587563
-0.00339097
0.0568764
-0.00120513
-0.00202061
0.0565854
0.000348715
-0.00354641
0.0627406
-0.00354632
-0.00258493
0.0741005
-0.0200746
-0.000704076
0.0819628
-0.0269304
0.000704169
0.0846265
-0.0288847
0.00258501
0.0819628
-0.0269304
0.00354646
0.0741005
-0.0200746
0.00202062
0.0627407
-0.00354632
0.0565854
0.000348724
0.00437537
0.0478755
0.00581445
0.00644419
0.0563157
0.00644428
0.00562488
0.0730213
0.00224464
0.0830375
-0.00224454
0.08623
-0.00562479
0.0830375
-0.00644413
0.0730213
-0.00437535
0.0563157
0.00644429
0.0478755
0.00581445
0.0151351
0.0277274
0.0134156
0.0233558
0.0333603
0.0233558
0.0187761
0.0441956
0.0549536
0.00660582
0.0499116
0.0693391
-0.00660573
0.051632
0.0734101
-0.018776
0.0499116
0.0693391
-0.0233557
0.0441956
0.0549536
-0.0151351
0.0333602
0.0233558
0.0277274
0.0134156
0.0208058
0.0178406
0.0314097
0.0314098
0.0241943
0.0708524
0.00814342
0.0824032
-0.00814333
0.0851196
-0.0241942
0.0824031
-0.0314097
0.0708523
-0.0208058
0.0314098
0.0178406
0.0299102
0.0199093
0.0263001
0.0177326
0.0143556
0.0159565
0.0105681
0.0114469
0.0105681
0.00364596
0.00975609
0.00670843
-0.00364611
0.00920193
0.00544766
-0.0105682
0.00975609
0.00670844
-0.0177327
0.0114468
0.0105681
-0.0299103
0.0143556
0.0159565
0.0199093
0.0263001
0.0271881
0.0343227
0.0219628
0.014838
0.0250451
0.0131643
0.00879691
0.0204579
0.00879682
0.00304677
0.0178054
0.00566922
-0.00304692
0.0169345
0.00465063
-0.00879703
0.0178053
0.00566923
-0.0148381
0.0204578
0.00879688
-0.0271881
0.025045
0.0131643
0.0343227
0.0219628
0.00611623
0.035815
0.0101101
0.00756522
0.0294576
0.00760235
0.00549489
0.0255993
0.00549482
0.00200024
0.0231858
0.00389735
-0.0020004
0.0223662
0.00333488
-0.00549503
0.0231857
0.00389737
-0.00756532
0.0255993
0.00549484
-0.00611629
0.0294576
0.00760238
0.035815
0.0101102
0.0028396
0.0324083
0.00481028
0.00390086
0.0301002
0.0040045
0.00310714
0.0278512
0.00310706
0.00116919
0.0262454
0.0023936
-0.00116935
0.0256711
0.00213009
-0.00310728
0.0262454
0.00239361
-0.00390096
0.0278512
0.00310709
-0.00283965
0.0301002
0.00400453
0.0324083
0.00481031
0.00139161
0.0310096
0.00232689
0.00201477
0.0300254
0.00204477
0.00167966
0.0288168
0.00167959
0.000644697
0.0278771
0.00137909
-0.000644863
0.0275284
0.00126507
-0.0016798
0.0278772
0.00137911
-0.00201488
0.0288168
0.00167961
-0.00139166
0.0300254
0.0020448
0.0310096
0.00232693
0.00069913
0.0303379
0.00113692
0.00103936
0.029877
0.00103291
0.000887324
0.0292443
0.00088726
0.000344561
0.0287266
0.000764581
-0.000344728
0.0285298
0.000717308
-0.000887475
0.0287266
0.000764595
-0.00103947
0.0292443
0.000887285
-0.000699185
0.029877
0.00103295
0.0303379
0.00113695
0.00035511
0.0299956
0.000558929
0.000535171
0.0297694
0.000519792
0.000462765
0.0294416
0.000462706
0.000180905
0.0291651
0.000413893
-0.000181073
0.0290583
0.000394918
-0.000462914
0.0291651
0.000413907
-0.00053528
0.0294416
0.000462732
-0.000355165
0.0297694
0.000519828
0.0299956
0.000558967
0.000181231
0.0298181
0.000274332
0.000275014
0.0297051
0.000260268
0.000239399
0.0295364
0.000239345
9.39145e-05
0.0293909
0.000221302
-9.40815e-05
0.0293341
0.00021426
-0.000239547
0.0293909
0.000221316
-0.000275122
0.0295364
0.000239371
-0.000181286
0.0297051
0.000260303
0.0298181
0.00027437
9.28774e-05
0.0297251
0.000129913
0.000141165
0.0296698
0.000127129
0.000123038
0.0295844
0.000122989
4.82698e-05
0.0295082
0.00011945
-4.84347e-05
0.0294778
0.000118087
-0.000123183
0.0295082
0.000119464
-0.000141271
0.0295844
0.000123016
-9.29315e-05
0.0296698
0.000127164
0.0297251
0.000129951
4.86677e-05
0.0296746
4.80819e-05
7.30597e-05
0.029653
5.38793e-05
6.27299e-05
0.0296137
6.26879e-05
2.4335e-05
0.0295728
7.04839e-05
-2.44969e-05
0.0295547
7.36221e-05
-6.28725e-05
0.0295728
7.04976e-05
-7.31641e-05
0.0296137
6.27135e-05
-4.87208e-05
0.029653
5.39132e-05
0.0296746
4.81181e-05
2.93269e-05
0.0296432
-1.85051e-05
4.07082e-05
0.0296527
1.49206e-06
3.15137e-05
0.0296463
3.14784e-05
1.12788e-05
0.02962
5.78923e-05
-1.14367e-05
0.029603
6.85683e-05
-3.16526e-05
0.02962
5.79056e-05
-4.08097e-05
0.0296463
3.15032e-05
-2.93786e-05
0.0296527
1.52511e-06
0.0296432
-1.84693e-05
2.98034e-05
0.0296185
-0.000118266
3.23525e-05
0.0296837
-6.4182e-05
1.49235e-05
0.0297184
1.48951e-05
2.2836e-06
0.0296879
8.42836e-05
-2.43648e-06
0.0296537
0.000112851
-1.5058e-05
0.0296879
8.42962e-05
-3.24507e-05
0.0297184
1.4919e-05
-2.98533e-05
0.0296837
-6.41502e-05
0.0296186
-0.000118231
6.09382e-05
0.0296093
-0.000343031
5.18192e-05
0.0298074
-0.000197998
3.24565e-06
0.029921
3.2244e-06
-1.00083e-05
0.0298538
0.000178166
9.86137e-06
0.0297571
0.000252905
-3.37465e-06
0.0298538
0.000178178
-5.19133e-05
0.029921
3.24715e-06
-6.09863e-05
0.0298074
-0.000197967
0.0296094
-0.000342998
0.000163372
0.0297187
-0.00092795
0.000125284
0.0302187
-0.000523369
-1.74591e-05
0.0304848
-1.74731e-05
-4.11974e-05
0.0303196
0.000413195
4.10574e-05
0.0300512
0.000610378
1.73362e-05
0.0303196
0.000413206
-0.000125373
0.0304848
-1.74516e-05
-0.000163418
0.0302188
-0.000523341
0.0297187
-0.000927919
0.000437116
0.0304439
-0.00254554
0.00031683
0.0314405
-0.00133092
-8.1929e-05
0.0319112
-8.19357e-05
-0.000130405
0.0315883
0.000935522
0.000130272
0.0309896
0.00146245
8.18132e-05
0.0315883
0.000935533
-0.000316915
0.0319112
-8.19154e-05
-0.000437158
0.0314406
-0.0013309
0.0304439
-0.00254551
0.00105334
0.0334328
-0.00726821
0.000727085
0.0344717
-0.00321139
-0.000265141
0.0349246
-0.00026514
-0.000354387
0.0345947
0.0019379
0.000354264
0.0339313
0.00333725
0.000265033
0.0345947
0.00193791
-0.000727163
0.0349246
-0.000265122
-0.00105338
0.0344717
-0.00321136
0.0334328
-0.00726819
0.00201109
0.0395066
-0.022017
0.00133005
0.0395054
-0.00665863
-0.000608115
0.0395037
-0.000608107
-0.000738814
0.0395022
0.00329316
0.000738701
0.0395016
0.00662987
0.000608016
0.0395022
0.00329317
-0.00133012
0.0395038
-0.00060809
-0.00201113
0.0395055
-0.00665861
0.0395066
-0.0220169
0.00201021
0.0455813
-0.0220181
0.0013287
0.0445395
-0.00665978
-0.000609303
0.0440825
-0.000609287
-0.000739282
0.0444087
0.00329196
0.000739178
0.0450706
0.00662864
0.000609213
0.0444087
0.00329197
-0.00132877
0.0440825
-0.00060927
-0.00201024
0.0445396
-0.00665976
0.0455814
-0.022018
0.00105027
0.0485734
-0.00727214
0.000722398
0.0475721
-0.00321538
-0.000269256
0.0470945
-0.000269232
-0.000356002
0.0474112
0.00193372
0.00035591
0.0480075
0.00333304
0.000269176
0.0474112
0.00193373
-0.000722453
0.0470945
-0.000269218
-0.0010503
0.0475721
-0.00321536
0.0485734
-0.00727212
0.00043043
0.0493056
-0.00255404
0.000306597
0.0487969
-0.0013396
-9.09151e-05
0.0485178
-9.08827e-05
-0.000133935
0.0486715
0.000926339
0.000133857
0.0489353
0.00145316
9.08469e-05
0.0486715
0.000926347
-0.000306647
0.0485178
-9.08711e-05
-0.000430454
0.0487969
-0.00133959
0.0493056
-0.00255402
0.000149909
0.0494292
-0.000944854
0.000104674
0.0492143
-0.000540724
-3.55617e-05
0.0490754
-3.55207e-05
-4.832e-05
0.0491201
0.000394538
4.8255e-05
0.049208
0.000591478
3.55055e-05
0.0491201
0.000394543
-0.000104714
0.0490754
-3.55115e-05
-0.000149929
0.0492144
-0.000540712
0.0494292
-0.00094484
3.43247e-05
0.0494481
-0.000375827
1.10805e-05
0.04935
-0.000231943
-3.25358e-05
0.0492654
-3.24857e-05
-2.41008e-05
0.049252
0.000140908
2.405e-05
0.049269
0.000215034
3.2492e-05
0.049252
0.000140911
-1.11115e-05
0.0492654
-3.24785e-05
-3.43404e-05
0.0493501
-0.000231934
0.0494481
-0.000375816
-2.25975e-05
0.049479
-0.000181179
-4.78442e-05
0.0494048
-0.000130022
-5.54924e-05
0.0493126
-5.54329e-05
-2.54622e-05
0.0492526
1.00281e-05
2.54261e-05
0.0492359
3.70491e-05
5.54618e-05
0.0492527
1.00308e-05
4.78226e-05
0.0493126
-5.54281e-05
2.25865e-05
0.0494049
-0.000130016
0.0494791
-0.000181171
-7.38716e-05
0.0495576
-0.000138049
-0.000117164
0.0494515
-0.000125496
-0.000106996
0.0492953
-0.000106927
-4.3286e-05
0.0491665
-9.04674e-05
4.32651e-05
0.0491184
-8.36938e-05
0.000106979
0.0491665
-9.04657e-05
0.000117153
0.0492953
-0.000106925
7.38662e-05
0.0494516
-0.000125493
0.0495577
-0.000138046
-0.000154935
0.0497257
-0.000176485
-0.000238203
0.049528
-0.000189583
-0.000209931
0.0492228
-0.000209853
-8.29525e-05
0.0489648
-0.000227247
8.2947e-05
0.0488663
-0.000233919
0.000209927
0.0489648
-0.000227247
0.000238201
0.0492228
-0.000209853
0.000154935
0.0495281
-0.000189582
0.0497258
-0.000176483
-0.000309998
0.0500683
-0.0002854
-0.000474235
0.0496799
-0.000335979
-0.000414446
0.0490557
-0.00041436
-0.000162622
0.0485438
-0.000481468
0.000162633
0.048353
-0.000507316
0.000414456
0.0485439
-0.000481469
0.000474243
0.0490558
-0.000414361
0.000310003
0.04968
-0.000335982
0.0500683
-0.000285402
-0.000619425
0.0507591
-0.000476686
-0.000947413
0.0500017
-0.000610698
-0.000822266
0.0486641
-0.000822172
-0.000320065
0.0476557
-0.000999818
0.000320091
0.0473001
-0.00106718
0.000822289
0.0476557
-0.000999824
0.000947431
0.0486642
-0.000822179
0.000619435
0.0500017
-0.000610704
0.0507591
-0.000476692
-0.00124635
0.0521387
-0.000754245
-0.00191368
0.0507521
-0.00108911
-0.00164097
0.0476143
-0.00164087
-0.000628229
0.0456755
-0.00208649
0.000628271
0.0450623
-0.00225059
0.00164101
0.0456755
-0.00208649
0.0019137
0.0476143
-0.00164088
0.00124636
0.0507521
-0.00108912
0.0521388
-0.000754253
-0.0025354
0.0547994
-0.001042
-0.00394898
0.0528747
-0.00184534
-0.00330584
0.0441665
-0.00330574
-0.00121848
0.0407825
-0.00439508
0.00121854
0.0399021
-0.00477694
0.00330589
0.0407825
-0.00439508
0.00394902
0.0441665
-0.00330574
0.00253542
0.0528747
-0.00184535
0.0547994
-0.001042
-0.0052414
0.0592945
-0.000994377
-0.00851313
0.0609027
-0.00276212
-0.00678599
0.0300703
-0.00678589
-0.00228178
0.0266715
-0.0093354
0.00228186
0.025912
-0.0101618
0.00678606
0.0266716
-0.0093354
0.00851318
0.0300704
-0.00678589
0.00524142
0.0609028
-0.00276212
0.0592945
-0.000994382
-0.0110979
0.0624984
0.000395796
-0.0200747
0.0741005
-0.00258482
-0.0145175
-0.0145174
-0.00382929
-0.0198658
0.00382938
-0.0214292
0.0145176
-0.0198658
0.0200747
-0.0145174
0.0110979
0.0741006
-0.00258483
0.0624984
0.000395786
0.00282693
0.0554019
0.00499697
0.0730213
0.00562499
-0.00282694
0.0730213
0.00562497
0.0554019
0.00499695
0.0334152
0.0327006
0.0112084
0.0549536
0.0441956
0.0187762
0.0416674
0.0855819
0.0416675
0.0128841
0.0788796
0.0527569
-0.012884
0.0769421
0.0559816
-0.0416673
0.0788796
0.0527569
-0.0549535
0.0855819
0.0416674
-0.0334151
0.0441956
0.0187762
0.0327006
0.0112084
0.0456081
0.0146607
0.0708523
0.0241944
0.0479817
0.159777
0.0479818
0.0126608
0.144217
0.0561338
-0.0126607
0.140228
0.0582045
-0.0479816
0.144217
0.0561338
-0.0708522
0.159777
0.0479817
-0.0456081
0.0241943
0.0146606
0.00761446
0.176332
0.0076145
0.0044673
0.164667
0.00853263
-0.0044673
0.161246
0.00888927
-0.00761445
0.164667
0.00853257
0.176332
0.00761447
0.00254545
0.165307
0.00254547
0.00152832
0.161582
0.00273946
-0.00152834
0.159996
0.00282876
-0.00254546
0.161582
0.00273946
0.165307
0.00254546
0.000845026
0.161731
0.00084504
0.000513863
0.160526
0.000886559
-0.000513887
0.159917
0.000907779
-0.00084504
0.160526
0.000886559
0.161731
0.000845033
0.000279254
0.160564
0.000279262
0.000171023
0.160173
0.000288231
-0.000171037
0.159956
0.000293127
-0.000279265
0.160173
0.000288231
0.160564
0.00027926
9.20034e-05
0.160183
9.20075e-05
5.65686e-05
0.160055
9.39576e-05
-5.65789e-05
0.159981
9.50697e-05
-9.2012e-05
0.160055
9.39598e-05
0.160183
9.20107e-05
3.02483e-05
0.160059
3.02501e-05
1.86409e-05
0.160017
3.06765e-05
-1.86429e-05
0.159991
3.0926e-05
-3.02514e-05
0.160017
3.06772e-05
0.160059
3.02521e-05
9.92884e-06
0.160018
9.92974e-06
6.12651e-06
0.160004
1.00243e-05
-6.12854e-06
0.159996
1.00809e-05
-9.93192e-06
0.160004
1.00263e-05
0.160018
9.93434e-06
3.25503e-06
0.160004
3.25541e-06
2.01147e-06
0.16
3.27684e-06
-2.00848e-06
0.159997
3.28929e-06
-3.25452e-06
0.16
3.27731e-06
0.160004
3.25745e-06
1.06426e-06
0.16
1.06441e-06
6.5802e-07
0.159999
1.0701e-06
-6.5788e-07
0.159998
1.07378e-06
-1.06551e-06
0.159999
1.07171e-06
0.16
1.06832e-06
3.45729e-07
0.159999
3.45775e-07
2.14733e-07
0.159998
3.47044e-07
-2.12583e-07
0.159998
3.47662e-07
-3.45259e-07
0.159998
3.47184e-07
0.159999
3.46435e-07
1.07786e-07
0.159998
1.07792e-07
6.60338e-08
0.159998
1.08031e-07
-6.84482e-08
0.159998
1.08529e-07
-1.09661e-07
0.159998
1.08827e-07
0.159998
1.0991e-07
2.53398e-08
2.53373e-08
1.57142e-08
2.48862e-08
-1.47269e-08
2.47641e-08
-2.38818e-08
2.4763e-08
2.52759e-08
0.00775586
0.0131667
0.0107332
0.00946008
0.0113086
0.00586363
0.00670851
0.00975609
0.00364589
0.00239734
0.00877374
0.00239726
-0.00239748
0.0084406
0.00199189
-0.00670863
0.00877374
0.00239728
-0.00946019
0.00975604
0.00364592
-0.00775592
0.0113086
0.00586369
0.0131667
0.0107332
0.00645546
0.0231983
0.00900233
0.00792444
0.0202487
0.00484659
0.00566929
0.0178053
0.00304669
0.00203774
0.016249
0.00203767
-0.00203788
0.0157184
0.00170941
-0.00566941
0.016249
0.00203768
-0.00792453
0.0178053
0.00304672
-0.0064555
0.0202487
0.00484662
0.0231983
0.00900235
0.00378761
0.0278258
0.00397171
0.0050503
0.0254252
0.00284946
0.00389743
0.0231857
0.00200017
0.00144147
0.0216731
0.00144139
-0.00144161
0.021144
0.00124831
-0.00389756
0.0216731
0.00144141
-0.0050504
0.0231857
0.0020002
-0.00378766
0.0254252
0.0028495
0.0278258
0.00397175
0.00208119
0.0290761
0.00186867
0.00294153
0.0277572
0.00152574
0.00239367
0.0262454
0.00116912
0.000906631
0.02513
0.000906559
-0.000906779
0.0247254
0.000811337
-0.0023938
0.02513
0.000906577
-0.00294163
0.0262454
0.00116915
-0.00208124
0.0277572
0.00152578
0.0290761
0.00186871
0.00112127
0.0294729
0.000904611
0.00164105
0.0287808
0.000788751
0.00137916
0.0278771
0.000644632
0.000530826
0.0271649
0.00053076
-0.000530979
0.0268989
0.000488119
-0.0013793
0.0271649
0.000530778
-0.00164115
0.0278771
0.000644663
-0.00112132
0.0287808
0.000788791
0.0294729
0.000904654
0.000598004
0.0295992
0.000443655
0.000892788
0.0292363
0.000401831
0.000764646
0.0287266
0.000344499
0.000297288
0.0283072
0.000297225
-0.000297441
0.0281473
0.000279163
-0.000764781
0.0283072
0.000297242
-0.000892888
0.0287266
0.00034453
-0.000598056
0.0292363
0.000401872
0.0295992
0.000443701
0.000316675
0.0296325
0.000218876
0.000478067
0.0294426
0.000203306
0.000413953
0.0291651
0.000180849
0.000161918
0.0289303
0.00016186
-0.00016207
0.0288396
0.000154518
-0.000414088
0.0289303
0.000161877
-0.000478167
0.0291651
0.00018088
-0.000316726
0.0294426
0.000203348
0.0296325
0.000218922
0.000167342
0.0296333
0.000107659
0.000254126
0.0295362
0.000102093
0.000221357
0.0293909
9.38642e-05
8.68632e-05
0.0292654
8.68117e-05
-8.70158e-05
0.0292164
8.40706e-05
-0.000221491
0.0292654
8.6828e-05
-0.000254226
0.0293909
9.38943e-05
-0.000167393
0.0295362
0.000102134
0.0296333
0.000107704
9.01387e-05
0.0296187
5.09311e-05
0.000137051
0.0295755
4.98406e-05
0.000119498
0.0295081
4.82255e-05
4.68954e-05
0.0294477
4.68502e-05
-4.70461e-05
0.0294236
4.63243e-05
-0.000119631
0.0294477
4.68662e-05
-0.000137149
0.0295081
4.82555e-05
-9.0189e-05
0.0295755
4.98808e-05
0.0296188
5.09761e-05
5.44734e-05
0.0295837
1.84418e-05
8.19201e-05
0.0295825
2.07762e-05
7.0526e-05
0.0295727
2.42973e-05
2.7428e-05
0.0295576
2.73893e-05
-2.75759e-05
0.0295499
2.86292e-05
-7.06565e-05
0.0295576
2.7405e-05
-8.20162e-05
0.0295727
2.43266e-05
-5.4523e-05
0.0295825
2.08157e-05
0.0295837
1.84852e-05
4.92498e-05
0.0294987
-8.88851e-06
7.08929e-05
0.0295579
-7.70345e-07
5.79278e-05
0.02962
1.12479e-05
2.17298e-05
0.0296524
2.1698e-05
-2.18742e-05
0.0296597
2.588e-05
-5.80549e-05
0.0296524
2.17132e-05
-7.09863e-05
0.02962
1.12764e-05
-4.92977e-05
0.0295579
-7.322e-07
0.0294987
-8.84619e-06
8.32177e-05
0.0292836
-5.22647e-05
0.000112249
0.0294841
-2.97838e-05
8.43121e-05
0.0296878
2.2597e-06
2.97166e-05
0.0297973
2.9692e-05
-2.98565e-05
0.0298239
4.07507e-05
-8.44354e-05
0.0297973
2.97066e-05
-0.000112339
0.0296879
2.2871e-06
-8.32642e-05
0.0294841
-2.97471e-05
0.0292837
-5.22244e-05
0.000201191
0.0287433
-0.000156436
0.000256376
0.0293294
-9.33126e-05
0.000178187
0.0298538
-1.0025e-05
5.90653e-05
0.0301079
5.90477e-05
-5.91997e-05
0.0301616
8.73051e-05
-0.000178305
0.0301079
5.90619e-05
-0.000256463
0.0298538
-9.99892e-06
-0.000201236
0.0293295
-9.32778e-05
0.0287433
-0.000156397
0.000536137
0.0274814
-0.000449817
0.000644231
0.0291196
-0.00025875
0.000413209
0.0303195
-4.12069e-05
0.000128382
0.0308194
0.000128372
-0.000128511
0.0309018
0.000199532
-0.000413322
0.0308194
0.000128385
-0.000644313
0.0303195
-4.11822e-05
-0.000536179
0.0291197
-0.000258717
0.0274814
-0.000449781
0.00144497
0.0252908
-0.0013556
0.00161337
0.029349
-0.00070337
0.00093553
0.0315883
-0.000130407
0.000268194
0.0323658
0.000268191
-0.000268315
0.0324539
0.000442422
-0.000935638
0.0323658
0.000268204
-0.00161345
0.0315883
-0.000130383
-0.00144501
0.0293491
-0.00070334
0.0252909
-0.00135556
0.00376868
0.0275017
-0.0044347
0.00382508
0.0323304
-0.00184776
0.0019379
0.0345946
-0.000354382
0.000501551
0.0352912
0.000501559
-0.000501664
0.0353456
0.000898702
-0.001938
0.0352912
0.00050157
-0.00382516
0.0345947
-0.000354361
-0.00376872
0.0323305
-0.00184773
0.0275018
-0.00443467
0.0085681
0.0395051
-0.0161365
0.00774674
0.039504
-0.00423037
0.00329315
0.0395022
-0.000738802
0.000760583
0.0395007
0.000760595
-0.000760687
0.0395001
0.0015082
-0.00329324
0.0395007
0.000760606
-0.00774683
0.0395022
-0.000738782
-0.00856816
0.039504
-0.00423035
0.0395052
-0.0161365
0.0085672
0.0515088
-0.016137
0.00774536
0.0466772
-0.00423082
0.00329194
0.0444087
-0.00073926
0.000760106
0.0437083
0.000760127
-0.000760204
0.0436525
0.00150773
-0.00329203
0.0437084
0.000760136
-0.00774545
0.0444087
-0.000739242
-0.00856726
0.0466772
-0.0042308
0.0515088
-0.0161369
0.00376555
0.0537207
-0.00443623
0.00382029
0.0496577
-0.00184931
0.0019337
0.0474112
-0.000355973
0.000499902
0.0466273
0.000499931
-0.000499986
0.0465368
0.00089706
-0.00193377
0.0466273
0.000499939
-0.00382035
0.0474112
-0.000355958
-0.00376558
0.0496577
-0.00184929
0.0537207
-0.0044362
0.00143811
0.0515324
-0.00135891
0.00160286
0.0498851
-0.000706753
0.000926306
0.0486715
-0.000133899
0.000264567
0.0481596
0.000264604
-0.00026464
0.0480724
0.000438796
-0.000926371
0.0481596
0.000264611
-0.00160291
0.0486715
-0.000133885
-0.00143814
0.0498851
-0.000706739
0.0515324
-0.00135889
0.000522221
0.0502753
-0.000456434
0.000622928
0.0496714
-0.000265544
0.000394497
0.0491201
-4.82748e-05
0.000121016
0.0488423
0.000121062
-0.000121077
0.0487793
0.000192124
-0.000394548
0.0488423
0.000121068
-0.000622965
0.0491201
-4.82644e-05
-0.00052224
0.0496715
-0.00026553
0.0502754
-0.000456418
0.000173428
0.0497454
-0.000169308
0.000213875
0.0495096
-0.000106638
0.000140857
0.049252
-2.40465e-05
4.43592e-05
0.0490954
4.44138e-05
-4.44062e-05
0.0490504
7.24268e-05
-0.000140898
0.0490955
4.44181e-05
-0.000213904
0.049252
-2.40386e-05
-0.000173442
0.0495097
-0.000106627
0.0497455
-0.000169297
2.78922e-05
0.0495533
-7.70021e-05
2.75759e-05
0.0494231
-5.56732e-05
9.96864e-06
0.0492526
-2.53985e-05
4.20151e-07
0.0491257
4.84203e-07
-4.53595e-07
0.0490814
1.093e-05
-9.9971e-06
0.0491257
4.87099e-07
-2.75957e-05
0.0492526
-2.53933e-05
-2.7902e-05
0.0494231
-5.56668e-05
0.0495533
-7.69942e-05
-6.13808e-05
0.0495193
-5.59341e-05
-9.83467e-05
0.049377
-5.07412e-05
-9.05362e-05
0.0491665
-4.32128e-05
-3.67538e-05
0.0489909
-3.66801e-05
3.67344e-05
0.0489243
-3.40373e-05
9.05204e-05
0.0489909
-3.66786e-05
9.83364e-05
0.0491665
-4.32101e-05
6.13757e-05
0.049377
-5.0738e-05
0.0495193
-5.59303e-05
-0.000167993
0.0496002
-6.99298e-05
-0.000258187
0.0493508
-7.49972e-05
-0.000227325
0.0489647
-8.287e-05
-8.97414e-05
0.0486383
-8.96585e-05
8.97361e-05
0.0485137
-9.22722e-05
0.000227321
0.0486383
-8.96584e-05
0.000258186
0.0489648
-8.28699e-05
0.000167993
0.0493508
-7.49973e-05
0.0496003
-6.99299e-05
-0.000360501
0.0498526
-0.000112316
-0.000551443
0.0493517
-0.000132018
-0.000481555
0.0485438
-0.000162532
-0.000188796
0.0478821
-0.000188705
0.000188806
0.0476358
-0.000198799
0.000481564
0.0478821
-0.000188706
0.000551451
0.0485439
-0.000162534
0.000360505
0.0493517
-0.000132021
0.0498527
-0.00011232
-0.000753643
0.0504722
-0.000186734
-0.00115303
0.0494551
-0.000238494
-0.000999913
0.0476557
-0.000319967
-0.000388772
0.0462952
-0.000388674
0.000388796
0.0458152
-0.000414794
0.000999935
0.0462952
-0.000388676
0.00115305
0.0476557
-0.000319972
0.00075365
0.0494551
-0.0002385
0.0504722
-0.000186741
-0.00158446
0.051927
-0.000293127
-0.00243496
0.0499907
-0.000420266
-0.00208658
0.0456755
-0.000628124
-0.000797759
0.0429476
-0.000797659
0.000797801
0.0420744
-0.000860449
0.00208662
0.0429476
-0.00079766
0.00243499
0.0456755
-0.000628132
0.00158447
0.0499907
-0.000420274
0.051927
-0.000293136
-0.00336331
0.0551709
-0.00039776
-0.00524593
0.0523883
-0.000693254
-0.00439519
0.0407825
-0.00121838
-0.00162022
0.0358906
-0.00162012
0.00162029
0.0345605
-0.00176271
0.00439524
0.0358906
-0.00162012
0.00524596
0.0407824
-0.00121838
0.00336332
0.0523884
-0.000693265
0.055171
-0.000397771
-0.00716253
0.0613956
-0.000358448
-0.0116367
0.0631986
-0.00097131
-0.00933551
0.0266715
-0.00228168
-0.00316738
0.0217103
-0.00316728
0.00316746
0.0205141
-0.00346162
0.00933559
0.0217103
-0.00316728
0.0116367
0.0266715
-0.00228168
0.00716254
0.0631987
-0.000971322
0.0613956
-0.000358461
-0.0149562
0.0671097
0.000212474
-0.0269304
0.0819628
-0.000703972
-0.0198659
-0.00382919
-0.00547253
-0.00547243
0.00547262
-0.00597258
0.019866
-0.00547243
0.0269305
-0.0038292
0.0149563
0.0819628
-0.000703993
0.0671097
0.000212452
0.00327179
0.0609135
0.00194117
0.0830375
0.00224474
-0.00327179
0.0830375
0.00224471
0.0609135
0.00194113
0.0420569
0.0361783
0.00419254
0.069339
0.0499116
0.00660592
0.0527568
0.0788796
0.0128842
0.0163706
0.0691397
0.0163707
-0.0163705
0.0662875
0.0174335
-0.0527567
0.0691397
0.0163706
-0.069339
0.0788796
0.0128841
-0.0420569
0.0499116
0.0066059
0.0361783
0.00419249
0.053655
0.00539942
0.0824031
0.00814347
0.0561338
0.144217
0.0126609
0.0151491
0.124505
0.0151491
-0.015149
0.119341
0.0158779
-0.0561337
0.124505
0.0151491
-0.082403
0.144217
0.0126608
-0.053655
0.00814344
0.00539934
0.00853257
0.164666
0.00446735
0.00500019
0.150775
0.00500027
-0.00500021
0.1467
0.00520922
-0.00853257
0.150775
0.00500022
0.164666
0.00446733
0.00273944
0.161581
0.00152836
0.00164334
0.157412
0.00164337
-0.00164336
0.155653
0.00169663
-0.00273946
0.157412
0.00164336
0.161581
0.00152834
0.000886551
0.160526
0.000513885
0.000538833
0.15923
0.000538849
-0.000538857
0.158579
0.000551654
-0.000886566
0.15923
0.000538849
0.160526
0.000513878
0.000288224
0.160172
0.000171035
0.000176467
0.159761
0.000176479
-0.000176482
0.159534
0.000179456
-0.000288235
0.159761
0.000176478
0.160172
0.000171032
9.39541e-05
0.160055
5.65749e-05
5.77607e-05
0.159922
5.77665e-05
-5.77683e-05
0.159846
5.8447e-05
-9.39605e-05
0.159922
5.77688e-05
0.160055
5.65781e-05
3.06747e-05
0.160016
1.86439e-05
1.89024e-05
0.159973
1.89054e-05
-1.89032e-05
0.159948
1.90588e-05
-3.06764e-05
0.159973
1.89063e-05
0.160016
1.86453e-05
1.00234e-05
0.160004
6.12796e-06
6.18544e-06
0.15999
6.18687e-06
-6.18421e-06
0.159982
6.22221e-06
-1.00236e-05
0.15999
6.18907e-06
0.160004
6.13273e-06
3.27645e-06
0.16
2.0121e-06
2.02467e-06
0.159995
2.02529e-06
-2.02052e-06
0.159993
2.03323e-06
-3.27431e-06
0.159995
2.02596e-06
0.16
2.01366e-06
1.06995e-06
0.159998
6.58262e-07
6.62207e-07
0.159996
6.62445e-07
-6.59333e-07
0.159996
6.65053e-07
-1.06879e-06
0.159996
6.64187e-07
0.159998
6.62342e-07
3.47e-07
0.159998
2.1481e-07
2.15519e-07
0.159997
2.1559e-07
-2.12917e-07
0.159997
2.16047e-07
-3.4591e-07
0.159997
2.15703e-07
0.159998
2.15096e-07
1.08025e-07
0.159998
6.60465e-08
6.65552e-08
0.159998
6.65662e-08
-6.76043e-08
0.159998
6.70567e-08
-1.08631e-07
0.159998
6.74657e-08
0.159998
6.83909e-08
2.48888e-08
1.57117e-08
1.53416e-08
1.53387e-08
-1.46287e-08
1.53877e-08
-2.34822e-08
1.54245e-08
1.58779e-08
0.00545348
0.0114171
-0.0107334
0.00717897
0.0103243
-0.00586392
0.00544773
0.00920193
-0.00364617
0.00199196
0.0084406
-0.00239754
-0.00199209
0.00817586
-0.00199215
-0.00544784
0.0084406
-0.00239752
-0.00717905
0.00920194
-0.00364614
-0.00545352
0.0103243
-0.00586391
0.011417
-0.0107334
0.00457672
0.0204276
-0.00900262
0.00607348
0.01871
-0.00484688
0.00465071
0.0169345
-0.00304698
0.00170949
0.0157184
-0.00203795
-0.00170961
0.0152929
-0.00170968
-0.00465082
0.0157183
-0.00203793
-0.00607356
0.0169345
-0.00304695
-0.00457676
0.01871
-0.00484684
0.0204276
-0.00900255
0.00302245
0.0256143
-0.00397199
0.0041856
0.0240761
-0.00284976
0.00333495
0.0223662
-0.00200045
0.00124838
0.021144
-0.00144167
-0.00124851
0.020708
-0.00124857
-0.00333507
0.021144
-0.00144165
-0.00418569
0.0223662
-0.00200042
-0.00302249
0.0240761
-0.00284972
0.0256143
-0.00397195
0.00179712
0.0279162
-0.00186896
0.00258212
0.0269156
-0.00152604
0.00213016
0.0256711
-0.00116941
0.000811406
0.0247254
-0.000906836
-0.000811539
0.0243787
-0.000811598
-0.00213027
0.0247254
-0.000906818
-0.00258221
0.0256711
-0.00116938
-0.00179717
0.0269156
-0.00152599
0.0279162
-0.00186892
0.00101577
0.0288988
-0.000904894
0.00149679
0.028316
-0.000789039
0.00126514
0.0275284
-0.000644913
0.000488186
0.0268989
-0.000531035
-0.000488321
0.0266626
-0.000488376
-0.00126526
0.0268989
-0.000531017
-0.00149688
0.0275284
-0.000644882
-0.00101582
0.028316
-0.000788999
0.0288988
-0.000904851
0.000558149
0.0293161
-0.000443936
0.000835596
0.0289918
-0.000402114
0.000717371
0.0285299
-0.000344776
0.000279225
0.0281473
-0.000297491
-0.000279362
0.0280012
-0.000279413
-0.000717492
0.0281473
-0.000297475
-0.000835686
0.0285299
-0.000344746
-0.000558196
0.0289918
-0.000402074
0.0293161
-0.000443891
0.000301512
0.0294917
-0.000219148
0.000455693
0.0293162
-0.000203579
0.000394977
0.0290584
-0.000181116
0.000154576
0.0288396
-0.000162116
-0.000154712
0.0287551
-0.000154759
-0.000395098
0.0288396
-0.0001621
-0.000455782
0.0290584
-0.000181087
-0.000301558
0.0293162
-0.000203539
0.0294917
-0.000219103
0.000161869
0.0295609
-0.000107919
0.000245932
0.0294702
-0.000102355
0.000214313
0.0293341
-9.41193e-05
8.41225e-05
0.0292164
-8.70558e-05
-8.42585e-05
0.0291705
-8.42999e-05
-0.000214434
0.0292164
-8.704e-05
-0.000246021
0.0293341
-9.40897e-05
-0.000161916
0.0294702
-0.000102315
0.0295609
-0.000107875
8.90792e-05
0.0295761
-5.11789e-05
0.000135462
0.0295378
-5.0089e-05
0.000118135
0.0294778
-4.84672e-05
4.63697e-05
0.0294236
-4.70806e-05
-4.65042e-05
0.0294019
-4.654e-05
-0.000118253
0.0294236
-4.70652e-05
-0.000135549
0.0294778
-4.84382e-05
-8.91244e-05
0.0295378
-5.00499e-05
0.0295761
-5.11354e-05
5.6856e-05
0.0295441
-1.86745e-05
8.55219e-05
0.0295518
-2.10094e-05
7.36636e-05
0.0295547
-2.45238e-05
2.86679e-05
0.0295499
-2.76047e-05
-2.88001e-05
0.0295463
-2.883e-05
-7.37802e-05
0.0295499
-2.75896e-05
-8.56081e-05
0.0295547
-2.44954e-05
-5.69007e-05
0.0295518
-2.09712e-05
0.0295441
-1.86319e-05
5.75796e-05
0.0294249
8.67199e-06
8.33066e-05
0.0295096
5.53924e-07
6.86032e-05
0.029603
-1.14578e-05
2.59119e-05
0.0296597
-2.18969e-05
-2.60409e-05
0.0296765
-2.60648e-05
-6.87169e-05
0.0296597
-2.18822e-05
-8.33903e-05
0.029603
-1.14301e-05
-5.76227e-05
0.0295096
5.90975e-07
0.0294249
8.71351e-06
0.000106807
0.0290734
5.20663e-05
0.000146346
0.0293622
2.95854e-05
0.00011288
0.0296537
-2.45152e-06
4.07754e-05
0.0298239
-2.98731e-05
-4.09006e-05
0.0298739
-4.09181e-05
-0.00011299
0.0298239
-2.98589e-05
-0.000146427
0.0296537
-2.42491e-06
-0.000106849
0.0293622
2.96211e-05
0.0290734
5.21056e-05
0.000270471
0.0280126
0.000156257
0.000350584
0.0289684
9.31339e-05
0.000252925
0.0297571
9.8524e-06
8.73224e-05
0.0301616
-5.92103e-05
-8.74431e-05
0.030271
-8.74544e-05
-0.000253031
0.0301616
-5.91966e-05
-0.000350662
0.0297571
9.87783e-06
-0.000270512
0.0289684
9.31677e-05
0.0280126
0.000156295
0.000763048
0.0245347
0.000449658
0.00092101
0.0280197
0.000258591
0.000610392
0.0300512
4.10546e-05
0.000199542
0.0309018
-0.000128515
-0.000199657
0.0311055
-0.000199662
-0.000610493
0.0309018
-0.000128501
-0.000921086
0.0300512
4.10786e-05
-0.000763087
0.0280197
0.000258624
0.0245347
0.000449694
0.00231453
0.0116781
0.00135546
0.00251357
0.0263245
0.000703235
0.00146245
0.0309896
0.000130276
0.000442425
0.0324538
-0.000268313
-0.000442534
0.0327545
-0.000442532
-0.00146255
0.0324538
-0.0002683
-0.00251364
0.0309896
0.000130298
-0.00231457
0.0263245
0.000703265
0.0116781
0.00135549
0.00772059
0.00694953
0.00443459
0.00715672
0.0285616
0.00184765
0.00333725
0.0339313
0.000354274
0.000898699
0.0353456
-0.000501656
-0.000898796
0.0356061
-0.000898788
-0.00333734
0.0353456
-0.000501645
-0.00715678
0.0339314
0.000354294
-0.00772062
0.0285616
0.00184768
0.00694959
0.00443462
0.0793151
0.0395046
0.0161364
0.0217187
0.0395034
0.00423029
0.00662986
0.0395017
0.000738718
0.00150819
0.0395001
-0.00076067
-0.00150828
0.0394995
-0.00150827
-0.00662991
0.0395001
-0.000760659
-0.0217187
0.0395017
0.000738738
-0.0793151
0.0395034
0.00423031
0.0395046
0.0161364
0.079314
0.0720596
0.0161369
0.0217174
0.0504447
0.00423076
0.00662864
0.0450706
0.0007392
0.00150771
0.0436525
-0.000760178
-0.0015078
0.0433905
-0.00150778
-0.00662873
0.0436525
-0.000760174
-0.0217174
0.0450707
0.000739218
-0.079314
0.0504447
0.00423078
0.0720596
0.0161369
0.00771744
0.0673312
0.00443618
0.00715189
0.0526799
0.00184928
0.00333301
0.0480075
0.000355939
0.00089703
0.0465368
-0.000499957
-0.000897105
0.0462336
-0.00089708
-0.00333308
0.0465368
-0.000499949
-0.00715194
0.0480076
0.000355954
-0.00771746
0.0526799
0.0018493
0.0673312
0.00443621
0.0023076
0.054475
0.0013589
0.00250296
0.0509807
0.000706742
0.00145313
0.0489353
0.000133892
0.000438759
0.0480724
-0.000264604
-0.000438824
0.0478639
-0.000438789
-0.00145319
0.0480724
-0.000264597
-0.002503
0.0489354
0.000133905
-0.00230762
0.0509808
0.000706761
0.054475
0.00135892
0.000748956
0.0509982
0.00045645
0.000899435
0.0500242
0.000265562
0.000591437
0.049208
4.82978e-05
0.000192078
0.0487793
-0.000121034
-0.000192133
0.0486604
-0.00019209
-0.000591485
0.0487793
-0.000121028
-0.000899466
0.0492081
4.83081e-05
-0.00074897
0.0500243
0.000265576
0.0509982
0.000456465
0.000242256
0.0499409
0.000169356
0.00030739
0.0496158
0.000106687
0.000214984
0.0492691
2.41003e-05
7.23724e-05
0.0490503
-4.43554e-05
-7.24151e-05
0.0489814
-7.23637e-05
-0.000215021
0.0490503
-4.43511e-05
-0.000307416
0.0492691
2.41081e-05
-0.000242269
0.0496158
0.000106698
0.0499409
0.000169367
5.0332e-05
0.0495994
7.70809e-05
5.99132e-05
0.0494414
5.57558e-05
3.69899e-05
0.049236
2.54843e-05
1.08659e-05
0.0490814
-3.94669e-07
-1.08965e-05
0.0490262
-1.0837e-05
-3.7016e-05
0.0490814
-3.91717e-07
-5.99315e-05
0.049236
2.54896e-05
-5.0341e-05
0.0494414
5.57627e-05
0.0495995
7.70883e-05
-5.59603e-05
0.0495083
5.60459e-05
-9.0385e-05
0.0493509
5.08568e-05
-8.37624e-05
0.0491184
4.33313e-05
-3.41111e-05
0.0489243
3.68016e-05
3.4093e-05
0.0488504
3.41611e-05
8.37473e-05
0.0489243
3.68033e-05
9.03749e-05
0.0491185
4.33342e-05
5.59556e-05
0.0493509
5.086e-05
0.0495084
5.60497e-05
-0.000172946
0.0495525
7.00737e-05
-0.000265807
0.0492832
7.51453e-05
-0.000233996
0.0488663
8.3021e-05
-9.23554e-05
0.0485137
8.98115e-05
9.23501e-05
0.048379
9.24263e-05
0.000233993
0.0485137
8.98121e-05
0.000265806
0.0488664
8.30216e-05
0.000172945
0.0492833
7.51457e-05
0.0495526
7.00741e-05
-0.000379919
0.0497707
0.000112491
-0.000581141
0.0492281
0.000132197
-0.000507402
0.048353
0.000162714
-0.000198891
0.0476359
0.000188888
0.000198899
0.0473688
0.000198983
0.00050741
0.0476359
0.000188888
0.000581147
0.0483531
0.000162712
0.000379923
0.0492282
0.000132195
0.0497707
0.000112488
-0.000804423
0.0503672
0.000186938
-0.00123083
0.0492586
0.000238702
-0.00106727
0.0473001
0.000320178
-0.000414892
0.0458152
0.000388885
0.000414914
0.0452905
0.000415004
0.00106729
0.0458152
0.000388884
0.00123084
0.0473002
0.000320175
0.00080443
0.0492587
0.000238697
0.0503673
0.000186932
-0.00170849
0.0518623
0.000293356
-0.00262607
0.0497463
0.000420499
-0.00225069
0.0450623
0.000628361
-0.000860555
0.0420744
0.000797891
0.00086059
0.0411132
0.000860686
0.00225072
0.0420744
0.00079789
0.00262609
0.0450624
0.000628358
0.0017085
0.0497463
0.000420492
0.0518624
0.000293347
-0.00365151
0.0553443
0.000398009
-0.00569647
0.0523129
0.000693511
-0.00477704
0.0399021
0.00121864
-0.00176282
0.0345605
0.00162038
0.00176287
0.0330911
0.00176297
0.00477709
0.0345605
0.00162037
0.0056965
0.0399021
0.00121863
0.00365153
0.0523129
0.0006935
0.0553443
0.000397998
-0.00777747
0.0622043
0.000358712
-0.0126323
0.064108
0.00097158
-0.0101619
0.025912
0.00228195
-0.00346173
0.020514
0.00316756
0.0034618
0.0191912
0.0034619
0.010162
0.0205141
0.00316755
0.0126324
0.025912
0.00228194
0.00777753
0.0641081
0.000971568
0.0622043
0.000358697
-0.016056
0.0687781
-0.000212198
-0.0288848
0.0846265
0.000704253
-0.0214293
0.00382947
-0.00597268
0.00547272
0.00597277
0.00597282
0.0214294
0.00547272
0.0288849
0.00382946
0.0160561
0.0846265
0.000704232
0.0687781
-0.000212224
0.00343407
0.0628401
-0.00194089
0.08623
-0.00224445
-0.00343407
0.08623
-0.00224449
0.0628402
-0.00194093
0.0445202
0.0373657
-0.00419226
0.07341
0.051632
-0.00660563
0.0559815
0.0769421
-0.0128839
0.0174334
0.0662875
-0.0163704
-0.0174334
0.0631621
-0.0174333
-0.0559814
0.0662875
-0.0163705
-0.0734099
0.0769415
-0.012884
-0.0445202
0.0516319
-0.0066057
0.0373657
-0.0041923
0.0556137
-0.00539913
0.0851195
-0.00814323
0.0582044
0.140228
-0.0126607
0.0158778
0.119341
-0.015149
-0.0158779
0.113822
-0.0158778
-0.0582044
0.119341
-0.015149
-0.0851194
0.140227
-0.0126607
-0.0556136
-0.00814326
-0.00539921
0.00888921
0.161246
-0.00446725
0.00520914
0.1467
-0.00500018
-0.00520916
0.142407
-0.00520913
-0.00888921
0.1467
-0.00500018
0.161246
-0.00446726
0.00282874
0.159996
-0.00152831
0.00169659
0.155653
-0.00164333
-0.00169663
0.153821
-0.0016966
-0.00282876
0.155653
-0.00164334
0.159996
-0.00152832
0.000907766
0.159917
-0.000513865
0.000551633
0.158578
-0.000538836
-0.000551662
0.157906
-0.000551641
-0.000907786
0.158578
-0.000538836
0.159917
-0.000513867
0.00029312
0.159956
-0.000171026
0.000179445
0.159534
-0.00017647
-0.00017946
0.159302
-0.000179449
-0.000293132
0.159534
-0.000176472
0.159956
-0.00017103
9.50656e-05
0.159981
-5.65731e-05
5.84407e-05
0.159846
-5.77625e-05
-5.84468e-05
0.159768
-5.84405e-05
-9.50712e-05
0.159846
-5.77617e-05
0.159981
-5.65719e-05
3.09241e-05
0.159991
-1.86399e-05
1.90558e-05
0.159948
-1.89002e-05
-1.90558e-05
0.159922
-1.90528e-05
-3.09255e-05
0.159948
-1.89e-05
0.159991
-1.86399e-05
1.008e-05
0.159996
-6.12704e-06
6.22078e-06
0.159981
-6.18278e-06
-6.21742e-06
0.159973
-6.21599e-06
-1.00787e-05
0.159981
-6.18118e-06
0.159996
-6.12367e-06
3.28889e-06
0.159997
-2.00782e-06
2.03261e-06
0.159993
-2.01986e-06
-2.02781e-06
0.15999
-2.02717e-06
-3.28644e-06
0.159993
-2.01944e-06
0.159997
-2.00687e-06
1.07362e-06
0.159998
-6.57608e-07
6.64812e-07
0.159996
-6.59065e-07
-6.60268e-07
0.159995
-6.60012e-07
-1.07107e-06
0.159996
-6.57658e-07
0.159998
-6.54278e-07
3.47613e-07
0.159998
-2.12488e-07
2.15974e-07
0.159997
-2.12825e-07
-2.13335e-07
0.159997
-2.13248e-07
-3.46583e-07
0.159997
-2.12919e-07
0.159998
-2.12296e-07
1.08521e-07
0.159998
-6.8424e-08
6.7045e-08
0.159998
-6.75803e-08
-6.71145e-08
0.159998
-6.70933e-08
-1.08228e-07
0.159998
-6.66848e-08
0.159998
-6.60661e-08
2.47663e-08
-1.47243e-08
1.53905e-08
-1.46259e-08
-1.44365e-08
-1.44346e-08
-2.32567e-08
-1.43422e-08
-1.37114e-08
0.00775586
0.0131667
-0.0263003
0.00946008
0.0113086
-0.0159567
0.00670851
0.00975609
-0.0105683
0.00239735
0.00877374
-0.00670867
-0.00239746
0.0084406
-0.00544788
-0.00670861
0.00877374
-0.00670866
-0.00946013
0.00975604
-0.0105683
-0.00775587
0.0113086
-0.0159567
0.0131667
-0.0263003
0.00645546
0.0231983
-0.0219631
0.00792444
0.0202487
-0.0131646
0.0056693
0.0178053
-0.00879711
0.00203776
0.016249
-0.00566946
-0.00203787
0.0157184
-0.00465086
-0.0056694
0.016249
-0.00566944
-0.00792452
0.0178053
-0.00879704
-0.00645549
0.0202487
-0.0131645
0.0231983
-0.021963
0.00378761
0.0278258
-0.0101104
0.00505031
0.0254252
-0.0076026
0.00389744
0.0231857
-0.00549507
0.00144148
0.0216731
-0.0038976
-0.00144159
0.021144
-0.00333511
-0.00389754
0.0216731
-0.00389758
-0.00505039
0.0231857
-0.00549504
-0.00378765
0.0254252
-0.00760257
0.0278258
-0.0101103
0.00208119
0.0290761
-0.00481053
0.00294154
0.0277572
-0.00400476
0.00239368
0.0262454
-0.00310732
0.000906645
0.0251299
-0.00239384
-0.00090676
0.0247254
-0.00213032
-0.00239378
0.02513
-0.00239383
-0.00294161
0.0262454
-0.00310729
-0.00208123
0.0277572
-0.00400472
0.0290761
-0.0048105
0.00112127
0.0294729
-0.00232714
0.00164106
0.0287808
-0.00204502
0.00137918
0.0278771
-0.00167983
0.000530844
0.0271649
-0.00137934
-0.000530961
0.0268989
-0.0012653
-0.00137928
0.0271649
-0.00137932
-0.00164114
0.0278771
-0.00167981
-0.00112132
0.0287808
-0.00204499
0.0294729
-0.0023271
0.000598005
0.0295992
-0.00113716
0.000892793
0.0292363
-0.00103316
0.000764657
0.0287266
-0.000887504
0.000297303
0.0283072
-0.000764815
-0.000297424
0.0281473
-0.000717529
-0.000764764
0.0283072
-0.000764801
-0.000892873
0.0287266
-0.00088748
-0.000598047
0.0292363
-0.00103313
0.0295992
-0.00113712
0.000316676
0.0296325
-0.000559166
0.000478073
0.0294426
-0.000520032
0.000413964
0.0291651
-0.00046294
0.000161932
0.0289303
-0.000414119
-0.000162054
0.0288396
-0.00039513
-0.000414072
0.0289303
-0.000414105
-0.000478153
0.0291651
-0.000462915
-0.000316717
0.0294426
-0.000519998
0.0296325
-0.000559129
0.000167343
0.0296334
-0.000274559
0.000254132
0.0295363
-0.000260498
0.000221368
0.0293909
-0.00023957
8.68785e-05
0.0292655
-0.000221517
-8.6999e-05
0.0292165
-0.000214462
-0.000221475
0.0292655
-0.000221504
-0.000254211
0.0293909
-0.000239545
-0.000167384
0.0295363
-0.000260465
0.0296334
-0.000274522
9.01406e-05
0.0296188
-0.000130129
0.000137058
0.0295755
-0.000127347
0.00011951
0.0295081
-0.000123202
4.69103e-05
0.0294478
-0.000119653
-4.70294e-05
0.0294236
-0.000118278
-0.000119615
0.0294478
-0.00011964
-0.000137135
0.0295081
-0.000123177
-9.01806e-05
0.0295755
-0.000127314
0.0296188
-0.000130093
5.44751e-05
0.0295837
-4.82849e-05
8.19265e-05
0.0295825
-5.40839e-05
7.05374e-05
0.0295727
-6.28874e-05
2.74426e-05
0.0295576
-7.0674e-05
-2.75597e-05
0.0295499
-7.37997e-05
-7.06407e-05
0.0295576
-7.06612e-05
-8.2003e-05
0.0295727
-6.28633e-05
-5.4515e-05
0.0295825
-5.40517e-05
0.0295838
-4.82494e-05
4.92516e-05
0.0294987
1.83159e-05
7.08993e-05
0.0295579
-1.68212e-06
5.79389e-05
0.02962
-3.16632e-05
2.17441e-05
0.0296524
-5.80679e-05
-2.18584e-05
0.0296597
-6.87318e-05
-5.80397e-05
0.0296524
-5.80554e-05
-7.09736e-05
0.02962
-3.16398e-05
-4.92901e-05
0.0295579
-1.6508e-06
0.0294987
1.83508e-05
8.32193e-05
0.0292837
0.000118093
0.000112255
0.0294841
6.40077e-05
8.4323e-05
0.0296879
-1.50642e-05
2.97304e-05
0.0297973
-8.44434e-05
-2.98414e-05
0.0298239
-0.000113
-8.44208e-05
0.0297973
-8.44317e-05
-0.000112327
0.0296879
-1.50415e-05
-8.32572e-05
0.0294841
6.40379e-05
0.0292837
0.000118125
0.000201193
0.0287433
0.000342874
0.000256382
0.0293295
0.00019784
0.000178198
0.0298538
-3.37655e-06
5.90784e-05
0.0301079
-0.000178309
-5.91856e-05
0.0301616
-0.000253037
-0.000178292
0.0301079
-0.000178298
-0.000256451
0.0298538
-3.35485e-06
-0.000201229
0.0293295
0.000197869
0.0287434
0.000342906
0.000536138
0.0274814
0.000927811
0.000644236
0.0291197
0.00052323
0.000413219
0.0303195
1.73387e-05
0.000128395
0.0308194
-0.000413321
-0.000128497
0.0309018
-0.000610494
-0.000413309
0.0308194
-0.000413309
-0.000644303
0.0303195
1.73593e-05
-0.000536173
0.0291197
0.000523257
0.0274815
0.000927841
0.00144497
0.0252909
0.00254542
0.00161337
0.0293491
0.00133081
0.00093554
0.0315883
8.18202e-05
0.000268206
0.0323658
-0.000935631
-0.000268302
0.0324539
-0.00146254
-0.000935627
0.0323658
-0.00093562
-0.00161344
0.0315883
8.18393e-05
-0.00144501
0.0293491
0.00133083
0.0252909
0.00254545
0.00376868
0.0275018
0.00726811
0.00382509
0.0323305
0.00321129
0.00193791
0.0345947
0.000265045
0.000501562
0.0352912
-0.00193799
-0.000501653
0.0353457
-0.00333733
-0.00193799
0.0352912
-0.00193798
-0.00382514
0.0345947
0.000265062
-0.00376872
0.0323305
0.00321131
0.0275018
0.00726814
0.0085681
0.0395052
0.0220169
0.00774674
0.039504
0.00665855
0.00329316
0.0395023
0.000608033
0.000760593
0.0395007
-0.00329322
-0.000760677
0.0395002
-0.0066299
-0.00329323
0.0395007
-0.00329321
-0.00774683
0.0395023
0.000608051
-0.00856816
0.039504
0.00665857
0.0395052
0.0220169
0.0085672
0.0515088
0.022018
0.00774537
0.0466772
0.00665973
0.00329195
0.0444087
0.000609233
0.000760115
0.0437084
-0.00329201
-0.000760195
0.0436525
-0.00662867
-0.00329202
0.0437084
-0.003292
-0.00774545
0.0444087
0.000609249
-0.00856726
0.0466772
0.00665975
0.0515089
0.022018
0.00376555
0.0537207
0.0072721
0.0038203
0.0496577
0.00321534
0.00193371
0.0474112
0.000269201
0.00049991
0.0466273
-0.00193375
-0.000499978
0.0465368
-0.00333306
-0.00193377
0.0466273
-0.00193374
-0.00382034
0.0474112
0.000269214
-0.00376558
0.0496577
0.00321536
0.0537207
0.00727212
0.00143811
0.0515324
0.00255403
0.00160287
0.0498851
0.00133959
0.000926314
0.0486715
9.08766e-05
0.000264574
0.0481596
-0.000926339
-0.000264633
0.0480724
-0.00145316
-0.000926363
0.0481596
-0.000926336
-0.0016029
0.0486715
9.08877e-05
-0.00143813
0.0498852
0.00133961
0.0515324
0.00255404
0.000522224
0.0502754
0.000944867
0.000622932
0.0496715
0.000540739
0.000394502
0.0491201
3.55401e-05
0.000121022
0.0488423
-0.000394514
-0.000121071
0.0487793
-0.000591449
-0.000394544
0.0488423
-0.000394508
-0.000622962
0.0491201
3.55493e-05
-0.000522239
0.0496715
0.000540752
0.0502754
0.000944881
0.00017343
0.0497455
0.000375868
0.00021388
0.0495097
0.000231986
0.000140862
0.049252
3.2532e-05
4.43638e-05
0.0490955
-0.000140857
-4.44024e-05
0.0490504
-0.00021498
-0.000140895
0.0490955
-0.000140853
-0.000213903
0.0492521
3.25392e-05
-0.000173442
0.0495097
0.000231996
0.0497455
0.000375878
2.78948e-05
0.0495533
0.000181246
2.75795e-05
0.0494231
0.000130094
9.97235e-06
0.0492526
5.55073e-05
4.23493e-07
0.0491258
-9.95035e-06
-4.51275e-07
0.0490814
-3.69681e-05
-9.99617e-06
0.0491258
-9.94753e-06
-2.75962e-05
0.0492527
5.55124e-05
-2.7903e-05
0.0494232
0.0001301
0.0495533
0.000181254
-6.13782e-05
0.0495193
0.000138146
-9.83435e-05
0.049377
0.000125596
-9.05334e-05
0.0491665
0.00010703
-3.67517e-05
0.048991
9.05732e-05
3.67351e-05
0.0489243
8.38019e-05
9.05194e-05
0.048991
9.05751e-05
9.83341e-05
0.0491666
0.000107033
6.13737e-05
0.049377
0.0001256
0.0495193
0.000138151
-0.00016799
0.0496002
0.000176609
-0.000258184
0.0493508
0.000189711
-0.000227323
0.0489648
0.000209984
-8.97403e-05
0.0486383
0.000227381
8.97357e-05
0.0485137
0.000234054
0.000227319
0.0486384
0.000227382
0.000258182
0.0489648
0.000209986
0.00016799
0.0493509
0.000189713
0.0496003
0.000176611
-0.000360498
0.0498526
0.000285552
-0.00055144
0.0493517
0.000336135
-0.000481554
0.0485439
0.000414518
-0.000188797
0.0478821
0.000481629
0.000188804
0.0476359
0.000507477
0.00048156
0.0478822
0.000481629
0.000551446
0.0485439
0.000414519
0.000360501
0.0493518
0.000336135
0.0498527
0.000285551
-0.000753637
0.0504722
0.000476862
-0.00115303
0.0494551
0.00061088
-0.000999913
0.0476557
0.000822358
-0.000388773
0.0462952
0.00100001
0.000388793
0.0458152
0.00106737
0.000999933
0.0462952
0.001
0.00115304
0.0476557
0.000822357
0.000753644
0.0494552
0.000610878
0.0504723
0.00047686
-0.00158446
0.051927
0.000754444
-0.00243496
0.0499907
0.00108932
-0.00208658
0.0456755
0.00164108
-0.000797761
0.0429476
0.00208669
0.000797794
0.0420744
0.00225079
0.00208661
0.0429476
0.00208669
0.00243498
0.0456755
0.00164108
0.00158447
0.0499908
0.00108931
0.051927
0.000754439
-0.0033633
0.0551709
0.00104221
-0.00524593
0.0523883
0.00184556
-0.00439519
0.0407825
0.00330597
-0.00162023
0.0358906
0.00439531
0.00162028
0.0345605
0.00477716
0.00439523
0.0358906
0.00439531
0.00524595
0.0407824
0.00330596
0.00336332
0.0523884
0.00184555
0.0551709
0.0010422
-0.00716253
0.0613956
0.000994604
-0.0116367
0.0631986
0.00276235
-0.00933551
0.0266715
0.00678613
-0.00316739
0.0217103
0.00933564
0.00316746
0.0205141
0.010162
0.00933559
0.0217103
0.00933563
0.0116367
0.0266715
0.00678612
0.00716253
0.0631987
0.00276234
0.0613956
0.000994586
-0.0149562
0.0671097
-0.000395558
-0.0269304
0.0819628
0.00258507
-0.0198659
0.0145176
-0.00547253
0.0198661
0.00547262
0.0214294
0.019866
0.0198661
0.0269305
0.0145176
0.0149563
0.0819628
0.00258505
0.0671097
-0.000395583
0.00327179
0.0609135
-0.00499672
0.0830375
-0.00562473
-0.00327179
0.0830374
-0.00562477
0.0609135
-0.00499676
0.0420569
0.0361783
-0.0112082
0.069339
0.0499116
-0.0187759
0.0527568
0.0788796
-0.0416672
0.0163705
0.0691397
-0.0527566
-0.0163706
0.0662875
-0.0559814
-0.0527567
0.0691396
-0.0527566
-0.069339
0.078879
-0.0416673
-0.0420569
0.0499115
-0.018776
0.0361782
-0.0112082
0.053655
-0.0146605
0.082403
-0.0241942
0.0561337
0.144217
-0.0479816
0.015149
0.124505
-0.0561336
-0.0151491
0.119341
-0.0582043
-0.0561337
0.124505
-0.0561336
-0.082403
0.144217
-0.0479815
-0.053655
-0.0241942
-0.0146605
0.00853256
0.164666
-0.00761442
0.00500019
0.150775
-0.00853256
-0.00500021
0.1467
-0.0088892
-0.00853257
0.150775
-0.00853256
0.164666
-0.00761443
0.00273943
0.161581
-0.00254544
0.00164333
0.157412
-0.00273944
-0.00164337
0.155653
-0.00282874
-0.00273946
0.157412
-0.00273944
0.161581
-0.00254544
0.00088655
0.160526
-0.000845027
0.000538832
0.15923
-0.000886553
-0.000538858
0.158579
-0.000907773
-0.000886567
0.15923
-0.000886553
0.160526
-0.000845028
0.000288224
0.160172
-0.000279258
0.000176466
0.159761
-0.000288228
-0.000176483
0.159534
-0.000293126
-0.000288237
0.159761
-0.00028823
0.160172
-0.000279262
9.39557e-05
0.160055
-9.20085e-05
5.77625e-05
0.159922
-9.39571e-05
-5.77675e-05
0.159846
-9.50672e-05
-9.39607e-05
0.159922
-9.39572e-05
0.160055
-9.20089e-05
3.06754e-05
0.160016
-3.02495e-05
1.89033e-05
0.159973
-3.06745e-05
-1.8903e-05
0.159948
-3.09236e-05
-3.06768e-05
0.159973
-3.06749e-05
0.160016
-3.02501e-05
1.00253e-05
0.160004
-9.93095e-06
6.18764e-06
0.15999
-1.00227e-05
-6.18261e-06
0.159982
-1.00778e-05
-1.00227e-05
0.15999
-1.00218e-05
0.160004
-9.92886e-06
3.27691e-06
0.16
-3.25408e-06
2.02533e-06
0.159995
-3.27386e-06
-2.02008e-06
0.159993
-3.28601e-06
-3.27425e-06
0.159995
-3.27383e-06
0.16
-3.25321e-06
1.07155e-06
0.159998
-1.06531e-06
6.63945e-07
0.159996
-1.06859e-06
-6.5791e-07
0.159996
-1.07088e-06
-1.06778e-06
0.159996
-1.06761e-06
0.159998
-1.06278e-06
3.47132e-07
0.159998
-3.45181e-07
2.15627e-07
0.159997
-3.4583e-07
-2.13003e-07
0.159997
-3.46511e-07
-3.46143e-07
0.159997
-3.46079e-07
0.159998
-3.44706e-07
1.08818e-07
0.159998
-1.09635e-07
6.74531e-08
0.159998
-1.08602e-07
-6.67039e-08
0.159998
-1.08203e-07
-1.07805e-07
0.159998
-1.07786e-07
0.159998
-1.07385e-07
2.47652e-08
-2.38751e-08
1.54271e-08
-2.34749e-08
-1.43432e-08
-2.32511e-08
-2.31636e-08
-2.31599e-08
-2.22165e-08
0.0299102
0.0199093
-0.0315481
0.0177326
0.0143556
-0.0238867
0.0105681
0.0114468
-0.0177327
0.00364598
0.00975609
-0.0094602
-0.00364609
0.00920194
-0.00717908
-0.0105682
0.00975604
-0.0094602
-0.0177326
0.0114468
-0.0177327
-0.0299102
0.0143556
-0.0238866
0.0199093
-0.0315481
0.0271881
0.0343227
-0.0262373
0.014838
0.025045
-0.0198211
0.00879692
0.0204578
-0.0148382
0.00304679
0.0178053
-0.00792456
-0.00304689
0.0169345
-0.00607359
-0.00879702
0.0178053
-0.00792455
-0.0148381
0.0204578
-0.0148381
-0.0271881
0.025045
-0.0198211
0.0343227
-0.0262373
0.00611623
0.035815
-0.0122036
0.00756522
0.0294576
-0.00999107
0.00549491
0.0255993
-0.00756534
0.00200026
0.0231857
-0.00505042
-0.00200037
0.0223662
-0.00418571
-0.005495
0.0231857
-0.00505041
-0.00756529
0.0255993
-0.00756532
-0.00611627
0.0294576
-0.00999106
0.035815
-0.0122036
0.0028396
0.0324083
-0.00574145
0.00390086
0.0301002
-0.00493704
0.00310715
0.0278512
-0.00390098
0.00116922
0.0262454
-0.00294165
-0.00116932
0.0256711
-0.00258224
-0.00310725
0.0262454
-0.00294164
-0.00390094
0.0278512
-0.00390096
-0.00283964
0.0301002
-0.00493701
0.0324083
-0.00574143
0.00139161
0.0310096
-0.00273807
0.00201478
0.0300254
-0.00243618
0.00167967
0.0288168
-0.00201489
0.000644722
0.0278771
-0.00164117
-0.000644828
0.0275284
-0.00149691
-0.00167977
0.0278771
-0.00164116
-0.00201485
0.0288168
-0.00201487
-0.00139164
0.0300254
-0.00243616
0.0310096
-0.00273804
0.000699131
0.0303379
-0.00132239
0.00103937
0.029877
-0.00120713
0.000887346
0.0292443
-0.00103949
0.000344589
0.0287266
-0.000892906
-0.000344696
0.0285299
-0.000835708
-0.000887443
0.0287266
-0.000892896
-0.00103945
0.0292443
-0.00103947
-0.000699168
0.029877
-0.00120711
0.0303379
-0.00132236
0.000355111
0.0299956
-0.000644919
0.000535182
0.0297694
-0.000600833
0.000462787
0.0294416
-0.000535292
0.000180934
0.0291651
-0.000478183
-0.000181041
0.0290584
-0.000455801
-0.000462882
0.0291651
-0.000478173
-0.000535253
0.0294417
-0.000535274
-0.000355148
0.0297694
-0.00060081
0.0299956
-0.000644895
0.000181233
0.0298181
-0.000315074
0.000275025
0.0297051
-0.000299117
0.00023942
0.0295363
-0.000275133
9.39424e-05
0.0293909
-0.000254239
-9.40496e-05
0.0293341
-0.000246038
-0.000239515
0.0293909
-0.00025423
-0.000275096
0.0295364
-0.000275114
-0.00018127
0.0297051
-0.000299093
0.0298181
-0.00031505
9.28795e-05
0.0297252
-0.000149267
0.000141176
0.0296698
-0.000146068
0.000123059
0.0295843
-0.000141279
4.82975e-05
0.0295081
-0.00013716
-4.84036e-05
0.0294778
-0.000135563
-0.000123152
0.0295081
-0.00013715
-0.000141245
0.0295844
-0.000141261
-9.29159e-05
0.0296698
-0.000146044
0.0297252
-0.000149243
4.86701e-05
0.0296747
-5.68449e-05
7.30709e-05
0.029653
-6.32836e-05
6.27508e-05
0.0296137
-7.31696e-05
2.43622e-05
0.0295727
-8.20246e-05
-2.44665e-05
0.0295547
-8.56188e-05
-6.28429e-05
0.0295727
-8.20151e-05
-7.31395e-05
0.0296138
-7.31519e-05
-4.87061e-05
0.0296531
-6.32607e-05
0.0296747
-5.68212e-05
2.93299e-05
0.0296432
1.47912e-05
4.07196e-05
0.0296527
-7.21463e-06
3.15342e-05
0.0296463
-4.08127e-05
1.13053e-05
0.02962
-7.09919e-05
-1.14073e-05
0.029603
-8.3398e-05
-3.16242e-05
0.02962
-7.09825e-05
-4.07862e-05
0.0296464
-4.07954e-05
-2.93643e-05
0.0296528
-7.19182e-06
0.0296432
1.4815e-05
2.98063e-05
0.0296186
0.000113204
3.23637e-05
0.0296838
5.52826e-05
1.49435e-05
0.0297184
-3.24511e-05
2.30924e-06
0.0296879
-0.000112342
-2.40827e-06
0.0296537
-0.000146432
-1.50308e-05
0.0296879
-0.000112333
-3.24285e-05
0.0297185
-3.24345e-05
-2.98403e-05
0.0296838
5.53042e-05
0.0296186
0.000113226
6.09418e-05
0.0296094
0.000314376
5.18305e-05
0.0298075
0.000167182
3.265e-06
0.029921
-5.19113e-05
-9.98372e-06
0.0298538
-0.000256463
9.88818e-06
0.0297571
-0.000350664
-3.34915e-06
0.0298538
-0.000256454
-5.18925e-05
0.029921
-5.18951e-05
-6.09738e-05
0.0298075
0.000167203
0.0296094
0.000314398
0.000163376
0.0297188
0.000777884
0.000125295
0.0302188
0.000406997
-1.74405e-05
0.0304848
-0.000125369
-4.1174e-05
0.0303195
-0.00064431
4.10827e-05
0.0300512
-0.000921085
1.73601e-05
0.0303195
-0.000644302
-0.000125354
0.0304848
-0.000125353
-0.000163407
0.0302188
0.000407017
0.0297188
0.000777904
0.00043712
0.030444
0.00184489
0.000316841
0.0314406
0.00091986
-8.19111e-05
0.0319112
-0.000316908
-0.000130382
0.0315883
-0.00161344
0.000130296
0.0309896
-0.00251364
8.18349e-05
0.0315883
-0.00161343
-0.000316897
0.0319113
-0.000316893
-0.000437148
0.0314406
0.000919877
0.030444
0.00184492
0.00105334
0.0334328
0.00413243
0.000727097
0.0344717
0.00189758
-0.000265125
0.0349247
-0.000727152
-0.000354367
0.0345947
-0.00382514
0.000354286
0.0339314
-0.00715678
0.000265053
0.0345947
-0.00382514
-0.000727149
0.0349247
-0.000727139
-0.00105337
0.0344717
0.00189759
0.0334328
0.00413245
0.0020111
0.0395066
0.00800315
0.00133006
0.0395055
0.00322512
-0.000608103
0.0395038
-0.00133011
-0.000738799
0.0395023
-0.00774682
0.000738721
0.0395017
-0.0217188
0.000608034
0.0395023
-0.00774677
-0.00133011
0.0395038
-0.0013301
-0.00201112
0.0395055
0.00322514
0.0395066
0.00800315
0.00201022
0.0455814
0.00800446
0.00132871
0.0445396
0.00322645
-0.000609287
0.0440825
-0.00132875
-0.000739263
0.0444087
-0.00774544
0.000739197
0.0450707
-0.0217174
0.00060923
0.0444087
-0.00774544
-0.00132875
0.0440825
-0.00132874
-0.00201024
0.0445396
0.00322647
0.0455814
0.00800447
0.00105028
0.0485734
0.00413696
0.000722409
0.0475722
0.00190218
-0.000269242
0.0470945
-0.000722437
-0.000355986
0.0474112
-0.00382034
0.000355926
0.0480076
-0.00715193
0.00026919
0.0474112
-0.00382032
-0.000722447
0.0470945
-0.000722426
-0.0010503
0.0475722
0.00190219
0.0485734
0.00413697
0.000430434
0.0493057
0.00185467
0.000306606
0.048797
0.00092983
-9.09035e-05
0.0485178
-0.000306626
-0.000133922
0.0486715
-0.00160289
0.000133869
0.0489354
-0.00250298
9.08575e-05
0.0486715
-0.00160289
-0.00030664
0.0485178
-0.000306618
-0.000430451
0.048797
0.000929845
0.0493057
0.00185468
0.000149913
0.0494292
0.000797256
0.000104682
0.0492144
0.000426886
-3.55516e-05
0.0490754
-0.000104691
-4.83091e-05
0.0491201
-0.000622941
4.82651e-05
0.0492081
-0.000899446
3.55134e-05
0.0491201
-0.000622937
-0.000104709
0.0490754
-0.000104684
-0.000149927
0.0492144
0.000426897
0.0494293
0.000797268
3.43292e-05
0.0494481
0.000351879
1.10878e-05
0.0493501
0.000205999
-3.25271e-05
0.0492655
-1.10857e-05
-2.40921e-05
0.0492521
-0.000213877
2.40574e-05
0.0492691
-0.000307388
3.24971e-05
0.0492521
-0.000213874
-1.11094e-05
0.0492655
-1.10799e-05
-3.43404e-05
0.0493501
0.000206006
0.0494482
0.000351887
-2.25923e-05
0.0494791
0.000185044
-4.78371e-05
0.0494049
0.000130467
-5.54853e-05
0.0493126
4.78515e-05
-2.54557e-05
0.0492527
-2.75652e-05
2.54307e-05
0.049236
-5.98993e-05
5.54638e-05
0.0492527
-2.75628e-05
4.78221e-05
0.0493127
4.7856e-05
2.2585e-05
0.0494049
0.000130473
0.0494791
0.000185052
-7.38664e-05
0.0495577
0.000151228
-0.000117157
0.0494516
0.000137737
-0.00010699
0.0492953
0.000117185
-4.32818e-05
0.0491665
9.83705e-05
4.32669e-05
0.0491185
9.04114e-05
0.000106978
0.0491666
9.83722e-05
0.000117149
0.0492954
0.000117187
7.38623e-05
0.0494516
0.00013774
0.0495577
0.000151233
-0.000154929
0.0497258
0.000199556
-0.000238197
0.0495281
0.00021479
-0.000209927
0.0492229
0.000238237
-8.29501e-05
0.0489648
0.000258224
8.29459e-05
0.0488664
0.000265847
0.000209923
0.0489648
0.000258225
0.000238195
0.0492229
0.000238239
0.000154929
0.0495281
0.000214792
0.0497258
0.00019956
-0.000309993
0.0500684
0.000325656
-0.000474229
0.04968
0.000383944
-0.000414443
0.0490558
0.000474282
-0.000162622
0.0485439
0.000551493
0.00016263
0.0483531
0.000581192
0.00041445
0.0485439
0.000551493
0.000474235
0.0490558
0.000474283
0.000309996
0.04968
0.000383945
0.0500684
0.000325656
-0.000619419
0.0507592
0.000546489
-0.00094741
0.0500017
0.000701897
-0.000822266
0.0486642
0.000947474
-0.000320066
0.0476557
0.00115309
0.000320086
0.0473002
0.00123089
0.000822281
0.0476557
0.00115309
0.00094742
0.0486642
0.000947474
0.000619426
0.0500018
0.000701897
0.0507592
0.000546489
-0.00124634
0.0521388
0.000870459
-0.00191367
0.0507521
0.00126343
-0.00164097
0.0476143
0.00191375
-0.000628231
0.0456755
0.00243503
0.000628264
0.0450624
0.00262614
0.001641
0.0456755
0.00243503
0.00191369
0.0476144
0.00191375
0.00124635
0.0507521
0.00126343
0.0521388
0.000870456
-0.00253539
0.0547994
0.00121844
-0.00394898
0.0528747
0.00218
-0.00330584
0.0441665
0.00394907
-0.00121848
0.0407824
0.00524601
0.00121853
0.0399021
0.00569655
0.00330588
0.0407824
0.005246
0.003949
0.0441666
0.00394906
0.0025354
0.0528747
0.00217999
0.0547994
0.00121843
-0.00524139
0.0592945
0.0012053
-0.00851312
0.0609028
0.00339113
-0.00678599
0.0300704
0.00851322
-0.00228178
0.0266715
0.0116368
0.00228185
0.025912
0.0126324
0.00678604
0.0266715
0.0116367
0.00851315
0.0300704
0.00851321
0.0052414
0.0609028
0.00339112
0.0592945
0.00120528
-0.0110979
0.0624984
-0.000348555
-0.0200747
0.0741005
0.0035465
-0.0145175
0.0200748
-0.0038293
0.0269305
0.00382937
0.0288849
0.0145175
0.0269305
0.0200747
0.0200747
0.0110979
0.0741005
0.00354647
0.0624984
-0.000348575
0.00282694
0.0554018
-0.00581428
0.0730213
-0.00644411
-0.00282695
0.0730213
-0.00644413
0.0554019
-0.0058143
0.0334152
0.0327006
-0.0134155
0.0549535
0.0441956
-0.0233556
0.0416674
0.0855819
-0.0549534
0.0128841
0.0788791
-0.0693389
-0.0128841
0.0769416
-0.0734099
-0.0416674
0.0788791
-0.0693389
-0.0549535
0.0855819
-0.0549534
-0.0334151
0.0441955
-0.0233556
0.0327006
-0.0134155
0.045608
-0.0178405
0.0708522
-0.0314096
0.0479816
0.159777
-0.0708522
0.0126607
0.144217
-0.0824029
-0.0126608
0.140228
-0.0851194
-0.0479816
0.144217
-0.0824029
-0.0708522
0.159777
-0.0708522
-0.045608
-0.0314096
-0.0178404
0.00761444
0.176331
0.00446727
0.164666
-0.00446732
0.161246
-0.00761446
0.164666
0.176332
0.00254544
0.165306
0.00152831
0.161581
-0.00152835
0.159996
-0.00254547
0.161581
0.165307
0.00084502
0.161731
0.000513857
0.160526
-0.000513888
0.159917
-0.000845041
0.160526
0.161731
0.000279253
0.160564
0.000171021
0.160172
-0.000171041
0.159956
-0.000279269
0.160172
0.160564
9.20072e-05
0.160183
5.65723e-05
0.160055
-5.65777e-05
0.159981
-9.20123e-05
0.160055
0.160183
3.02502e-05
0.160059
1.86423e-05
0.160016
-1.86429e-05
0.159991
-3.0252e-05
0.160016
0.160059
9.93343e-06
0.160018
6.13128e-06
0.160004
-6.12512e-06
0.159996
-9.92977e-06
0.160004
0.160018
3.25704e-06
0.160004
2.01302e-06
0.16
-2.00753e-06
0.159997
-3.25363e-06
0.16
0.160004
1.06816e-06
0.16
6.62084e-07
0.159998
-6.54551e-07
0.159998
-1.06296e-06
0.159998
0.16
3.46384e-07
0.159999
2.15011e-07
0.159998
-2.12391e-07
0.159998
-3.44774e-07
0.159998
0.159999
1.09902e-07
0.159998
6.83731e-08
0.159998
-6.60919e-08
0.159998
-1.07407e-07
0.159998
0.159998
2.52779e-08
1.58783e-08
-1.3715e-08
-2.22211e-08
0.0343747
0.0252017
-0.0372683
0.0238866
0.0184237
-0.0343748
0.0159566
0.0143556
-0.0299103
0.00586373
0.0113086
-0.00775592
-0.00586382
0.0103243
-0.00545353
-0.0159567
0.0113086
-0.00775592
-0.0238866
0.0143556
-0.0299103
-0.0343747
0.0184237
-0.0343747
0.0252017
-0.0372683
0.0308085
0.0426457
-0.0331504
0.019821
0.0314277
-0.0308086
0.0131644
0.025045
-0.0271881
0.00484669
0.0202487
-0.00645551
-0.00484678
0.01871
-0.00457678
-0.0131645
0.0202487
-0.00645551
-0.019821
0.025045
-0.0271881
-0.0308085
0.0314277
-0.0308086
0.0426457
-0.0331504
0.00781683
0.0425607
-0.00893778
0.00999095
0.034761
-0.0078169
0.00760244
0.0294577
-0.00611629
0.00284957
0.0254252
-0.00378767
-0.00284966
0.0240761
-0.0030225
-0.00760253
0.0254252
-0.00378766
-0.00999104
0.0294576
-0.00611628
-0.00781689
0.034761
-0.0078169
0.0425608
-0.00893778
0.0035477
0.0360406
-0.00401803
0.00493692
0.0331018
-0.00354776
0.0040046
0.0301002
-0.00283966
0.00152585
0.0277572
-0.00208125
-0.00152594
0.0269156
-0.00179718
-0.00400468
0.0277572
-0.00208124
-0.00493699
0.0301002
-0.00283965
-0.00354774
0.0331018
-0.00354775
0.0360406
-0.00401802
0.00167486
0.0328035
-0.00186314
0.00243607
0.031568
-0.00167492
0.00204486
0.0300254
-0.00139166
0.00078885
0.0287808
-0.00112133
-0.00078895
0.028316
-0.00101583
-0.00204495
0.0287808
-0.00112132
-0.00243613
0.0300254
-0.00139166
-0.00167489
0.031568
-0.0016749
0.0328035
-0.00186313
0.000810681
0.031208
-0.000884679
0.00120702
0.0306488
-0.000810741
0.001033
0.029877
-0.000699189
0.000401928
0.0292364
-0.000598063
-0.000402026
0.0289918
-0.000558205
-0.00103309
0.0292364
-0.000598057
-0.00120708
0.029877
-0.000699179
-0.000810715
0.0306488
-0.000810727
0.031208
-0.000884667
0.000398436
0.0304202
-0.000427121
0.000600723
0.0301548
-0.000398494
0.000519878
0.0297694
-0.000355168
0.000203398
0.0294427
-0.000316732
-0.000203496
0.0293162
-0.000301567
-0.000519966
0.0294427
-0.000316726
-0.000600788
0.0297694
-0.000355159
-0.000398471
0.0301548
-0.000398481
0.0304202
-0.00042711
0.00019703
0.0300314
-0.0002075
0.000299009
0.0299006
-0.000197086
0.000260349
0.0297051
-0.000181289
0.000102179
0.0295363
-0.000167398
-0.000102277
0.0294703
-0.000161923
-0.000260436
0.0295363
-0.000167393
-0.000299075
0.0297051
-0.000181279
-0.000197065
0.0299006
-0.000197073
0.0300314
-0.000207489
9.605e-05
0.0298444
-9.82109e-05
0.000145965
0.0297756
-9.61041e-05
0.000127204
0.0296698
-9.29329e-05
4.99202e-05
0.0295756
-9.01932e-05
-5.00168e-05
0.0295379
-8.91301e-05
-0.000127289
0.0295756
-9.01877e-05
-0.000146029
0.0296698
-9.29232e-05
-9.6084e-05
0.0297756
-9.60913e-05
0.0298444
-9.82e-05
4.22595e-05
0.029768
-3.81739e-05
6.31849e-05
0.029725
-4.23113e-05
5.39477e-05
0.029653
-4.87215e-05
2.08488e-05
0.0295825
-5.45257e-05
-2.09439e-05
0.0295519
-5.69052e-05
-5.4032e-05
0.0295825
-5.45204e-05
-6.32484e-05
0.0296531
-4.87119e-05
-4.22935e-05
0.029725
-4.22994e-05
0.029768
-3.81632e-05
7.52419e-06
0.0297713
6.50386e-06
7.12143e-06
0.0297324
-7.57301e-06
1.55357e-06
0.0296527
-2.93783e-05
-7.05394e-07
0.0295579
-4.92993e-05
6.12456e-07
0.0295096
-5.76258e-05
-1.6358e-06
0.0295579
-4.9294e-05
-7.18271e-06
0.0296528
-2.93685e-05
-7.55644e-06
0.0297324
-7.56071e-06
0.0297713
6.51503e-06
-2.70211e-05
0.0298727
6.34842e-05
-5.53701e-05
0.0298213
2.6975e-05
-6.4128e-05
0.0296838
-2.9852e-05
-2.97268e-05
0.0294841
-8.32647e-05
2.96366e-05
0.0293622
-0.00010685
6.40481e-05
0.0294841
-8.32598e-05
5.53101e-05
0.0296838
-2.9843e-05
2.69889e-05
0.0298213
2.69863e-05
0.0298727
6.34946e-05
-8.05604e-05
0.0301588
0.000170742
-0.000167263
0.0300826
8.0518e-05
-0.000197951
0.0298075
-6.0984e-05
-9.32639e-05
0.0293295
-0.000201235
9.31771e-05
0.0289684
-0.000270512
0.000197875
0.0293295
-0.00020123
0.000167206
0.0298075
-6.09748e-05
8.05308e-05
0.0300826
8.05296e-05
0.0301588
0.000170753
-0.000179243
0.0308402
0.000395343
-0.000407071
0.0307415
0.000179204
-0.000523331
0.0302188
-0.000163414
-0.00025871
0.0291197
-0.000536177
0.000258627
0.0280197
-0.000763087
0.000523258
0.0291197
-0.000536172
0.000407015
0.0302188
-0.000163406
0.000179213
0.0307415
0.000179214
0.0308402
0.000395353
-0.00035582
0.0323367
0.000848887
-0.000919926
0.0322488
0.000355785
-0.0013309
0.0314406
-0.000437154
-0.00070334
0.0293491
-0.00144501
0.00070326
0.0263245
-0.00231456
0.00133082
0.0293491
-0.00144501
0.000919871
0.0314406
-0.000437146
0.000355793
0.0322488
0.000355796
0.0323368
0.000848899
-0.000623955
0.0352399
0.00164843
-0.00189763
0.0351965
0.000623928
-0.00321137
0.0344717
-0.00105337
-0.00184774
0.0323305
-0.00376871
0.00184767
0.0285616
-0.00772062
0.0032113
0.0323305
-0.00376871
0.00189758
0.0344717
-0.00105336
0.000623929
0.0351965
0.000623935
0.0352399
0.00164843
-0.000895164
0.0395083
0.00263689
-0.00322517
0.0395071
0.000895137
-0.00665861
0.0395055
-0.00201112
-0.00423036
0.039504
-0.00856816
0.00423029
0.0395034
-0.0793151
0.00665855
0.039504
-0.00856811
0.00322513
0.0395055
-0.00201112
0.000895139
0.0395072
0.000895145
0.0395083
0.0026369
-0.00089603
0.0437783
0.00263775
-0.0032265
0.0438189
0.000896004
-0.00665978
0.0445396
-0.00201024
-0.00423082
0.0466772
-0.00856726
0.00423076
0.0504447
-0.079314
0.00665972
0.0466772
-0.00856726
0.00322645
0.0445396
-0.00201023
0.000896004
0.043819
0.000896011
0.0437784
0.00263776
-0.000626941
0.0466872
0.00165138
-0.00190221
0.0467707
0.000626927
-0.00321539
0.0475722
-0.00105029
-0.00184932
0.0496577
-0.00376557
0.00184927
0.05268
-0.00771746
0.00321533
0.0496577
-0.00376557
0.00190217
0.0475722
-0.00105029
0.000626927
0.0467707
0.000626934
0.0466872
0.00165138
-0.000362305
0.0481963
0.000855267
-0.000929854
0.0482867
0.000362293
-0.00133962
0.048797
-0.000430445
-0.000706772
0.0498852
-0.00143812
0.000706728
0.0509808
-0.00230761
0.00133958
0.0498852
-0.00143812
0.000929821
0.048797
-0.00043044
0.000362288
0.0482867
0.0003623
0.0481963
0.000855274
-0.00019219
0.0489025
0.000407986
-0.000426895
0.0489631
0.000192184
-0.000540751
0.0492144
-0.000149919
-0.000265574
0.0496715
-0.000522229
0.000265534
0.0500243
-0.000748962
0.000540716
0.0496715
-0.000522227
0.00042687
0.0492144
-0.000149914
0.000192177
0.0489631
0.00019219
0.0489025
0.000407992
-0.00010586
0.0492369
0.000195225
-0.000205997
0.0492583
0.00010586
-0.000231982
0.0493501
-3.43289e-05
-0.00010668
0.0495097
-0.00017343
0.000106648
0.0496158
-0.000242255
0.000231954
0.0495097
-0.000173428
0.000205977
0.0493501
-3.43256e-05
0.000105849
0.0492583
0.000105864
0.0492369
0.00019523
-7.60729e-05
0.0494313
0.000110401
-0.000130453
0.0494128
7.60795e-05
-0.000130071
0.0494049
2.25991e-05
-5.57274e-05
0.0494232
-2.78881e-05
5.57046e-05
0.0494414
-5.03256e-05
0.000130052
0.0494232
-2.78865e-05
0.000130439
0.0494049
2.26021e-05
7.60663e-05
0.0494129
7.60837e-05
0.0494313
0.000110406
-8.71372e-05
0.0496127
9.56563e-05
-0.000137709
0.0495465
8.7151e-05
-0.000125556
0.0494516
7.38801e-05
-5.08074e-05
0.049377
6.13913e-05
5.07946e-05
0.0493509
5.59729e-05
0.000125546
0.0493771
6.13924e-05
0.000137702
0.0494516
7.38815e-05
8.71337e-05
0.0495465
8.71532e-05
0.0496127
9.56593e-05
-0.000139528
0.0498747
0.000129497
-0.00021475
0.0497377
0.000139548
-0.000189654
0.0495281
0.00015495
-7.50753e-05
0.0493509
0.000168009
7.50722e-05
0.0492833
0.000172965
0.000189652
0.0493509
0.000168011
0.000214749
0.0495281
0.000154951
0.000139528
0.0497377
0.000139551
0.0498747
0.0001295
-0.000250874
0.0503241
0.000212726
-0.000383892
0.0500743
0.000250901
-0.00033606
0.04968
0.000310019
-0.000132106
0.0493518
0.000360524
0.000132114
0.0492282
0.000379944
0.000336067
0.0493518
0.000360524
0.000383897
0.04968
0.000310019
0.000250877
0.0500743
0.000250901
0.0503241
0.000212727
-0.000459127
0.0511146
0.000357571
-0.000701832
0.0506999
0.00045916
-0.000610788
0.0500017
0.000619452
-0.000238591
0.0494551
0.00075367
0.000238611
0.0492587
0.00080445
0.000610806
0.0494552
0.00075367
0.000701846
0.0500018
0.000619452
0.000459135
0.0506999
0.000459161
0.0511146
0.000357572
-0.000825098
0.0524561
0.000569481
-0.00126335
0.0518925
0.000825138
-0.00108921
0.0507521
0.00124638
-0.000420369
0.0499907
0.00158449
0.000420402
0.0497463
0.00170853
0.00108924
0.0499908
0.00158449
0.00126338
0.0507521
0.00124638
0.00082511
0.0518926
0.000825137
0.0524561
0.000569479
-0.00141233
0.0545182
0.000794225
-0.00217991
0.0542391
0.00141237
-0.00184544
0.0528747
0.00253543
-0.000693363
0.0523883
0.00336334
0.000693407
0.0523129
0.00365155
0.00184547
0.0523884
0.00336334
0.00217994
0.0528747
0.00253543
0.00141234
0.0542391
0.00141237
0.0545182
0.000794224
-0.00213936
0.0568764
0.000770841
-0.00339103
0.0587563
0.0021394
-0.00276221
0.0609028
0.00524144
-0.000971421
0.0631986
0.00716259
0.000971474
0.0641081
0.00777753
0.00276226
0.0631987
0.00716254
0.00339107
0.0609028
0.00524143
0.00213937
0.0587563
0.0021394
0.0568763
0.000770829
-0.00202058
0.0565854
-0.000284735
-0.00354639
0.0627407
0.00202064
-0.00258492
0.0741006
0.011098
-0.000704086
0.0819628
0.0149563
0.000704139
0.0846265
0.0160561
0.00258497
0.0819628
0.0149563
0.00354642
0.0741005
0.0110979
0.0020206
0.0627406
0.00202062
0.0565854
-0.000284745
0.0043754
0.0478754
-0.00386661
0.00644422
0.0563157
-0.00437535
0.00562488
0.0730213
-0.00282694
0.00224461
0.0830375
-0.00327179
-0.00224458
0.08623
-0.00343406
-0.00562485
0.0830374
-0.00327179
-0.0064442
0.0730213
-0.00282694
-0.00437539
0.0563157
-0.00437536
0.0478754
-0.00386661
0.0151351
0.0277273
-0.00885867
0.0233557
0.0333602
-0.0151351
0.0187761
0.0441956
-0.0334151
0.0066058
0.0499116
-0.0420569
-0.0066058
0.0516319
-0.0445201
-0.0187761
0.0499115
-0.0420568
-0.0233557
0.0441955
-0.0334151
-0.0151351
0.0333602
-0.0151351
0.0277273
-0.00885867
0.0208058
-0.0118763
0.0314097
-0.0208057
0.0241943
-0.045608
0.00814334
-0.0536549
-0.00814336
-0.0556136
-0.0241942
-0.0536549
-0.0314097
-0.045608
-0.0208058
-0.0208057
-0.0118762
0.0372683
0.0325298
0.031548
0.0252017
0.0263002
0.0199093
0.0107333
0.0131667
-0.0107333
0.011417
-0.0263002
0.0131667
-0.0315481
0.0199093
-0.0372683
0.0252017
0.0325297
0.0331503
0.0547157
0.0262371
0.0426457
0.0219629
0.0343227
0.00900243
0.0231983
-0.00900252
0.0204275
-0.021963
0.0231983
-0.0262372
0.0343227
-0.0331504
0.0426457
0.0547156
0.00893772
0.0510414
0.0122035
0.0425608
0.0101102
0.035815
0.00397181
0.0278258
-0.0039719
0.0256143
-0.0101103
0.0278258
-0.0122036
0.035815
-0.00893778
0.0425607
0.0510414
0.00401797
0.0393285
0.00574134
0.0360406
0.00481038
0.0324083
0.00186878
0.0290761
-0.00186886
0.0279162
-0.00481045
0.0290761
-0.0057414
0.0324083
-0.004018
0.0360406
0.0393285
0.00186308
0.0341913
0.00273795
0.0328035
0.00232698
0.0310096
0.000904711
0.0294729
-0.000904804
0.0288989
-0.00232707
0.0294729
-0.00273802
0.0310096
-0.00186312
0.0328035
0.0341913
0.000884619
0.0318296
0.00132228
0.031208
0.00113701
0.0303379
0.000443753
0.0295992
-0.000443846
0.0293162
-0.00113709
0.0295992
-0.00132234
0.0303379
-0.000884659
0.031208
0.0318296
0.000427064
0.030711
0.00064481
0.0304202
0.000559014
0.0299956
0.000218969
0.0296325
-0.000219062
0.0294917
-0.000559097
0.0296325
-0.000644874
0.0299956
-0.0004271
0.0304202
0.030711
0.000207444
0.0301739
0.000314967
0.0300314
0.000274412
0.0298181
0.000107746
0.0296334
-0.000107839
0.029561
-0.000274495
0.0296334
-0.000315032
0.0298181
-0.000207481
0.0300314
0.0301739
9.81572e-05
0.0299218
0.000149165
0.0298444
0.000129988
0.0297252
5.10131e-05
0.0296188
-5.11039e-05
0.0295761
-0.000130069
0.0296188
-0.000149228
0.0297252
-9.81922e-05
0.0298444
0.0299218
3.81223e-05
0.0298245
5.67469e-05
0.029768
4.81502e-05
0.0296747
1.85163e-05
0.0295838
-1.86059e-05
0.0295441
-4.82303e-05
0.0295838
-5.68091e-05
0.0296747
-3.81574e-05
0.029768
0.0298245
-6.55244e-06
0.0298402
-1.48836e-05
0.0297713
-1.84431e-05
0.0296432
-8.82124e-06
0.0294987
8.73381e-06
0.0294249
1.83653e-05
0.0294987
1.4824e-05
0.0296432
6.51932e-06
0.0297713
0.0298402
-6.35301e-05
0.0299937
-0.000113291
0.0298727
-0.000118211
0.0296186
-5.22054e-05
0.0292837
5.21206e-05
0.0290734
0.000118135
0.0292837
0.000113232
0.0296186
6.34972e-05
0.0298727
0.0299937
-0.000170785
0.0303891
-0.000314456
0.0301588
-0.000342984
0.0296094
-0.000156386
0.0287434
0.000156303
0.0280126
0.000342911
0.0287434
0.000314401
0.0296094
0.000170754
0.0301588
0.0303891
-0.000395382
0.0312451
-0.000777957
0.0308402
-0.000927912
0.0297188
-0.000449775
0.0274815
0.000449696
0.0245347
0.000927841
0.0274815
0.000777903
0.0297188
0.000395352
0.0308402
0.0312451
-0.000848926
0.0329109
-0.00184496
0.0323367
-0.00254551
0.030444
-0.00135556
0.0252909
0.00135549
0.0116781
0.00254544
0.0252909
0.00184491
0.030444
0.000848898
0.0323368
0.0329109
-0.00164846
0.035725
-0.00413249
0.0352399
-0.00726819
0.0334328
-0.00443468
0.0275018
0.00443461
0.0069496
0.00726813
0.0275018
0.00413245
0.0334328
0.00164843
0.0352399
0.035725
-0.00263692
0.0395094
-0.00800321
0.0395083
-0.0220169
0.0395066
-0.0161365
0.0395052
0.0161364
0.0395046
0.0220169
0.0395052
0.00800315
0.0395066
0.0026369
0.0395083
0.0395094
-0.00263777
0.0432959
-0.00800453
0.0437783
-0.0220181
0.0455814
-0.016137
0.0515089
0.0161369
0.0720596
0.022018
0.0515089
0.00800446
0.0455814
0.00263775
0.0437784
0.0432959
-0.0016514
0.0461174
-0.00413699
0.0466872
-0.00727215
0.0485734
-0.00443623
0.0537207
0.00443618
0.0673312
0.0072721
0.0537207
0.00413696
0.0485734
0.00165138
0.0466873
0.0461174
-0.000855275
0.0477993
-0.00185468
0.0481963
-0.00255405
0.0493057
-0.00135893
0.0515324
0.00135888
0.054475
0.00255402
0.0515324
0.00185466
0.0493057
0.000855261
0.0481963
0.0477993
-0.000407992
0.0486871
-0.000797266
0.0489025
-0.000944879
0.0494292
-0.000456461
0.0502754
0.000456424
0.0509982
0.000944846
0.0502754
0.000797243
0.0494293
0.00040798
0.0489025
0.0486871
-0.000195225
0.0491439
-0.000351876
0.0492369
-0.000375862
0.0494482
-0.000169348
0.0497455
0.000169318
0.0499409
0.000375837
0.0497455
0.000351858
0.0494482
0.000195216
0.0492369
0.049144
-0.000110394
0.0494149
-0.00018503
0.0494313
-0.000181225
0.0494791
-7.70534e-05
0.0495533
7.70321e-05
0.0495995
0.000181207
0.0495534
0.000185018
0.0494791
0.000110388
0.0494313
0.049415
-9.5643e-05
0.0496533
-0.000151202
0.0496127
-0.000138107
0.0495577
-5.59976e-05
0.0495193
5.59854e-05
0.0495084
0.000138097
0.0495194
0.000151195
0.0495577
9.56398e-05
0.0496127
0.0496533
-0.000129477
0.0499728
-0.000199516
0.0498747
-0.000176552
0.0497258
-7.00046e-05
0.0496003
7.00024e-05
0.0495526
0.000176551
0.0496003
0.000199517
0.0497258
0.000129478
0.0498747
0.0499728
-0.0002127
0.0504886
-0.000325603
0.0503241
-0.000285478
0.0500684
-0.000112401
0.0498527
0.00011241
0.0497707
0.000285485
0.0498527
0.000325609
0.0500684
0.000212703
0.0503241
0.0504887
-0.000357539
0.0513336
-0.000546425
0.0511146
-0.000476771
0.0507592
-0.000186828
0.0504722
0.000186849
0.0503673
0.000476789
0.0504723
0.000546439
0.0507592
0.000357547
0.0511146
0.0513336
-0.000569442
0.0526165
-0.000870383
0.0524561
-0.000754337
0.0521388
-0.000293228
0.051927
0.00029326
0.0518624
0.000754364
0.051927
0.000870402
0.0521388
0.000569452
0.0524561
0.0526165
-0.000794185
0.05422
-0.00121835
0.0545182
-0.00104209
0.0547994
-0.000397865
0.0551709
0.000397909
0.0553443
0.00104213
0.0551709
0.00121838
0.0547994
0.000794198
0.0545182
0.05422
-0.000770796
0.0552272
-0.0012052
0.0568764
-0.00099447
0.0592945
-0.000358557
0.0613956
0.000358607
0.0622043
0.000994515
0.0613956
0.00120523
0.0592945
0.000770808
0.0568763
0.0552272
0.000284784
0.0529362
0.000348657
0.0565854
0.000395698
0.0624984
0.000212359
0.0671097
-0.000212311
0.0687781
-0.000395655
0.0671097
-0.000348627
0.0624984
-0.000284774
0.0565854
0.0529362
0.00386666
0.0433468
0.00581439
0.0478754
0.00499686
0.0554018
0.00194104
0.0609135
-0.00194101
0.0628402
-0.00499683
0.0609135
-0.00581436
0.0554019
-0.00386664
0.0478754
0.0433469
0.00885873
0.0247004
0.0134156
0.0277274
0.0112083
0.0327006
0.0041924
0.0361783
-0.00419239
0.0373657
-0.0112083
0.0361782
-0.0134155
0.0327006
-0.00885868
0.0277273
0.0247004
0.0118763
0.0178405
0.0146606
0.00539925
-0.00539925
-0.0146605
-0.0178405
-0.0118762
)
;

boundaryField
{
    injectionXMinus
    {
        type            calculated;
        value           nonuniform List<scalar> 2(-0.2 -0.2);
    }
    injectionXPlus
    {
        type            calculated;
        value           nonuniform List<scalar> 2(-0.2 -0.2);
    }
    injectionYMinus
    {
        type            calculated;
        value           nonuniform List<scalar> 2(-0.2 -0.2);
    }
    injectionYPlus
    {
        type            calculated;
        value           nonuniform List<scalar> 2(-0.2 -0.2);
    }
    inletXMinus
    {
        type            calculated;
        value           nonuniform List<scalar> 
12
(
-0.05
-0.05
-0.05
-0.05
-0.05
-0.05
-0.05
-0.05
-0.05
-0.05
-0.05
-0.05
)
;
    }
    inletXPlus
    {
        type            calculated;
        value           nonuniform List<scalar> 
12
(
-0.05
-0.05
-0.05
-0.05
-0.05
-0.05
-0.05
-0.05
-0.05
-0.05
-0.05
-0.05
)
;
    }
    inletYMinus
    {
        type            calculated;
        value           nonuniform List<scalar> 
12
(
-0.05
-0.05
-0.05
-0.05
-0.05
-0.05
-0.05
-0.05
-0.05
-0.05
-0.05
-0.05
)
;
    }
    inletYPlus
    {
        type            calculated;
        value           nonuniform List<scalar> 
12
(
-0.05
-0.05
-0.05
-0.05
-0.05
-0.05
-0.05
-0.05
-0.05
-0.05
-0.05
-0.05
)
;
    }
    outlet
    {
        type            calculated;
        value           nonuniform List<scalar> 
25
(
0.159998
0.159998
0.159998
0.159998
0.159998
0.159998
0.159998
0.159998
0.159998
0.159998
0.159998
0.159998
0.159998
0.159998
0.159998
0.159998
0.159998
0.159998
0.159998
0.159998
0.159998
0.159998
0.159998
0.159998
0.159998
)
;
    }
    valve
    {
        type            calculated;
        value           uniform 0;
    }
    walls
    {
        type            calculated;
        value           uniform 0;
    }
}


// ************************************************************************* //
