/*--------------------------------*- C++ -*----------------------------------*\
  =========                 |
  \\      /  F ield         | OpenFOAM: The Open Source CFD Toolbox
   \\    /   O peration     | Website:  https://openfoam.org
    \\  /    A nd           | Version:  6
     \\/     M anipulation  |
\*---------------------------------------------------------------------------*/
FoamFile
{
    version     2.0;
    format      ascii;
    class       volScalarField;
    location    "0.0008";
    object      T;
}
// * * * * * * * * * * * * * * * * * * * * * * * * * * * * * * * * * * * * * //

dimensions      [0 0 0 1 0 0 0];

internalField   nonuniform List<scalar> 
1024
(
273
273
273
273
273
272.999
272.999
272.999
272.993
272.993
272.993
272.992
272.992
272.992
272.992
272.992
273.006
273.006
273.006
273.006
273.005
273.005
273.005
273.005
273.107
273.107
273.107
273.107
273.106
273.106
273.105
273.105
273.289
273.289
273.288
273.288
273.287
273.286
273.286
273.286
273.249
273.249
273.248
273.248
273.247
273.246
273.246
273.245
272.266
272.266
272.266
272.265
272.264
272.263
272.263
272.262
269.316
269.316
269.316
269.315
269.315
269.314
269.313
269.313
263.383
263.383
263.382
263.382
263.381
263.38
263.38
263.38
253.775
253.775
253.775
253.774
253.773
253.773
253.772
253.772
240.312
240.312
240.311
240.311
240.31
240.31
240.309
240.309
223.333
223.333
223.333
223.332
223.332
223.331
223.331
223.331
203.586
203.586
203.586
203.585
203.585
203.584
203.584
203.584
182.042
182.042
182.042
182.041
182.041
182.041
182.04
182.04
159.556
159.556
159.555
159.555
159.555
159.554
159.554
159.554
134.592
134.592
134.592
134.592
134.591
134.591
134.59
134.59
273
273
273
273
273
272.999
272.999
272.999
272.993
272.993
272.993
272.992
272.992
272.992
272.992
272.992
273.006
273.006
273.006
273.006
273.005
273.005
273.005
273.005
273.107
273.107
273.107
273.107
273.106
273.106
273.105
273.105
273.289
273.289
273.288
273.288
273.287
273.286
273.286
273.286
273.249
273.249
273.249
273.248
273.247
273.246
273.246
273.245
272.266
272.266
272.266
272.265
272.264
272.263
272.263
272.262
269.317
269.316
269.316
269.315
269.315
269.314
269.313
269.313
263.383
263.383
263.382
263.382
263.381
263.38
263.38
263.38
253.775
253.775
253.775
253.774
253.773
253.773
253.772
253.772
240.312
240.312
240.311
240.311
240.31
240.31
240.309
240.309
223.333
223.333
223.333
223.332
223.332
223.331
223.331
223.331
203.586
203.586
203.586
203.585
203.585
203.584
203.584
203.584
182.042
182.042
182.042
182.042
182.041
182.041
182.04
182.04
159.556
159.556
159.556
159.555
159.555
159.554
159.554
159.554
134.592
134.592
134.592
134.592
134.591
134.591
134.591
134.59
273
273
273
273
273
272.999
272.999
272.999
272.993
272.993
272.993
272.992
272.992
272.992
272.992
272.992
273.006
273.006
273.006
273.006
273.005
273.005
273.005
273.005
273.107
273.107
273.107
273.107
273.106
273.106
273.105
273.105
273.289
273.289
273.288
273.288
273.287
273.286
273.286
273.286
273.249
273.249
273.249
273.248
273.247
273.246
273.246
273.245
272.266
272.266
272.266
272.265
272.264
272.263
272.263
272.262
269.317
269.316
269.316
269.315
269.315
269.314
269.313
269.313
263.383
263.383
263.382
263.382
263.381
263.38
263.38
263.38
253.775
253.775
253.775
253.774
253.773
253.773
253.772
253.772
240.312
240.312
240.311
240.311
240.31
240.31
240.309
240.309
223.333
223.333
223.333
223.332
223.332
223.331
223.331
223.331
203.586
203.586
203.586
203.585
203.585
203.584
203.584
203.584
182.042
182.042
182.042
182.042
182.041
182.041
182.04
182.04
159.556
159.556
159.556
159.555
159.555
159.554
159.554
159.554
134.592
134.592
134.592
134.592
134.591
134.591
134.591
134.59
273
273
273
273
273
272.999
272.999
272.999
272.993
272.993
272.993
272.992
272.992
272.992
272.992
272.992
273.006
273.006
273.006
273.006
273.005
273.005
273.005
273.005
273.107
273.107
273.107
273.107
273.106
273.106
273.105
273.105
273.289
273.289
273.288
273.288
273.287
273.286
273.286
273.286
273.249
273.249
273.249
273.248
273.247
273.246
273.246
273.245
272.266
272.266
272.266
272.265
272.264
272.263
272.263
272.262
269.317
269.316
269.316
269.315
269.315
269.314
269.313
269.313
263.383
263.383
263.382
263.382
263.381
263.381
263.38
263.38
253.775
253.775
253.775
253.774
253.773
253.773
253.772
253.772
240.312
240.312
240.311
240.311
240.31
240.31
240.309
240.309
223.333
223.333
223.333
223.332
223.332
223.331
223.331
223.331
203.586
203.586
203.586
203.585
203.585
203.584
203.584
203.584
182.042
182.042
182.042
182.042
182.041
182.041
182.04
182.04
159.556
159.556
159.556
159.555
159.555
159.554
159.554
159.554
134.592
134.592
134.592
134.592
134.591
134.591
134.591
134.59
273
273
273
273
273
272.999
272.999
272.999
272.993
272.993
272.993
272.992
272.992
272.992
272.992
272.992
273.006
273.006
273.006
273.006
273.005
273.005
273.005
273.005
273.107
273.107
273.107
273.107
273.106
273.106
273.105
273.105
273.289
273.289
273.288
273.288
273.287
273.286
273.286
273.286
273.249
273.249
273.249
273.248
273.247
273.246
273.246
273.245
272.266
272.266
272.266
272.265
272.264
272.263
272.263
272.262
269.317
269.316
269.316
269.315
269.315
269.314
269.313
269.313
263.383
263.383
263.382
263.382
263.381
263.38
263.38
263.38
253.775
253.775
253.775
253.774
253.773
253.773
253.772
253.772
240.312
240.312
240.311
240.311
240.31
240.31
240.309
240.309
223.333
223.333
223.333
223.332
223.332
223.331
223.331
223.331
203.586
203.586
203.586
203.585
203.585
203.584
203.584
203.584
182.042
182.042
182.042
182.041
182.041
182.04
182.04
182.04
159.556
159.556
159.555
159.555
159.554
159.554
159.554
159.554
134.592
134.592
134.592
134.592
134.591
134.591
134.59
134.59
273
273
273
273
273
272.999
272.999
272.999
272.993
272.993
272.993
272.992
272.992
272.992
272.992
272.992
273.006
273.006
273.006
273.006
273.005
273.005
273.005
273.005
273.107
273.107
273.107
273.107
273.106
273.106
273.105
273.105
273.289
273.289
273.288
273.288
273.287
273.286
273.286
273.286
273.249
273.249
273.249
273.248
273.247
273.246
273.246
273.245
272.266
272.266
272.266
272.265
272.264
272.263
272.263
272.262
269.317
269.316
269.316
269.315
269.315
269.314
269.313
269.313
263.383
263.383
263.382
263.382
263.381
263.38
263.38
263.38
253.775
253.775
253.775
253.774
253.773
253.773
253.772
253.772
240.312
240.312
240.311
240.311
240.31
240.31
240.309
240.309
223.333
223.333
223.333
223.332
223.332
223.331
223.331
223.331
203.586
203.586
203.586
203.585
203.585
203.584
203.584
203.584
182.042
182.042
182.042
182.041
182.041
182.04
182.04
182.04
159.556
159.556
159.555
159.555
159.554
159.554
159.554
159.554
134.592
134.592
134.592
134.591
134.591
134.59
134.59
134.59
273
273
273
273
273
272.999
272.999
272.999
272.993
272.993
272.993
272.992
272.992
272.992
272.992
272.992
273.006
273.006
273.006
273.006
273.005
273.005
273.005
273.005
273.107
273.107
273.107
273.107
273.106
273.106
273.105
273.105
273.289
273.289
273.288
273.288
273.287
273.286
273.286
273.286
273.249
273.249
273.249
273.248
273.247
273.246
273.246
273.245
272.266
272.266
272.266
272.265
272.264
272.263
272.263
272.262
269.317
269.316
269.316
269.315
269.315
269.314
269.313
269.313
263.383
263.383
263.382
263.382
263.381
263.38
263.38
263.38
253.775
253.775
253.775
253.774
253.773
253.773
253.772
253.772
240.312
240.312
240.311
240.311
240.31
240.31
240.309
240.309
223.333
223.333
223.333
223.332
223.332
223.331
223.331
223.331
203.586
203.586
203.586
203.585
203.585
203.584
203.584
203.584
182.042
182.042
182.042
182.041
182.041
182.04
182.04
182.04
159.556
159.555
159.555
159.555
159.554
159.554
159.554
159.554
134.592
134.592
134.592
134.591
134.591
134.59
134.591
134.59
273
273
273
273
273
272.999
272.999
272.999
272.993
272.993
272.993
272.992
272.992
272.992
272.992
272.992
273.006
273.006
273.006
273.005
273.005
273.005
273.005
273.005
273.107
273.107
273.107
273.106
273.106
273.106
273.105
273.105
273.289
273.289
273.288
273.288
273.287
273.286
273.286
273.286
273.249
273.249
273.248
273.248
273.247
273.246
273.246
273.245
272.266
272.266
272.266
272.265
272.264
272.263
272.263
272.262
269.316
269.316
269.316
269.315
269.314
269.314
269.313
269.313
263.383
263.383
263.382
263.382
263.381
263.38
263.38
263.38
253.775
253.775
253.774
253.774
253.773
253.773
253.772
253.772
240.312
240.312
240.311
240.311
240.31
240.31
240.309
240.309
223.333
223.333
223.333
223.332
223.332
223.331
223.331
223.331
203.586
203.586
203.586
203.585
203.585
203.585
203.584
203.584
182.042
182.042
182.042
182.041
182.041
182.041
182.04
182.04
159.556
159.555
159.555
159.555
159.554
159.554
159.554
159.554
134.592
134.592
134.592
134.591
134.591
134.591
134.59
134.59
)
;

boundaryField
{
    inlet
    {
        type            fixedValue;
        value           uniform 273;
    }
    outlet
    {
        type            zeroGradient;
    }
    walls
    {
        type            zeroGradient;
    }
}


// ************************************************************************* //
