/*--------------------------------*- C++ -*----------------------------------*\
  =========                 |
  \\      /  F ield         | OpenFOAM: The Open Source CFD Toolbox
   \\    /   O peration     | Website:  https://openfoam.org
    \\  /    A nd           | Version:  6
     \\/     M anipulation  |
\*---------------------------------------------------------------------------*/
FoamFile
{
    version     2.0;
    format      ascii;
    class       volScalarField;
    location    "0.0012";
    object      T;
}
// * * * * * * * * * * * * * * * * * * * * * * * * * * * * * * * * * * * * * //

dimensions      [0 0 0 1 0 0 0];

internalField   nonuniform List<scalar> 
1024
(
273
273
273
273
273
273
273
273
273
273
273
273
273
273
273
273
273.001
273.001
273
273
273
273
272.999
272.999
273
273
273
272.999
272.999
272.999
272.998
272.998
272.999
272.999
272.998
272.998
272.997
272.996
272.996
272.996
273
273
273
272.999
272.998
272.997
272.997
272.997
273.014
273.014
273.014
273.013
273.013
273.012
273.011
273.011
273.053
273.053
273.052
273.051
273.051
273.05
273.05
273.049
273.103
273.103
273.103
273.102
273.101
273.101
273.1
273.1
273.095
273.095
273.094
273.094
273.093
273.092
273.092
273.092
272.862
272.861
272.861
272.86
272.86
272.859
272.858
272.858
272.123
272.123
272.122
272.122
272.121
272.12
272.12
272.119
270.5
270.5
270.499
270.499
270.498
270.497
270.497
270.497
267.561
267.56
267.56
267.559
267.559
267.558
267.557
267.557
262.802
262.802
262.801
262.801
262.8
262.799
262.799
262.799
253.565
253.564
253.564
253.563
253.563
253.562
253.562
253.562
273
273
273
273
273
273
273
273
273
273
273
273
273
273
273
273
273.001
273.001
273
273
273
273
272.999
272.999
273
273
273
272.999
272.999
272.998
272.998
272.998
272.999
272.999
272.998
272.998
272.997
272.996
272.996
272.996
273
273
273
272.999
272.998
272.997
272.997
272.997
273.015
273.014
273.014
273.013
273.013
273.012
273.011
273.011
273.053
273.053
273.052
273.052
273.051
273.05
273.05
273.049
273.103
273.103
273.103
273.102
273.101
273.101
273.1
273.1
273.095
273.095
273.094
273.094
273.093
273.092
273.092
273.092
272.862
272.861
272.861
272.86
272.86
272.859
272.858
272.858
272.123
272.123
272.122
272.122
272.121
272.12
272.12
272.119
270.5
270.5
270.499
270.499
270.498
270.497
270.497
270.497
267.561
267.56
267.56
267.559
267.559
267.558
267.557
267.557
262.802
262.802
262.801
262.801
262.8
262.799
262.799
262.799
253.565
253.564
253.564
253.563
253.563
253.562
253.562
253.562
273
273
273
273
273
273
273
273
273.001
273.001
273
273
273
273
273
273
273.001
273.001
273.001
273
273
273
272.999
272.999
273
273
273
272.999
272.999
272.998
272.998
272.998
272.999
272.999
272.998
272.998
272.997
272.996
272.996
272.996
273
273
273
272.999
272.998
272.997
272.997
272.997
273.015
273.015
273.014
273.013
273.013
273.012
273.011
273.011
273.053
273.053
273.052
273.052
273.051
273.05
273.05
273.049
273.103
273.103
273.103
273.102
273.101
273.101
273.1
273.1
273.095
273.095
273.094
273.094
273.093
273.092
273.092
273.092
272.862
272.862
272.861
272.86
272.86
272.859
272.858
272.858
272.123
272.123
272.122
272.122
272.121
272.12
272.12
272.12
270.5
270.5
270.5
270.499
270.498
270.497
270.497
270.497
267.561
267.56
267.56
267.559
267.559
267.558
267.557
267.557
262.802
262.802
262.801
262.801
262.8
262.799
262.799
262.799
253.565
253.564
253.564
253.563
253.563
253.562
253.562
253.562
273
273
273
273
273
273
273
273
273.001
273.001
273
273
273
273
273
273
273.001
273.001
273.001
273
273
273
272.999
272.999
273
273
273
272.999
272.999
272.999
272.998
272.998
272.999
272.999
272.998
272.998
272.997
272.996
272.996
272.996
273
273
273
272.999
272.998
272.997
272.997
272.997
273.015
273.015
273.014
273.013
273.013
273.012
273.011
273.011
273.053
273.053
273.052
273.052
273.051
273.05
273.05
273.049
273.103
273.103
273.103
273.102
273.101
273.101
273.1
273.1
273.095
273.095
273.094
273.094
273.093
273.092
273.092
273.092
272.862
272.862
272.861
272.86
272.86
272.859
272.858
272.858
272.123
272.123
272.122
272.122
272.121
272.12
272.12
272.12
270.5
270.5
270.5
270.499
270.498
270.497
270.497
270.497
267.561
267.56
267.56
267.559
267.559
267.558
267.557
267.557
262.802
262.802
262.801
262.801
262.8
262.799
262.799
262.799
253.565
253.564
253.564
253.563
253.563
253.562
253.562
253.562
273
273
273
273
273
273
273
273
273.001
273.001
273
273
273
273
273
273
273.001
273.001
273.001
273
273
273
272.999
272.999
273
273
273
272.999
272.999
272.999
272.998
272.998
272.999
272.999
272.998
272.998
272.997
272.996
272.996
272.996
273
273
273
272.999
272.998
272.997
272.997
272.997
273.015
273.015
273.014
273.013
273.013
273.012
273.011
273.011
273.053
273.053
273.052
273.052
273.051
273.05
273.05
273.049
273.103
273.103
273.103
273.102
273.101
273.101
273.1
273.1
273.095
273.095
273.094
273.094
273.093
273.092
273.092
273.092
272.862
272.862
272.861
272.86
272.86
272.859
272.858
272.858
272.123
272.123
272.122
272.122
272.121
272.12
272.12
272.119
270.5
270.5
270.5
270.499
270.498
270.497
270.497
270.497
267.561
267.56
267.56
267.559
267.559
267.558
267.557
267.557
262.802
262.802
262.801
262.801
262.8
262.799
262.799
262.799
253.565
253.564
253.564
253.563
253.563
253.562
253.562
253.562
273
273
273
273
273
273
273
273
273
273
273
273
273
273
273
273
273.001
273.001
273.001
273
273
273
272.999
272.999
273
273
273
272.999
272.999
272.998
272.998
272.998
272.999
272.999
272.998
272.998
272.997
272.996
272.996
272.996
273
273
273
272.999
272.998
272.997
272.997
272.997
273.015
273.015
273.014
273.013
273.013
273.012
273.011
273.011
273.053
273.053
273.052
273.052
273.051
273.05
273.05
273.049
273.103
273.103
273.103
273.102
273.101
273.101
273.1
273.1
273.095
273.095
273.094
273.094
273.093
273.092
273.092
273.092
272.862
272.862
272.861
272.86
272.86
272.859
272.858
272.858
272.123
272.123
272.122
272.122
272.121
272.12
272.12
272.119
270.5
270.5
270.499
270.499
270.498
270.497
270.497
270.497
267.561
267.56
267.56
267.559
267.559
267.558
267.557
267.557
262.802
262.802
262.801
262.801
262.8
262.799
262.799
262.799
253.565
253.564
253.564
253.563
253.563
253.562
253.562
253.561
273
273
273
273
273
273
273
273
273
273
273
273
273
273
273
273
273.001
273.001
273
273
273
273
272.999
272.999
273
273
273
272.999
272.999
272.998
272.998
272.998
272.999
272.999
272.998
272.998
272.997
272.996
272.996
272.996
273
273
273
272.999
272.998
272.997
272.997
272.997
273.015
273.014
273.014
273.013
273.013
273.012
273.011
273.011
273.053
273.053
273.052
273.051
273.051
273.05
273.05
273.049
273.103
273.103
273.103
273.102
273.101
273.101
273.1
273.1
273.095
273.095
273.094
273.094
273.093
273.092
273.092
273.092
272.862
272.861
272.861
272.86
272.859
272.859
272.858
272.858
272.123
272.123
272.122
272.122
272.121
272.12
272.12
272.119
270.5
270.5
270.499
270.499
270.498
270.497
270.497
270.497
267.561
267.56
267.56
267.559
267.558
267.558
267.557
267.557
262.802
262.802
262.801
262.8
262.8
262.799
262.799
262.799
253.564
253.564
253.564
253.563
253.563
253.562
253.562
253.562
273
273
273
273
273
273
273
273
273
273
273
273
273
273
273
273
273.001
273.001
273
273
273
273
272.999
272.999
273
273
273
272.999
272.999
272.998
272.998
272.998
272.999
272.999
272.998
272.998
272.997
272.996
272.996
272.996
273
273
273
272.999
272.998
272.997
272.997
272.997
273.015
273.014
273.014
273.013
273.013
273.012
273.011
273.011
273.053
273.053
273.052
273.051
273.051
273.05
273.05
273.049
273.103
273.103
273.102
273.102
273.101
273.1
273.1
273.1
273.095
273.095
273.094
273.094
273.093
273.092
273.092
273.092
272.862
272.861
272.861
272.86
272.859
272.859
272.858
272.858
272.123
272.123
272.122
272.121
272.121
272.12
272.12
272.119
270.5
270.5
270.499
270.499
270.498
270.497
270.497
270.497
267.561
267.56
267.56
267.559
267.558
267.558
267.557
267.557
262.802
262.802
262.801
262.8
262.8
262.799
262.799
262.799
253.564
253.564
253.564
253.563
253.563
253.562
253.562
253.562
)
;

boundaryField
{
    inlet
    {
        type            fixedValue;
        value           uniform 273;
    }
    outlet
    {
        type            zeroGradient;
    }
    walls
    {
        type            zeroGradient;
    }
}


// ************************************************************************* //
