/*--------------------------------*- C++ -*----------------------------------*\
  =========                 |
  \\      /  F ield         | OpenFOAM: The Open Source CFD Toolbox
   \\    /   O peration     | Website:  https://openfoam.org
    \\  /    A nd           | Version:  6
     \\/     M anipulation  |
\*---------------------------------------------------------------------------*/
FoamFile
{
    version     2.0;
    format      ascii;
    class       volScalarField;
    location    "0.001";
    object      T;
}
// * * * * * * * * * * * * * * * * * * * * * * * * * * * * * * * * * * * * * //

dimensions      [0 0 0 1 0 0 0];

internalField   nonuniform List<scalar> 
1024
(
273
273
273
273
273
273
273
273
273
273
273
273
273
272.999
272.999
272.999
272.997
272.997
272.997
272.997
272.997
272.996
272.996
272.996
272.996
272.996
272.995
272.995
272.995
272.994
272.994
272.994
273.015
273.015
273.015
273.014
273.014
273.013
273.013
273.013
273.081
273.081
273.081
273.08
273.079
273.079
273.078
273.078
273.174
273.174
273.174
273.173
273.172
273.172
273.171
273.17
273.147
273.147
273.146
273.146
273.145
273.144
273.144
273.143
272.66
272.659
272.659
272.658
272.658
272.657
272.657
272.656
271.184
271.183
271.183
271.182
271.181
271.181
271.18
271.18
268.084
268.083
268.083
268.082
268.082
268.081
268.08
268.08
262.752
262.752
262.751
262.751
262.75
262.749
262.749
262.749
254.739
254.739
254.738
254.738
254.737
254.737
254.736
254.736
243.84
243.84
243.839
243.839
243.838
243.838
243.837
243.837
229.956
229.955
229.955
229.955
229.954
229.954
229.953
229.953
210.219
210.219
210.218
210.218
210.217
210.217
210.217
210.216
273
273
273
273
273
273
273
273
273
273
273
273
273
272.999
272.999
272.999
272.997
272.997
272.997
272.997
272.997
272.996
272.996
272.996
272.996
272.996
272.996
272.995
272.995
272.994
272.994
272.994
273.015
273.015
273.015
273.014
273.014
273.013
273.013
273.013
273.082
273.081
273.081
273.08
273.079
273.079
273.078
273.078
273.174
273.174
273.174
273.173
273.172
273.172
273.171
273.17
273.147
273.147
273.146
273.146
273.145
273.144
273.144
273.143
272.66
272.66
272.659
272.658
272.658
272.657
272.657
272.656
271.184
271.183
271.183
271.182
271.181
271.181
271.18
271.18
268.084
268.084
268.083
268.082
268.082
268.081
268.08
268.08
262.752
262.752
262.751
262.751
262.75
262.749
262.749
262.749
254.739
254.739
254.738
254.738
254.737
254.737
254.736
254.736
243.84
243.84
243.839
243.839
243.838
243.838
243.837
243.837
229.956
229.956
229.955
229.955
229.954
229.954
229.953
229.953
210.219
210.219
210.218
210.218
210.217
210.217
210.217
210.216
273
273
273
273
273
273
273
273
273
273
273
273
273
272.999
272.999
272.999
272.997
272.997
272.997
272.997
272.997
272.996
272.996
272.996
272.996
272.996
272.996
272.995
272.995
272.994
272.994
272.994
273.015
273.015
273.015
273.015
273.014
273.013
273.013
273.013
273.082
273.081
273.081
273.08
273.08
273.079
273.078
273.078
273.174
273.174
273.174
273.173
273.173
273.172
273.171
273.17
273.147
273.147
273.146
273.146
273.145
273.144
273.144
273.143
272.66
272.66
272.659
272.658
272.658
272.657
272.657
272.656
271.184
271.183
271.183
271.182
271.182
271.181
271.18
271.18
268.084
268.084
268.083
268.082
268.082
268.081
268.08
268.08
262.752
262.752
262.751
262.751
262.75
262.749
262.749
262.749
254.739
254.739
254.738
254.738
254.737
254.737
254.736
254.736
243.84
243.84
243.839
243.839
243.838
243.838
243.837
243.837
229.956
229.956
229.955
229.955
229.954
229.954
229.953
229.953
210.219
210.219
210.218
210.218
210.217
210.217
210.217
210.216
273
273
273
273
273
273
273
273
273
273
273
273
273
272.999
272.999
272.999
272.997
272.997
272.997
272.997
272.997
272.996
272.996
272.996
272.996
272.996
272.996
272.995
272.995
272.994
272.994
272.994
273.015
273.015
273.015
273.015
273.014
273.013
273.013
273.013
273.082
273.082
273.081
273.08
273.08
273.079
273.078
273.078
273.175
273.174
273.174
273.173
273.173
273.172
273.171
273.17
273.147
273.147
273.147
273.146
273.145
273.144
273.144
273.143
272.66
272.66
272.659
272.658
272.658
272.657
272.657
272.656
271.184
271.183
271.183
271.182
271.182
271.181
271.18
271.18
268.084
268.084
268.083
268.082
268.082
268.081
268.08
268.08
262.752
262.752
262.751
262.751
262.75
262.749
262.749
262.749
254.739
254.739
254.738
254.738
254.737
254.737
254.736
254.736
243.84
243.84
243.839
243.839
243.838
243.838
243.837
243.837
229.956
229.956
229.955
229.955
229.954
229.954
229.953
229.953
210.219
210.219
210.218
210.218
210.217
210.217
210.217
210.216
273
273
273
273
273
273
273
273
273
273
273
273
273
272.999
272.999
272.999
272.997
272.997
272.997
272.997
272.997
272.996
272.996
272.996
272.996
272.996
272.996
272.995
272.995
272.994
272.994
272.994
273.015
273.015
273.015
273.015
273.014
273.013
273.013
273.013
273.082
273.082
273.081
273.08
273.08
273.079
273.078
273.078
273.175
273.174
273.174
273.173
273.173
273.172
273.171
273.17
273.147
273.147
273.147
273.146
273.145
273.144
273.144
273.143
272.66
272.66
272.659
272.658
272.658
272.657
272.657
272.656
271.184
271.183
271.183
271.182
271.182
271.181
271.18
271.18
268.084
268.084
268.083
268.082
268.082
268.081
268.08
268.08
262.752
262.752
262.751
262.751
262.75
262.749
262.749
262.749
254.739
254.739
254.738
254.738
254.737
254.737
254.736
254.736
243.84
243.84
243.839
243.839
243.838
243.837
243.837
243.837
229.956
229.956
229.955
229.955
229.954
229.953
229.953
229.953
210.219
210.219
210.218
210.218
210.217
210.217
210.216
210.216
273
273
273
273
273
273
273
273
273
273
273
273
273
272.999
272.999
272.999
272.997
272.997
272.997
272.997
272.997
272.996
272.996
272.996
272.996
272.996
272.996
272.995
272.995
272.994
272.994
272.994
273.015
273.015
273.015
273.014
273.014
273.013
273.013
273.013
273.082
273.081
273.081
273.08
273.079
273.079
273.078
273.078
273.174
273.174
273.174
273.173
273.173
273.172
273.171
273.17
273.147
273.147
273.146
273.146
273.145
273.144
273.144
273.143
272.66
272.66
272.659
272.658
272.658
272.657
272.656
272.656
271.184
271.183
271.183
271.182
271.181
271.181
271.18
271.18
268.084
268.084
268.083
268.082
268.082
268.081
268.08
268.08
262.752
262.752
262.751
262.751
262.75
262.749
262.749
262.749
254.739
254.739
254.738
254.738
254.737
254.737
254.736
254.736
243.84
243.84
243.839
243.839
243.838
243.837
243.837
243.837
229.956
229.956
229.955
229.955
229.954
229.953
229.953
229.953
210.219
210.219
210.218
210.218
210.217
210.217
210.216
210.216
273
273
273
273
273
273
273
273
273
273
273
273
273
272.999
272.999
272.999
272.997
272.997
272.997
272.997
272.996
272.996
272.996
272.996
272.996
272.996
272.996
272.995
272.995
272.994
272.994
272.994
273.015
273.015
273.015
273.014
273.014
273.013
273.013
273.013
273.082
273.081
273.081
273.08
273.079
273.078
273.078
273.078
273.174
273.174
273.174
273.173
273.172
273.172
273.171
273.17
273.147
273.147
273.146
273.146
273.145
273.144
273.144
273.143
272.66
272.66
272.659
272.658
272.658
272.657
272.656
272.656
271.184
271.183
271.183
271.182
271.181
271.181
271.18
271.18
268.084
268.083
268.083
268.082
268.082
268.081
268.08
268.08
262.752
262.752
262.751
262.75
262.75
262.749
262.749
262.748
254.739
254.739
254.738
254.738
254.737
254.736
254.736
254.736
243.84
243.84
243.839
243.839
243.838
243.837
243.837
243.837
229.956
229.955
229.955
229.955
229.954
229.953
229.953
229.953
210.219
210.219
210.218
210.218
210.217
210.217
210.217
210.216
273
273
273
273
273
273
273
273
273
273
273
273
273
272.999
272.999
272.999
272.997
272.997
272.997
272.997
272.996
272.996
272.996
272.996
272.996
272.996
272.995
272.995
272.995
272.994
272.994
272.994
273.015
273.015
273.015
273.014
273.014
273.013
273.013
273.013
273.081
273.081
273.081
273.08
273.079
273.078
273.078
273.078
273.174
273.174
273.174
273.173
273.172
273.171
273.171
273.17
273.147
273.147
273.146
273.146
273.145
273.144
273.144
273.143
272.66
272.659
272.659
272.658
272.658
272.657
272.656
272.656
271.183
271.183
271.183
271.182
271.181
271.181
271.18
271.18
268.084
268.083
268.083
268.082
268.081
268.081
268.08
268.08
262.752
262.752
262.751
262.75
262.75
262.749
262.749
262.749
254.739
254.739
254.738
254.738
254.737
254.736
254.736
254.736
243.84
243.84
243.839
243.839
243.838
243.837
243.837
243.837
229.956
229.955
229.955
229.954
229.954
229.953
229.953
229.953
210.219
210.218
210.218
210.218
210.217
210.217
210.216
210.216
)
;

boundaryField
{
    inlet
    {
        type            fixedValue;
        value           uniform 273;
    }
    outlet
    {
        type            zeroGradient;
    }
    walls
    {
        type            zeroGradient;
    }
}


// ************************************************************************* //
