/*--------------------------------*- C++ -*----------------------------------*\
| =========                 |                                                 |
| \\      /  F ield         | OpenFOAM: The Open Source CFD Toolbox           |
|  \\    /   O peration     | Version:  5.x                                   |
|   \\  /    A nd           | Web:      www.OpenFOAM.org                      |
|    \\/     M anipulation  |                                                 |
\*---------------------------------------------------------------------------*/
FoamFile
{
    version     2.0;
    format      ascii;
    class       volScalarField;
    location    "0";
    object      thicknessFraction;
}
// * * * * * * * * * * * * * * * * * * * * * * * * * * * * * * * * * * * * * //

dimensions      [0 0 0 0 0 0 0];

internalField   uniform 0;

boundaryField
{
    allBoundary
    {
        type            fixedValue;
        value           nonuniform 0();
    }
    inlet
    {
        type            fixedValue;
        value           uniform 0;
    }
    outlet
    {
        type            fixedValue;
        value           nonuniform List<scalar> 
73
(
0
0
0
0
0
0
0
0
0
0
0
0
0
0
0
0
0
0
0
0
0
0
0
0
0
0
0
0
0
0
0
0
0
0
0
0
0
0
0
0
0
0
0
0
0
0
0
0
0
0
0
0
0
0
0
0
0
0
0.0722373
0.143721
0.0722373
0.193401
0.0856088
0.223116
0.263546
0.306251
0.306251
0.0724545
0.223116
0.0856088
0.0724545
0.263546
0.193401
)
;
    }
    walls
    {
        type            fixedValue;
        value           nonuniform List<scalar> 
7348
(
0
0
0
0
0
0
0
0
0
0
0
0
0
0
0
0
0
0
0
0
0
0
0
0
0
0
0
0
0
0
0
0
0
0
0
0
0
0
0
0
0
0
0
0
0
0
0
0
0
0
0
0
0
0
0
0
0
0
0
0
0
0
0
0
0
0
0
0
0
0
0
0
0
0
0
0
0
0
0
0
0
0
0
0
0
0
0
0
0
0
0
0
0
0
0
0
0
0
0
0
0
0
0
0
0
0
0
0
0
0
0
0
0
0
0
0
0
0
0
0
0
0
0
0
0
0
0
0
0
0
0
0
0
0
0
0
0
0
0
0
0
0
0
0
0
0
0
0
0
0
0
0
0
0
0
0
0
0
0
0
0
0
0
0
0
0
0
0
0
0
0
0
0
0
0
0
0
0
0
0
0
0
0
0
0
0
0
0
0
0
0
0
0
0
0
0
0
0
0
0
0
0
0
0
0
0
0
0
0
0
0
0
0
0
0
0
0
0
0
0
0
0
0
0
0
0
0
0
0
0
0
0
0
0
0
0
0
0
0
0
0
0
0
0
0
0
0
0
0
0
0
0
0
0
0
0
0
0
0
0
0
0
0
0
0
0
0
0
0
0
0
0
0
0
0
0
0
0
0
0
0
0
0
0
0
0
0
0
0
0
0
0
0
0
0
0
0
0
0
0
0
0
0
0
0
0
0
0
0
0
0
0
0
0
0
0
0
0
0
0
0
0
0
0
0
0
0
0
0
0
0
0
0
0
0
0
0
0
0
0
0
0
0
0
0
0
0
0
0
0
0
0
0
0
0
0
0
0
0
0
0
0
0
0
0
0
0
0
0
0
0
0
0
0
0
0
0
0
0
0
0
0
0
0
0
0
0
0
0
0
0
0
0
0
0
0
0
0
0
0
0
0
0
0
0
0
0
0
0
0
0
0
0
0
0
0
0
0
0
0
0
0
0
0
0
0
0
0
0
0
0
0
0
0
0
0
0
0
0
0
0
0
0
0
0
0
0.168724
0.350889
0.327906
0.353667
0.431129
0.474955
0.419812
0.330669
0.320744
0.369709
0.5137
0.465921
0.391234
0.370308
0.323592
0.31607
0.316846
0.327699
0.319883
0.315978
0.315803
0.316844
0.327735
0.321635
0.346746
0.393978
0.541163
0.61301
0.613014
0.541255
0.39438
0.346823
0.158752
0.0962144
0.259619
0.304229
0.30604
0.312857
0.323116
0.259014
0.0422298
0.356875
0.672065
0.622825
0.622523
0.659574
0.70068
0.695528
0.619004
0.618856
0.696092
0.861421
0.731341
0.758435
0.752775
0.625298
0.616609
0.617364
0.642019
0.620183
0.616327
0.616048
0.617351
0.642138
0.622738
0.682852
0.811876
0.910925
0.95382
0.95384
0.911542
0.816226
0.686006
0.404887
0.152962
0.369614
0.354477
0.345741
0.339889
0.341649
0.349224
0.372749
0.286052
0.171014
0.0692571
0.461333
0.829634
0.929254
0.934674
0.942515
0.952931
0.950784
0.931556
0.931428
0.953025
0.981733
0.965779
0.966629
0.963592
0.937174
0.929281
0.930195
0.936781
0.932925
0.929038
0.928722
0.930185
0.936875
0.935474
0.9507
0.977575
0.992978
0.998104
0.998101
0.99256
0.963478
0.8008
0.451187
0.343742
0.413149
0.288264
0.385036
0.236337
0.218108
0.0759409
0.320321
0.499956
0.403628
0.148515
0.218394
0.0725234
0.444042
0.724595
0.590232
0.296174
0.2469
0.224905
0.456714
0.749243
0.603703
0.329687
0.328826
0.291285
0.579425
0.835491
0.710215
0.435409
0.433971
0.346275
0.808017
0.96205
0.917566
0.583243
0.453875
0.35709
0.84518
0.984482
0.945317
0.608157
0.398672
0.323717
0.774774
0.950657
0.850061
0.524684
0.292149
0.266805
0.624961
0.881399
0.628547
0.364502
0.286951
0.255879
0.622949
0.887951
0.680454
0.352701
0.332588
0.24752
0.683168
0.896291
0.77889
0.394244
0.212481
0.0780761
0.439815
0.583798
0.526324
0.276978
0.493873
0.867914
0.988215
0.995908
0.99667
0.997363
0.9972
0.99575
0.995741
0.997349
0.999209
0.998235
0.998471
0.998259
0.996236
0.995579
0.995678
0.996309
0.995957
0.995568
0.995543
0.995678
0.996313
0.99615
0.997268
0.999098
0.99981
0.999978
0.999972
0.999263
0.982432
0.832378
0.491305
0.497856
0.521826
0.288079
0.426223
0.265695
0.259972
0.147207
0.336722
0.424477
0.473338
0.505531
0.511032
0.493586
0.456439
0.450222
0.431893
0.245366
0.0835231
0.507035
0.906837
0.994233
0.999815
0.999939
0.999953
0.99995
0.999916
0.999916
0.999952
0.99999
0.999962
0.999973
0.999969
0.99992
0.999909
0.999909
0.999927
0.999916
0.99991
0.999913
0.999914
0.999928
0.999922
0.999951
0.99999
0.999995
0.999993
0.999987
0.999358
0.98137
0.820509
0.460656
0.534884
0.542707
0.274944
0.409345
0.253269
0.250069
0.322782
0.479161
0.495553
0.49934
0.5
0.500005
0.499973
0.499642
0.507341
0.458132
0.25067
0.0710516
0.486062
0.887918
0.992495
0.999478
0.999952
0.999998
0.999999
0.999999
0.999999
0.999991
0.999831
0.999428
0.999449
0.999361
0.999303
0.999444
0.99936
0.99928
0.999306
0.999611
0.999942
0.999803
0.999423
0.999578
0.999911
0.999948
0.999609
0.999311
0.999397
0.99911
0.97961
0.812086
0.450614
0.41735
0.431397
0.254324
0.381523
0.236154
0.231815
0.292927
0.481952
0.512029
0.584163
0.734953
0.757977
0.678224
0.520971
0.479665
0.365548
0.0918938
0.461719
0.842919
0.971895
0.9881
0.99793
0.999755
0.999827
0.999827
0.999819
0.999379
0.994252
0.983654
0.983224
0.981403
0.980274
0.983024
0.981376
0.979647
0.98048
0.988419
0.997315
0.99302
0.983473
0.986944
0.995875
0.997523
0.988262
0.980669
0.98302
0.993504
0.978849
0.811196
0.448758
0.320933
0.354176
0.256507
0.378445
0.232147
0.22755
0.0444222
0.253731
0.325045
0.426924
0.563661
0.587851
0.507867
0.355983
0.262036
0.0921296
0.38285
0.702224
0.810323
0.87781
0.970888
0.989956
0.991061
0.991077
0.990911
0.985565
0.935815
0.835432
0.834095
0.820687
0.815132
0.832917
0.820517
0.812289
0.817053
0.880909
0.963228
0.919
0.833425
0.86127
0.940696
0.963379
0.877632
0.818071
0.832579
0.934944
0.965148
0.804584
0.441463
0.288788
0.403526
0.35854
0.361663
0.36042
0.334627
0.294262
0.335577
0.386447
0.214143
0.209464
0.0978439
0.374224
0.449292
0.579612
0.808676
0.854116
0.85721
0.85727
0.856743
0.843123
0.727797
0.479151
0.493412
0.461066
0.455268
0.491538
0.462382
0.465648
0.497462
0.622907
0.791764
0.653568
0.458852
0.511069
0.674328
0.777324
0.578279
0.458943
0.475191
0.726892
0.825326
0.701377
0.37377
0.14688
0.380585
0.461356
0.486885
0.486578
0.459207
0.411624
0.401271
0.287119
0.0732443
0.0688259
0.0835225
0.0710482
0.0346059
0.200891
0.433473
0.491781
0.50698
0.484809
0.439642
0.307878
0.0399002
0.181043
0.549443
0.797845
0.865396
0.9067
0.884416
0.799128
0.555524
0.295755
0.0740266
0.0692966
0.313684
0.616634
0.923468
0.987705
0.99404
0.985876
0.89898
0.617335
0.431866
0.228797
0.225698
0.434053
0.719694
0.95698
0.997372
0.999446
0.98719
0.86124
0.604979
0.560759
0.327723
0.325753
0.571969
0.909035
0.989352
0.999555
0.999559
0.986305
0.856895
0.666882
0.759585
0.434281
0.429724
0.522011
0.848881
0.977718
0.998837
0.999546
0.986278
0.857001
0.679637
0.803521
0.46171
0.45694
0.362427
0.62911
0.93959
0.996338
0.999491
0.986277
0.857011
0.680417
0.806586
0.463786
0.459013
0.321897
0.619191
0.931828
0.995767
0.99948
0.986277
0.857011
0.68043
0.806647
0.46383
0.459057
0.348184
0.67932
0.949323
0.99719
0.999514
0.986278
0.857009
0.680299
0.806122
0.463461
0.458688
0.386391
0.752239
0.962465
0.998165
0.999538
0.98628
0.856937
0.676323
0.792787
0.454761
0.450022
0.340709
0.626354
0.93804
0.996287
0.999497
0.986523
0.857255
0.641696
0.685487
0.391785
0.388035
0.318824
0.616607
0.929266
0.995575
0.999605
0.990005
0.885082
0.623283
0.47847
0.283904
0.283531
0.315909
0.615978
0.928651
0.995538
0.999733
0.99348
0.923612
0.723999
0.486447
0.270045
0.269517
0.315774
0.615963
0.928639
0.995536
0.999629
0.990602
0.88418
0.585068
0.460493
0.254212
0.253996
0.315772
0.615963
0.928639
0.995538
0.999697
0.991817
0.900645
0.614014
0.449033
0.245118
0.244701
0.315772
0.615963
0.928639
0.995535
0.999516
0.987495
0.860896
0.572293
0.478944
0.266248
0.265227
0.315774
0.615963
0.928639
0.995536
0.999589
0.98916
0.873377
0.577667
0.461865
0.257087
0.256966
0.31592
0.615963
0.928639
0.995538
0.999674
0.990931
0.89129
0.582917
0.464412
0.267086
0.271165
0.318871
0.615963
0.928639
0.995535
0.9995
0.986799
0.855227
0.560904
0.516257
0.327948
0.338749
0.336264
0.615963
0.928639
0.995535
0.999476
0.986193
0.854404
0.608985
0.605131
0.397708
0.397751
0.364879
0.615963
0.928639
0.995535
0.999477
0.986247
0.856005
0.654217
0.730413
0.427335
0.419916
0.375858
0.615963
0.928639
0.995535
0.999475
0.986078
0.852207
0.598176
0.557612
0.333651
0.326214
0.342309
0.615964
0.92864
0.995535
0.999474
0.985998
0.850603
0.564636
0.457303
0.249911
0.248738
0.320154
0.616077
0.928741
0.99554
0.999474
0.986004
0.850702
0.565129
0.456858
0.258573
0.248718
0.329438
0.618852
0.931441
0.995741
0.999479
0.986165
0.854116
0.606086
0.558712
0.334622
0.324953
0.39973
0.689656
0.950155
0.997181
0.999513
0.986234
0.855759
0.650227
0.711406
0.408507
0.400277
0.399749
0.689656
0.950155
0.997181
0.999508
0.985864
0.849641
0.583885
0.554559
0.327218
0.32449
0.330138
0.618854
0.931442
0.995741
0.999454
0.985161
0.842495
0.519223
0.444411
0.25194
0.250958
0.328764
0.616195
0.928825
0.995495
0.99941
0.985498
0.846768
0.546655
0.467841
0.276255
0.275274
0.379849
0.619034
0.930238
0.9929
0.996386
0.983224
0.853689
0.63953
0.681227
0.390792
0.386566
0.484298
0.710035
0.924651
0.944618
0.942938
0.932322
0.833409
0.691472
0.776206
0.445084
0.439611
0.495294
0.745663
0.753405
0.657242
0.652663
0.649376
0.608874
0.599972
0.645034
0.382206
0.37489
0.288402
0.439172
0.448431
0.440397
0.440244
0.439873
0.431239
0.428141
0.395688
0.195667
0.206739
0.0696194
0.172348
0.212228
0.245718
0.231811
0.257985
0.232678
0.258177
0.232696
0.251406
0.232667
0.237311
0.231881
0.220043
0.226304
0.072418
0.169727
0.0851521
0.205786
0.247554
0.248726
0.242847
0.248239
0.269445
0.305878
0.339318
0.359795
0.372909
0.362646
0.319538
0.273374
0.247753
0.238279
0.238315
0.248193
0.27678
0.330176
0.380849
0.391125
0.357192
0.311848
0.283931
0.270685
0.261285
0.248734
0.238168
0.234313
0.233395
0.233363
0.233967
0.235991
0.239835
0.239835
0.235991
0.233966
0.233342
0.233216
0.233216
0.233342
0.233966
0.235993
0.239858
0.240035
0.237229
0.239515
0.251006
0.26783
0.289217
0.337267
0.398571
0.43807
0.455667
0.460153
0.455668
0.438076
0.398579
0.337173
0.288755
0.266535
0.24028
0.185148
0.0737272
0.0735965
0.176729
0.215981
0.227898
0.230534
0.231484
0.233505
0.238186
0.244946
0.247245
0.232016
0.182843
0.0738059
0.0388765
0.0830881
0.302619
0.282
0.461713
0.34336
0.530995
0.497535
0.331345
0.456485
0.457228
0.396663
0.468947
0.51814
0.448912
0.535886
0.519017
0.47523
0.586539
0.637502
0.359455
0.555603
0.472771
0.320683
0.456795
0.451546
0.331713
0.451589
0.457619
0.445164
0.525099
0.646757
0.521375
0.727256
0.717432
0.410389
0.59787
0.540914
0.383006
0.58432
0.594517
0.344865
0.572582
0.505167
0.317435
0.454511
0.450282
0.31601
0.449375
0.449332
0.319883
0.449865
0.45189
0.327699
0.472993
0.472993
0.316843
0.45189
0.449863
0.315803
0.449309
0.449198
0.315978
0.449198
0.449309
0.319886
0.449863
0.451892
0.327984
0.473031
0.473193
0.325099
0.453023
0.455344
0.375312
0.507032
0.580103
0.454059
0.61693
0.684646
0.591514
0.775185
0.826595
0.618378
0.848089
0.853356
0.591542
0.848106
0.826706
0.454079
0.775686
0.686208
0.378662
0.621978
0.595882
0.278491
0.542363
0.444259
0.0422614
0.309614
0.153008
0.0374488
0.0416691
0.154746
0.175383
0.265436
0.331886
0.294449
0.374199
0.39299
0.305602
0.395672
0.393819
0.307968
0.392951
0.394088
0.320168
0.397944
0.404235
0.308117
0.40798
0.399403
0.154184
0.367751
0.29141
0.160471
0.0414958
0.0699881
0.0884233
0.548282
0.45248
0.588763
0.660053
0.774691
0.823974
0.619877
0.820668
0.81778
0.657324
0.82227
0.836877
0.632967
0.840692
0.839262
0.76173
0.866064
0.886515
0.626786
0.861817
0.829
0.617219
0.816491
0.81347
0.626691
0.816248
0.828887
0.804312
0.865817
0.91521
0.842303
0.942897
0.933541
0.695725
0.893833
0.878383
0.776141
0.89689
0.905011
0.680412
0.891128
0.856707
0.618516
0.826841
0.815721
0.616429
0.812436
0.812142
0.620184
0.81382
0.818567
0.642019
0.828026
0.828026
0.61735
0.818565
0.813797
0.616048
0.811969
0.811464
0.616328
0.811464
0.81197
0.620197
0.813799
0.818588
0.642608
0.828201
0.829019
0.626815
0.822969
0.829502
0.763041
0.858685
0.897466
0.861176
0.926293
0.950778
0.941147
0.971761
0.984193
0.95687
0.989236
0.9904
0.941279
0.989242
0.98423
0.863162
0.971834
0.950233
0.769101
0.920546
0.869237
0.552609
0.765653
0.598378
0.25342
0.440758
0.298397
0.0724569
0.184176
0.292318
0.264102
0.383664
0.37212
0.396378
0.350814
0.350608
0.303064
0.288152
0.341625
0.280699
0.276282
0.339967
0.274473
0.274189
0.345037
0.274937
0.276995
0.354695
0.281476
0.294803
0.366069
0.329277
0.365453
0.148319
0.354586
0.245002
0.215283
0.170357
0.612567
0.470458
0.626132
0.911438
0.853293
0.947021
0.931713
0.973955
0.979597
0.940359
0.981471
0.983379
0.943677
0.98412
0.984601
0.959304
0.987239
0.988997
0.938017
0.986524
0.982608
0.929852
0.980433
0.979848
0.937992
0.980393
0.982597
0.971483
0.987241
0.992667
0.978318
0.995579
0.994553
0.960864
0.991222
0.990056
0.969567
0.991785
0.992702
0.949843
0.990802
0.986489
0.931192
0.982405
0.980336
0.929131
0.97967
0.97963
0.932926
0.980039
0.981074
0.936781
0.982388
0.982388
0.930184
0.981074
0.980037
0.928722
0.979603
0.979491
0.929038
0.979491
0.979603
0.932936
0.980037
0.981077
0.93735
0.982414
0.98257
0.93878
0.981942
0.982987
0.965945
0.986724
0.991378
0.986331
0.9948
0.997096
0.996693
0.998663
0.999474
0.998408
0.999754
0.999808
0.996648
0.999748
0.999405
0.983514
0.998086
0.993494
0.913121
0.977775
0.930072
0.612456
0.817467
0.620204
0.319353
0.460092
0.336079
0.255593
0.321947
0.456538
0.424421
0.543046
0.345112
0.466552
0.373906
0.345421
0.282
0.350109
0.292801
0.40808
0.321215
0.251979
0.244488
0.036519
0.0938303
0.176396
0.172601
0.259437
0.257953
0.305312
0.338687
0.323336
0.372934
0.405544
0.357085
0.428666
0.43957
0.346307
0.439572
0.428693
0.292662
0.40576
0.374283
0.247062
0.344949
0.327489
0.239528
0.321362
0.318846
0.182661
0.305297
0.25541
0.143816
0.0699979
0.0710519
0.230961
0.646185
0.486316
0.699116
0.960088
0.88837
0.967932
0.994576
0.992583
0.99823
0.996492
0.999235
0.99944
0.996761
0.999476
0.999482
0.997775
0.99959
0.999669
0.996271
0.999564
0.999396
0.995614
0.999306
0.999285
0.996265
0.999305
0.999394
0.99858
0.999585
0.999797
0.998958
0.999899
0.99985
0.998029
0.999726
0.999699
0.998706
0.999787
0.999834
0.997226
0.999757
0.99957
0.995733
0.999391
0.999304
0.995573
0.99928
0.99928
0.995957
0.999298
0.999352
0.996309
0.999424
0.999424
0.995678
0.999352
0.999298
0.995543
0.999279
0.999276
0.995568
0.999276
0.999279
0.995957
0.999298
0.999352
0.996345
0.999424
0.999429
0.996375
0.999381
0.999414
0.998354
0.999575
0.999767
0.999538
0.999886
0.999947
0.999939
0.99998
0.999995
0.999984
0.999998
0.999998
0.999876
0.999993
0.999931
0.996045
0.999425
0.996396
0.938265
0.98295
0.938827
0.649146
0.832831
0.649324
0.354875
0.491387
0.355055
0.380926
0.413661
0.624227
0.538263
0.667622
0.409985
0.550427
0.428475
0.0751884
0.188959
0.361011
0.286745
0.360124
0.339237
0.426392
0.340143
0.265892
0.261006
0.260695
0.263014
0.375154
0.391561
0.432658
0.461869
0.449164
0.477168
0.487278
0.493378
0.495384
0.499442
0.51103
0.5
0.500005
0.505542
0.500005
0.500003
0.474443
0.499514
0.496109
0.443526
0.491353
0.491745
0.434073
0.489908
0.48154
0.363256
0.463577
0.409973
0.170782
0.291248
0.212462
0.265518
0.083523
0.265516
0.753582
0.50701
0.753529
0.973381
0.906784
0.973347
0.999007
0.994224
0.999016
0.999927
0.999842
0.999968
0.999938
0.999991
0.999994
0.999965
0.999996
0.999997
0.999927
0.999996
0.999994
0.999914
0.999993
0.999993
0.999927
0.999993
0.999994
0.999979
0.999995
0.999994
0.999981
0.999982
0.999953
0.999959
0.999928
0.999924
0.99998
0.999935
0.999936
0.999944
0.999922
0.999912
0.99991
0.99991
0.999917
0.999909
0.999929
0.999929
0.999916
0.999917
0.99991
0.999927
0.999909
0.999909
0.99991
0.99991
0.999921
0.999912
0.999947
0.999975
0.999914
0.999988
0.999987
0.999919
0.999972
0.999946
0.999929
0.999925
0.999925
0.999928
0.999945
0.999971
0.999976
0.999988
0.999996
0.999994
0.999995
0.999982
0.999993
0.999954
0.999928
0.999992
0.999917
0.999916
0.99992
0.999921
0.99987
0.996013
0.999282
0.995689
0.93391
0.980121
0.930478
0.621386
0.814363
0.617693
0.337288
0.453818
0.324876
0.411986
0.377219
0.660646
0.489087
0.604068
0.421906
0.49831
0.38944
0.243157
0.253173
0.345627
0.262261
0.330342
0.326224
0.391639
0.311656
0.242122
0.238456
0.435934
0.337125
0.456838
0.49155
0.501742
0.512566
0.497828
0.51597
0.522659
0.499943
0.542465
0.564093
0.500005
0.56415
0.542768
0.500003
0.523808
0.519565
0.49962
0.521972
0.521504
0.507213
0.516946
0.518914
0.494391
0.511321
0.494846
0.423902
0.476266
0.423902
0.225798
0.305378
0.225798
0.230957
0.698676
0.491782
0.643737
0.967646
0.865397
0.958474
0.998304
0.987707
0.995026
0.999819
0.997377
0.998837
0.999991
0.999632
0.999913
0.999999
0.999976
0.999985
0.999999
0.999985
0.999985
0.999999
0.999985
0.999985
0.999998
0.999985
0.999976
0.999953
0.999913
0.999633
0.999613
0.998855
0.997566
0.999391
0.996491
0.996232
0.999444
0.996481
0.996447
0.999304
0.996022
0.995724
0.99936
0.995724
0.996021
0.999444
0.996442
0.996442
0.999299
0.996017
0.995693
0.99928
0.995575
0.995582
0.999404
0.995756
0.996345
0.999831
0.997556
0.99886
0.999931
0.999534
0.999445
0.999589
0.998641
0.997394
0.999421
0.996459
0.996439
0.999778
0.997301
0.998449
0.999966
0.99929
0.999682
0.99983
0.999578
0.998842
0.999404
0.997534
0.996342
0.999311
0.995793
0.995792
0.999523
0.996335
0.997448
0.995524
0.998127
0.995176
0.929094
0.979403
0.928697
0.616399
0.811451
0.616043
0.318689
0.449439
0.31631
0.32202
0.272657
0.517346
0.354665
0.44414
0.340782
0.376521
0.301434
0.208698
0.0849113
0.321172
0.251817
0.318111
0.30342
0.377865
0.300215
0.233747
0.229104
0.421413
0.170679
0.312738
0.503332
0.395013
0.431469
0.521535
0.449824
0.470651
0.643514
0.540577
0.621635
0.576
0.621894
0.541942
0.519314
0.476426
0.46696
0.526607
0.474912
0.473436
0.509136
0.458398
0.449333
0.482426
0.441721
0.434557
0.409975
0.41779
0.363257
0.212462
0.24659
0.170782
0.615975
0.433473
0.580778
0.94039
0.797845
0.891649
0.981595
0.923468
0.938142
0.994213
0.957026
0.978054
0.999379
0.991242
0.996661
0.999819
0.998199
0.998505
0.999827
0.998547
0.998551
0.999827
0.998551
0.998547
0.999755
0.998505
0.998199
0.997934
0.996662
0.991254
0.988421
0.97815
0.957648
0.982377
0.941339
0.93699
0.983053
0.939564
0.939022
0.980275
0.934011
0.930936
0.9814
0.930936
0.933999
0.983021
0.938917
0.938907
0.980125
0.933918
0.930491
0.979694
0.929201
0.929384
0.983053
0.931776
0.939767
0.994291
0.957968
0.978466
0.996784
0.988616
0.98625
0.987481
0.972884
0.953856
0.983347
0.940585
0.940078
0.991942
0.951646
0.968329
0.997907
0.982114
0.98995
0.994149
0.989149
0.977596
0.983026
0.957129
0.939597
0.980668
0.932367
0.932367
0.988185
0.939597
0.957116
0.993471
0.977345
0.986784
0.928411
0.97614
0.926925
0.61592
0.810186
0.615523
0.314829
0.447018
0.310975
0.244469
0.229595
0.408917
0.305565
0.399677
0.287914
0.360714
0.303609
0.0711473
0.178839
0.231571
0.249774
0.238504
0.188708
0.0760989
0.321464
0.277992
0.336905
0.299009
0.382558
0.296435
0.227918
0.223574
0.140746
0.174042
0.248234
0.308888
0.363499
0.421452
0.317015
0.440472
0.430504
0.155187
0.384901
0.289484
0.155687
0.148146
0.0703371
0.0687305
0.304787
0.25175
0.332087
0.4693
0.444833
0.485892
0.476932
0.495262
0.491454
0.372648
0.470649
0.412895
0.298956
0.171619
0.168763
0.292817
0.21651
0.214217
0.34552
0.27763
0.358657
0.49108
0.464404
0.493878
0.495604
0.498956
0.497661
0.433191
0.4882
0.45095
0.357475
0.241689
0.238242
0.341033
0.271402
0.260525
0.380783
0.325854
0.407876
0.497473
0.494695
0.499737
0.499255
0.499981
0.499928
0.470419
0.499147
0.48399
0.470267
0.316649
0.286224
0.387572
0.356109
0.305583
0.429216
0.357213
0.439673
0.500004
0.511069
0.499998
0.499945
0.499933
0.499455
0.484327
0.495935
0.472448
0.418505
0.356668
0.306167
0.37058
0.319594
0.289099
0.439585
0.346278
0.428669
0.499983
0.505532
0.499978
0.498537
0.499759
0.498179
0.457956
0.489119
0.450997
0.350628
0.28127
0.269402
0.340088
0.266838
0.259628
0.405555
0.291321
0.373043
0.499481
0.473662
0.495868
0.498479
0.499432
0.498523
0.450618
0.489164
0.448826
0.350854
0.268053
0.258013
0.335975
0.265047
0.255268
0.339214
0.225399
0.306628
0.48984
0.428421
0.484574
0.498915
0.502927
0.504021
0.443613
0.489654
0.439916
0.3261
0.253494
0.248382
0.322525
0.244046
0.242177
0.260554
0.0726249
0.172214
0.468816
0.335449
0.430724
0.503083
0.474365
0.4881
0.437779
0.479472
0.433495
0.318831
0.240591
0.24013
0.318593
0.23939
0.239318
0.0921075
0.0354127
0.365063
0.140836
0.253932
0.45649
0.332226
0.383776
0.416162
0.396188
0.359549
0.255408
0.22781
0.227737
0.254657
0.182658
0.182473
0.09189
0.25032
0.0707962
0.167448
0.24141
0.19307
0.165418
0.0699979
0.0740886
0.0739601
0.0689993
0.512491
0.200891
0.402494
0.782232
0.549443
0.603945
0.831299
0.616635
0.628582
0.935653
0.72004
0.851218
0.985563
0.919983
0.947983
0.990911
0.956581
0.958552
0.991077
0.958886
0.958927
0.991061
0.958927
0.958886
0.989956
0.958552
0.956581
0.97091
0.947985
0.920003
0.878717
0.851349
0.720566
0.826082
0.63075
0.624698
0.833124
0.650124
0.649554
0.815135
0.62149
0.618132
0.820661
0.61813
0.621474
0.832899
0.649373
0.649362
0.814389
0.62139
0.617709
0.812674
0.616521
0.616764
0.833162
0.619387
0.629576
0.937775
0.728238
0.859805
0.955262
0.905249
0.885023
0.867563
0.811037
0.697885
0.832181
0.629344
0.628501
0.904518
0.686736
0.776429
0.963489
0.84575
0.895929
0.933767
0.901242
0.846112
0.832553
0.719192
0.629112
0.818073
0.61997
0.619972
0.877884
0.629136
0.720033
0.966443
0.850516
0.91563
0.919233
0.928148
0.888424
0.613309
0.780633
0.603155
0.298531
0.426373
0.264301
0.211485
0.168246
0.397802
0.245325
0.370408
0.372192
0.432656
0.43431
0.357968
0.425848
0.434467
0.362806
0.440812
0.442539
0.352032
0.439881
0.43021
0.311179
0.409913
0.382238
0.299764
0.361102
0.360205
0.380669
0.391561
0.413133
0.284701
0.365043
0.244546
0.175075
0.168077
0.263933
0.0346059
0.0951549
0.428398
0.181043
0.268342
0.472666
0.313689
0.357691
0.727482
0.434518
0.52456
0.843118
0.583734
0.610864
0.856743
0.619924
0.622161
0.85727
0.62257
0.622625
0.85721
0.622625
0.62257
0.854116
0.622161
0.619925
0.808717
0.61088
0.583844
0.581254
0.52525
0.438035
0.468327
0.3711
0.352206
0.49193
0.359091
0.356098
0.455274
0.338169
0.32784
0.461009
0.327824
0.338038
0.491808
0.355374
0.355954
0.459635
0.340923
0.336849
0.479495
0.349189
0.376668
0.519036
0.411434
0.449729
0.753805
0.506981
0.561753
0.754386
0.572523
0.532777
0.525961
0.449675
0.370301
0.457283
0.333805
0.329849
0.590238
0.35251
0.386015
0.758343
0.450976
0.528764
0.718575
0.552462
0.515451
0.47501
0.433577
0.362981
0.458961
0.33491
0.334946
0.580037
0.363316
0.435614
0.804713
0.524234
0.580811
0.79386
0.597921
0.576734
0.549195
0.511777
0.402382
0.180254
0.263863
0.0950996
0.0685627
0.285592
0.0402998
0.148156
0.432361
0.252375
0.308453
0.479056
0.337636
0.351149
0.488783
0.355897
0.356909
0.477995
0.355996
0.351969
0.432829
0.34231
0.328033
0.403867
0.316309
0.309983
0.372927
0.297698
0.254636
0.148225
0.151995
0.0412285
0.0710516
0.230956
0.0835209
0.265511
0.265491
0.230917
0.0978439
0.0951549
0.263933
0.38285
0.402494
0.512491
0.461719
0.580778
0.615975
0.486059
0.643736
0.69867
0.506815
0.753465
0.753078
0.484354
0.696206
0.633659
0.385673
0.585816
0.515468
0.140864
0.412249
0.295664
0.160656
0.041618
0.0740266
0.179198
0.374224
0.268342
0.428398
0.702224
0.603945
0.782232
0.842919
0.891649
0.940389
0.887911
0.958474
0.967636
0.90616
0.973238
0.972526
0.850904
0.963096
0.939953
0.702261
0.885197
0.772517
0.417102
0.599312
0.465821
0.149181
0.37954
0.249729
0.179198
0.172014
0.228793
0.270007
0.44929
0.357635
0.472634
0.810322
0.62857
0.831284
0.971895
0.938138
0.981594
0.992476
0.995023
0.998269
0.992945
0.998705
0.996995
0.96217
0.988379
0.957899
0.773985
0.875321
0.703089
0.508136
0.586627
0.54079
0.306822
0.470249
0.355581
0.270055
0.268983
0.32735
0.388834
0.579113
0.521854
0.724324
0.877646
0.84887
0.934531
0.988092
0.977702
0.994141
0.999432
0.998823
0.999769
0.997298
0.999542
0.997211
0.95222
0.986476
0.94984
0.684227
0.856732
0.681493
0.613879
0.639179
0.718073
0.429009
0.684495
0.513457
0.390959
0.387164
0.425186
0.42521
0.794517
0.571986
0.794523
0.965373
0.909035
0.965374
0.997482
0.989353
0.997483
0.999895
0.999556
0.999895
0.997181
0.999559
0.997177
0.949415
0.98628
0.949356
0.687263
0.856928
0.687334
0.779662
0.676218
0.805621
0.570616
0.792734
0.597279
0.454738
0.449997
0.389029
0.328502
0.724389
0.435064
0.579552
0.934545
0.719767
0.877803
0.994155
0.957156
0.988263
0.99978
0.99753
0.999559
0.997176
0.999518
0.997173
0.949357
0.986278
0.949357
0.687885
0.857009
0.687892
0.813836
0.680297
0.815742
0.606262
0.806122
0.60849
0.463461
0.458688
0.275297
0.248131
0.474781
0.331258
0.457195
0.832545
0.619841
0.817872
0.983024
0.932279
0.980648
0.999354
0.995786
0.999261
0.997171
0.99948
0.99717
0.949357
0.986277
0.949357
0.687904
0.857011
0.687904
0.816071
0.68043
0.816111
0.608899
0.806647
0.608953
0.46383
0.459057
0.238989
0.240903
0.452405
0.325842
0.455394
0.816869
0.625305
0.826859
0.980533
0.937189
0.982409
0.999259
0.996232
0.999342
0.99717
0.99949
0.997171
0.949357
0.986277
0.949357
0.687904
0.857011
0.687904
0.816111
0.680417
0.816071
0.608953
0.806586
0.608899
0.463786
0.459013
0.253277
0.269121
0.505794
0.37561
0.570911
0.855647
0.746583
0.886291
0.986329
0.961297
0.990066
0.999517
0.998092
0.999682
0.997173
0.999537
0.997175
0.949357
0.986278
0.949357
0.687892
0.857002
0.687886
0.815744
0.67965
0.813855
0.608491
0.803528
0.606265
0.461712
0.456943
0.278687
0.272488
0.580503
0.368964
0.520562
0.889243
0.685852
0.860003
0.990406
0.951196
0.986887
0.999694
0.997308
0.999535
0.997175
0.999516
0.997179
0.949359
0.98631
0.949441
0.687353
0.856971
0.68733
0.805755
0.667382
0.780347
0.597304
0.759859
0.570776
0.434432
0.429888
0.255334
0.242592
0.463044
0.325584
0.45429
0.828545
0.618831
0.816241
0.982671
0.931463
0.980415
0.99935
0.995744
0.99926
0.99722
0.999517
0.997427
0.95003
0.987501
0.953187
0.682284
0.863614
0.686283
0.720759
0.612719
0.621628
0.514295
0.563014
0.43281
0.331537
0.329704
0.236256
0.233969
0.450698
0.31651
0.449528
0.812425
0.616077
0.811509
0.979663
0.928741
0.979494
0.999245
0.995542
0.999257
0.99798
0.999726
0.998681
0.961714
0.993197
0.973427
0.722488
0.921219
0.823661
0.565909
0.717015
0.585488
0.370233
0.468028
0.351825
0.267762
0.267598
0.233347
0.233219
0.449238
0.315791
0.449185
0.811342
0.615964
0.81132
0.979469
0.92864
0.979466
0.999257
0.995536
0.999244
0.998734
0.999641
0.998227
0.974431
0.991176
0.965484
0.827618
0.892797
0.729722
0.603903
0.623639
0.577696
0.35744
0.48495
0.354425
0.26702
0.266483
0.233198
0.233196
0.449177
0.315772
0.449177
0.811318
0.615963
0.811317
0.979466
0.928639
0.979466
0.999243
0.995538
0.999254
0.998131
0.999703
0.998496
0.962915
0.992068
0.968149
0.708159
0.9024
0.772998
0.540213
0.615365
0.515015
0.33766
0.449176
0.326523
0.245138
0.244738
0.233196
0.233196
0.449177
0.315772
0.449177
0.811317
0.615963
0.811317
0.979466
0.928639
0.979466
0.999254
0.995536
0.999239
0.998448
0.999592
0.997868
0.967288
0.989313
0.95859
0.771534
0.875077
0.701961
0.513914
0.579297
0.534693
0.326472
0.460112
0.337254
0.254064
0.253725
0.233196
0.233196
0.449177
0.315772
0.449177
0.811317
0.615963
0.811317
0.979466
0.928639
0.979466
0.999229
0.995535
0.999229
0.997439
0.999516
0.997436
0.952739
0.987469
0.952623
0.678298
0.860604
0.678099
0.551148
0.572234
0.551089
0.352254
0.47923
0.352864
0.266869
0.265871
0.233199
0.233221
0.449177
0.315793
0.449185
0.811317
0.615963
0.811317
0.979466
0.928639
0.979466
0.999239
0.995538
0.999253
0.997844
0.999686
0.998359
0.957952
0.991312
0.965316
0.699503
0.895423
0.762932
0.534537
0.608783
0.514754
0.340419
0.455627
0.3372
0.254432
0.255255
0.233364
0.234054
0.449241
0.316556
0.449531
0.811317
0.615963
0.811317
0.979466
0.928639
0.979466
0.999252
0.995536
0.999237
0.998281
0.99957
0.997708
0.963895
0.988477
0.955468
0.752736
0.866933
0.687808
0.496131
0.547773
0.520656
0.353865
0.497774
0.391175
0.294352
0.304347
0.236517
0.242936
0.450615
0.324964
0.453498
0.811317
0.615963
0.811317
0.979466
0.928639
0.979466
0.999228
0.995535
0.999226
0.997309
0.999479
0.997175
0.950244
0.986223
0.948596
0.672032
0.852382
0.670375
0.54174
0.571885
0.543951
0.426859
0.522727
0.456147
0.361391
0.366845
0.254817
0.270191
0.458858
0.350879
0.465786
0.811317
0.615963
0.811317
0.979466
0.928639
0.979466
0.999226
0.995535
0.999226
0.997161
0.999477
0.997164
0.948785
0.986223
0.94898
0.680408
0.855131
0.680968
0.623042
0.640426
0.723521
0.503794
0.707597
0.54938
0.426328
0.422068
0.284774
0.295164
0.472495
0.375263
0.477684
0.811317
0.615963
0.811317
0.979466
0.928639
0.979466
0.999226
0.995535
0.999226
0.997167
0.999476
0.997161
0.949144
0.986206
0.948948
0.684685
0.855422
0.684262
0.751708
0.640632
0.711224
0.553739
0.676207
0.508785
0.394251
0.384622
0.295223
0.280986
0.478249
0.362287
0.471796
0.811317
0.615963
0.811318
0.979466
0.928639
0.979466
0.999226
0.995535
0.999226
0.997143
0.999474
0.997136
0.948228
0.986023
0.947945
0.672172
0.851304
0.671504
0.610661
0.574077
0.544422
0.428576
0.473975
0.36145
0.277593
0.274955
0.260496
0.244935
0.462063
0.327077
0.454612
0.81132
0.615978
0.811342
0.979466
0.928651
0.979468
0.999226
0.995535
0.999226
0.997134
0.999474
0.997133
0.947789
0.985994
0.947762
0.668967
0.850502
0.66889
0.536949
0.563129
0.534993
0.33167
0.452674
0.323858
0.245137
0.241476
0.237833
0.238021
0.45124
0.32045
0.451442
0.81151
0.61661
0.812427
0.979494
0.929263
0.979662
0.999226
0.995573
0.99923
0.997134
0.999475
0.997141
0.947817
0.98605
0.948045
0.669429
0.851399
0.669939
0.536607
0.572636
0.544563
0.331662
0.473963
0.361348
0.285446
0.274774
0.246487
0.267655
0.456198
0.353566
0.469741
0.81625
0.626446
0.828536
0.980403
0.937869
0.982581
0.999256
0.996264
0.999346
0.997157
0.999491
0.997165
0.948676
0.986217
0.948942
0.679731
0.854958
0.680353
0.613963
0.635958
0.708223
0.427632
0.670741
0.501945
0.389235
0.378301
0.300888
0.319675
0.54078
0.428957
0.602105
0.859488
0.747068
0.881206
0.986405
0.957749
0.988647
0.999513
0.997713
0.999612
0.997168
0.999526
0.997157
0.949073
0.986144
0.948669
0.684107
0.85466
0.683334
0.74111
0.635071
0.702122
0.531911
0.667803
0.500958
0.383329
0.37791
0.30091
0.267804
0.540788
0.353699
0.4698
0.859488
0.626446
0.828537
0.986405
0.937869
0.982581
0.999513
0.996264
0.999345
0.997112
0.999477
0.997051
0.947327
0.985549
0.94614
0.667307
0.846781
0.66537
0.597803
0.546551
0.514757
0.426245
0.467606
0.360222
0.275945
0.274927
0.247237
0.240933
0.456522
0.323256
0.452792
0.816253
0.616626
0.812452
0.980403
0.929274
0.979661
0.999253
0.995569
0.999224
0.996972
0.999447
0.996968
0.944679
0.985157
0.944676
0.654804
0.842494
0.654804
0.488253
0.519223
0.488254
0.331639
0.444434
0.33168
0.251975
0.250996
0.246551
0.264971
0.455491
0.347299
0.464816
0.811701
0.616654
0.812438
0.979484
0.929102
0.979324
0.999173
0.995138
0.998764
0.996997
0.999
0.99664
0.9461
0.985417
0.946976
0.665384
0.849505
0.667323
0.514851
0.584702
0.599851
0.36063
0.557359
0.428828
0.328996
0.32654
0.296538
0.336546
0.481583
0.42431
0.506039
0.816118
0.627409
0.827722
0.978159
0.931553
0.971356
0.996207
0.982275
0.984367
0.994078
0.984287
0.982053
0.946348
0.971845
0.937395
0.68385
0.85025
0.684016
0.712621
0.664232
0.776518
0.512127
0.755151
0.567187
0.432087
0.427229
0.377941
0.398066
0.602606
0.52376
0.700162
0.8563
0.794068
0.857798
0.94327
0.876514
0.860066
0.943692
0.845931
0.840994
0.940895
0.839419
0.837806
0.904045
0.832058
0.814343
0.697944
0.773414
0.726809
0.798572
0.72869
0.771088
0.58346
0.742804
0.559997
0.429773
0.422878
0.372646
0.304051
0.670823
0.405956
0.547625
0.769911
0.594703
0.600224
0.685907
0.585531
0.53094
0.653803
0.511824
0.511712
0.651976
0.511516
0.511487
0.642893
0.510802
0.509554
0.597279
0.485406
0.484237
0.642201
0.484918
0.515817
0.493851
0.520166
0.397503
0.301248
0.300606
0.208278
0.0778913
0.401013
0.148544
0.251515
0.446507
0.295284
0.310198
0.442523
0.314334
0.314179
0.440273
0.314054
0.314051
0.440208
0.314048
0.31404
0.438212
0.313952
0.313454
0.429245
0.311776
0.310358
0.427175
0.306378
0.293109
0.285661
0.250665
0.147977
0.0692006
0.0775777
0.0693824
0.169954
0.222266
0.227385
0.255151
0.232561
0.258525
0.232695
0.256337
0.232694
0.243705
0.232497
0.232879
0.230693
0.177161
0.211622
0.0695114
0.08623
0.0740277
0.0389737
0.204618
0.433727
0.491982
0.510943
0.486537
0.420918
0.338456
0.239901
0.0790508
0.251591
0.555344
0.797989
0.865432
0.907067
0.881373
0.776976
0.588731
0.439674
0.229145
0.310364
0.61345
0.920495
0.987496
0.994055
0.986379
0.912181
0.703846
0.451946
0.238897
0.318985
0.618555
0.931093
0.995574
0.999409
0.98721
0.860123
0.572462
0.468139
0.268875
0.357483
0.683893
0.950407
0.997246
0.999512
0.98607
0.85159
0.576411
0.520454
0.337666
0.389718
0.755895
0.96293
0.998179
0.999537
0.986155
0.853754
0.597847
0.569052
0.371054
0.330408
0.628276
0.940016
0.996439
0.999491
0.986065
0.851855
0.588874
0.535988
0.317494
0.345356
0.682003
0.950684
0.997266
0.999511
0.985998
0.850587
0.564218
0.456687
0.247682
0.380004
0.793142
0.974193
0.998968
0.999549
0.985992
0.850465
0.562653
0.450928
0.238291
0.382041
0.810192
0.979191
0.999263
0.999553
0.986023
0.851304
0.574048
0.473758
0.274512
0.382043
0.811099
0.979425
0.999271
0.999555
0.986206
0.85541
0.63983
0.670108
0.378113
0.382015
0.80626
0.978055
0.999207
0.999555
0.986219
0.854992
0.636366
0.671052
0.378325
0.36936
0.757643
0.964896
0.998315
0.999537
0.986055
0.851439
0.572572
0.473896
0.274597
0.323518
0.625365
0.937208
0.996232
0.999493
0.986258
0.852124
0.561653
0.450569
0.237334
0.31604
0.616535
0.929208
0.995572
0.999595
0.989411
0.875555
0.576215
0.446705
0.23326
0.315775
0.615977
0.92865
0.995539
0.999793
0.994285
0.918546
0.608712
0.431502
0.232124
0.315772
0.615964
0.92864
0.995538
0.999701
0.991807
0.897713
0.587262
0.431052
0.232119
0.315805
0.616061
0.928731
0.99554
0.9995
0.986797
0.854735
0.548267
0.443628
0.233035
0.317338
0.618219
0.930975
0.995721
0.999475
0.985899
0.849281
0.554553
0.447087
0.233179
0.339833
0.666838
0.945544
0.996964
0.999486
0.985193
0.842733
0.525036
0.436349
0.232604
0.347255
0.675765
0.953307
0.997617
0.99951
0.985518
0.845932
0.536972
0.438599
0.23265
0.366698
0.742379
0.961962
0.998196
0.999534
0.985929
0.84968
0.557755
0.447483
0.233182
0.343645
0.677097
0.948815
0.99717
0.999511
0.98599
0.85039
0.561588
0.448433
0.233198
0.317769
0.619028
0.931722
0.995764
0.999477
0.985991
0.850424
0.561927
0.448532
0.233374
0.324985
0.625287
0.937178
0.996232
0.999487
0.985992
0.850461
0.56256
0.450479
0.237337
0.375589
0.746583
0.961297
0.998092
0.999534
0.986023
0.851305
0.574148
0.473987
0.274838
0.368967
0.685867
0.951208
0.997309
0.999515
0.986208
0.855533
0.643969
0.683942
0.38716
0.325852
0.619403
0.932032
0.99578
0.99948
0.986279
0.856964
0.676589
0.792179
0.44961
0.324238
0.625393
0.937255
0.996228
0.999489
0.986559
0.859081
0.677895
0.793117
0.44969
0.368528
0.751458
0.962185
0.997472
0.998887
0.988878
0.889355
0.695505
0.693612
0.38781
0.362441
0.736407
0.936578
0.976651
0.977951
0.962792
0.907093
0.76335
0.47218
0.269789
0.256007
0.517984
0.743074
0.804979
0.806049
0.758968
0.62079
0.585194
0.413286
0.178381
0.0406661
0.267806
0.420321
0.446997
0.449409
0.452578
0.449101
0.426745
0.258744
0.174697
0.227905
0.233709
0.24057
0.253055
0.22571
0.0692087
0.147387
0.289448
0.312571
0.315709
0.315483
0.311891
0.306421
0.243086
0.0712389
0.0374192
0.24811
0.310266
0.318486
0.336356
0.350788
0.32472
0.316496
0.315791
0.315772
0.315772
0.315772
0.315772
0.315772
0.315772
0.315772
0.315772
0.315772
0.315772
0.315772
0.315772
0.315772
0.315774
0.315908
0.318693
0.336359
0.350788
0.32472
0.316494
0.315584
0.310213
0.250925
0.0421853
0.0943288
0.383371
0.477764
0.529262
0.603674
0.586139
0.485594
0.48012
0.418832
0.235179
0.174943
0.47599
0.531464
0.533944
0.537867
0.550241
0.535388
0.533723
0.533624
0.533622
0.533622
0.533622
0.533622
0.533622
0.533622
0.533622
0.533622
0.533622
0.533622
0.533622
0.533622
0.533622
0.533622
0.533633
0.53398
0.537867
0.550241
0.535388
0.533746
0.534356
0.543878
0.504746
0.303699
0.0725319
0.257222
0.471885
0.700358
0.844567
0.912149
0.890486
0.779107
0.570949
0.460759
0.241897
0.341753
0.612808
0.664891
0.66872
0.670013
0.670072
0.66887
0.668734
0.66873
0.66873
0.66873
0.66873
0.66873
0.66873
0.66873
0.66873
0.66873
0.66873
0.66873
0.66873
0.66873
0.66873
0.66873
0.668731
0.66881
0.670014
0.670072
0.66887
0.668749
0.669272
0.686266
0.594802
0.453758
0.253712
0.0725234
0.224905
0.291285
0.346275
0.357087
0.323573
0.264159
0.241259
0.227832
0.0740888
0.317748
0.528046
0.842961
0.973375
0.993033
0.983823
0.891403
0.612092
0.458217
0.23835
0.412365
0.780474
0.932753
0.947282
0.947836
0.947864
0.947772
0.947742
0.947739
0.947739
0.94774
0.947742
0.947743
0.947743
0.947743
0.947743
0.947743
0.947743
0.947743
0.947741
0.947739
0.94774
0.947742
0.947741
0.947745
0.94784
0.947864
0.947772
0.947748
0.947799
0.942552
0.865661
0.707187
0.386138
0.147207
0.336722
0.424477
0.473338
0.505531
0.511031
0.493518
0.454649
0.438839
0.417749
0.24659
0.351839
0.599686
0.88995
0.989956
0.999156
0.987118
0.858747
0.559095
0.449751
0.238124
0.339705
0.806825
0.976324
0.995992
0.996704
0.996839
0.997045
0.996931
0.996727
0.996707
0.996804
0.997037
0.997065
0.997075
0.997077
0.997102
0.997088
0.997064
0.997047
0.996927
0.99671
0.996792
0.997009
0.996928
0.996727
0.996709
0.996804
0.99701
0.996924
0.996367
0.988373
0.93767
0.784082
0.423967
0.322782
0.479161
0.495553
0.49934
0.5
0.500005
0.499972
0.499575
0.506835
0.476264
0.305378
0.334695
0.49371
0.825812
0.979205
0.995947
0.986218
0.872377
0.574911
0.446499
0.233058
0.338512
0.75739
0.961748
0.98549
0.986474
0.990199
0.995325
0.991919
0.986766
0.986245
0.988798
0.9949
0.995985
0.996323
0.996546
0.997481
0.996894
0.995935
0.99517
0.991694
0.986159
0.988286
0.993762
0.991726
0.986764
0.986278
0.988665
0.993779
0.991688
0.984763
0.949863
0.729629
0.568781
0.327151
0.292927
0.481951
0.511936
0.575664
0.643603
0.523557
0.527075
0.515309
0.496942
0.463619
0.291248
0.308609
0.483222
0.767791
0.920346
0.941932
0.936579
0.863921
0.594252
0.426995
0.113113
0.337712
0.648396
0.863233
0.855275
0.858103
0.887935
0.933506
0.899806
0.855043
0.852982
0.870325
0.925329
0.933767
0.93777
0.940325
0.952406
0.944178
0.933361
0.925706
0.897313
0.848862
0.865841
0.913594
0.897272
0.85503
0.854095
0.868998
0.913756
0.897273
0.854461
0.837817
0.635757
0.449717
0.247155
0.0444222
0.253728
0.324699
0.4157
0.470772
0.36731
0.353834
0.33678
0.321361
0.305286
0.143816
0.245697
0.453895
0.572641
0.642174
0.651866
0.649352
0.602958
0.517886
0.374073
0.112071
0.288982
0.531703
0.580668
0.569736
0.65795
0.680167
0.671063
0.589399
0.549884
0.567583
0.546602
0.635868
0.621031
0.646705
0.628029
0.710894
0.653954
0.620672
0.613708
0.587361
0.518838
0.536151
0.603914
0.586848
0.550954
0.584204
0.55693
0.603943
0.58685
0.552961
0.627877
0.612261
0.435814
0.2278
0.0695349
0.251633
0.328692
0.265443
0.0413001
0.226272
0.420088
0.483143
0.445796
0.245884
0.264732
0.455422
0.498051
0.48086
0.317816
0.299243
0.478861
0.499672
0.495161
0.367726
0.346909
0.505764
0.499994
0.499238
0.388125
0.357105
0.511035
0.4998
0.491242
0.350132
0.323339
0.493409
0.499809
0.489554
0.338698
0.258142
0.450708
0.499174
0.488011
0.328808
0.176835
0.39506
0.498294
0.48831
0.320216
0.254446
0.427045
0.457217
0.304984
0.0353933
0.169924
0.272486
0.142797
0.0413426
0.291551
0.412168
0.437323
0.440187
0.439732
0.426855
0.374073
0.159725
0.0394852
0.294741
0.423324
0.554264
0.741128
0.686498
0.4676
0.434523
0.449273
0.477644
0.453315
0.440188
0.431676
0.437973
0.433418
0.448774
0.440049
0.431405
0.431028
0.439981
0.453616
0.453644
0.440031
0.433172
0.451827
0.519212
0.514291
0.440938
0.439902
0.479957
0.577139
0.562919
0.378059
0.168736
0.0687191
0.105296
0.154147
0.23266
0.232442
0.113105
0.112071
0.0692732
0.225179
0.324322
0.41995
0.385555
0.274499
0.237089
0.242106
0.264756
0.252502
0.235544
0.232284
0.23251
0.232288
0.232995
0.232684
0.232249
0.234439
0.246887
0.265681
0.265681
0.246915
0.235549
0.246234
0.298416
0.297658
0.246138
0.245567
0.296097
0.370675
0.346423
0.199652
0.0686464
0.112011
0.105286
0.11311
0.15421
0.232854
0.23315
0.233177
0.233079
0.155065
0.115971
0.115459
0.151208
0.211796
0.168751
0.0686886
0.0730391
0.234835
0.0867243
0.270874
0.271948
0.236982
0.0753294
0.0726339
0.0349692
0.0696313
0.0689175
0.104388
0.148641
0.289189
0.384311
0.410773
0.514473
0.461776
0.581101
0.616027
0.488045
0.643871
0.699367
0.511573
0.755104
0.754652
0.475969
0.693993
0.621917
0.365431
0.558088
0.470272
0.284425
0.422776
0.421754
0.151195
0.381335
0.268228
0.190027
0.16997
0.212254
0.169081
0.212064
0.401558
0.295313
0.439189
0.703511
0.603798
0.781298
0.842921
0.891048
0.940194
0.888088
0.958442
0.96766
0.906075
0.973284
0.97239
0.840376
0.962164
0.938324
0.671582
0.88851
0.801346
0.527961
0.697623
0.573657
0.311692
0.451217
0.319613
0.236797
0.227549
0.232682
0.227533
0.232665
0.446592
0.31532
0.448982
0.804956
0.616117
0.81125
0.970921
0.927862
0.978247
0.99245
0.994261
0.998146
0.993023
0.998701
0.997069
0.965234
0.988839
0.960038
0.813927
0.882477
0.719318
0.57739
0.610964
0.555152
0.321392
0.456199
0.329833
0.247273
0.236172
0.243895
0.235945
0.242006
0.450902
0.328734
0.456789
0.815732
0.625722
0.827487
0.980183
0.937455
0.98247
0.999128
0.996232
0.999333
0.9973
0.999485
0.997182
0.952177
0.986303
0.948922
0.676413
0.853139
0.671911
0.543493
0.575396
0.558971
0.352574
0.502794
0.392394
0.304296
0.26149
0.280323
0.252795
0.264312
0.513649
0.38969
0.585459
0.858394
0.755792
0.890638
0.986626
0.962847
0.99048
0.999524
0.998175
0.999694
0.997146
0.999535
0.997148
0.948119
0.986069
0.948154
0.671058
0.85183
0.671263
0.559898
0.576179
0.547122
0.42674
0.517645
0.4471
0.358915
0.280341
0.261668
0.264312
0.252799
0.585493
0.357751
0.513842
0.890791
0.684479
0.859385
0.990504
0.950976
0.986808
0.999695
0.997283
0.999529
0.997161
0.999514
0.997159
0.948605
0.986155
0.948606
0.678104
0.853761
0.67811
0.598226
0.608878
0.639808
0.469847
0.601808
0.46633
0.359613
0.24502
0.24124
0.242036
0.236172
0.4579
0.326938
0.456321
0.831894
0.628012
0.831487
0.983352
0.939827
0.983298
0.999372
0.996429
0.999371
0.997144
0.99949
0.997137
0.948142
0.986021
0.947928
0.671612
0.851213
0.671147
0.590051
0.571914
0.54254
0.414181
0.471963
0.358398
0.272875
0.248904
0.259124
0.23396
0.233347
0.506084
0.3695
0.575495
0.858424
0.757773
0.894573
0.986734
0.964991
0.99117
0.999526
0.998319
0.999714
0.997137
0.999536
0.997139
0.947786
0.985992
0.947751
0.668939
0.850464
0.668846
0.536546
0.56261
0.534308
0.330525
0.450906
0.320669
0.238271
0.263362
0.264026
0.233219
0.233198
0.604517
0.382016
0.61329
0.916209
0.806262
0.92516
0.994021
0.978056
0.995168
0.999822
0.999207
0.999856
0.99714
0.999552
0.99714
0.947751
0.985998
0.947788
0.668851
0.850597
0.668952
0.534347
0.564538
0.536862
0.320701
0.456943
0.330901
0.247919
0.264077
0.264081
0.233196
0.233196
0.615359
0.382043
0.615841
0.927898
0.811099
0.928508
0.995476
0.979425
0.995532
0.999863
0.999271
0.999864
0.997143
0.999554
0.99715
0.947945
0.986078
0.948228
0.671502
0.852206
0.67217
0.544394
0.598019
0.610066
0.361011
0.55621
0.426793
0.324576
0.264081
0.264077
0.233196
0.233196
0.615841
0.382041
0.615359
0.928508
0.810192
0.927898
0.995532
0.979191
0.995476
0.999864
0.999263
0.999863
0.997168
0.999556
0.997173
0.948947
0.986246
0.949139
0.68417
0.855976
0.684579
0.708343
0.652072
0.743469
0.501591
0.712489
0.532221
0.40038
0.264024
0.26334
0.233196
0.233196
0.613289
0.379985
0.604506
0.925158
0.793123
0.916185
0.995168
0.974181
0.994018
0.999856
0.998967
0.999822
0.99717
0.999551
0.997163
0.948952
0.986166
0.948679
0.680389
0.854125
0.679748
0.708858
0.606167
0.614073
0.50203
0.558758
0.427626
0.324931
0.258972
0.248123
0.233196
0.233196
0.575409
0.344592
0.505692
0.894393
0.681391
0.857403
0.991144
0.950104
0.986549
0.999714
0.99723
0.999521
0.997147
0.999512
0.997144
0.948064
0.986046
0.94797
0.669957
0.850997
0.6696
0.544506
0.564786
0.536205
0.361192
0.456381
0.330772
0.247759
0.238037
0.23429
0.233196
0.233196
0.454502
0.31742
0.450277
0.826937
0.618512
0.815713
0.982412
0.931186
0.980334
0.999342
0.995729
0.999258
0.997184
0.999512
0.997376
0.948636
0.987145
0.951437
0.669732
0.857677
0.673204
0.533514
0.560061
0.531375
0.319812
0.448409
0.316602
0.23414
0.233373
0.233216
0.233196
0.233196
0.449356
0.315805
0.449199
0.812309
0.616065
0.811492
0.979648
0.928733
0.979493
0.999244
0.995542
0.999257
0.99789
0.999723
0.998621
0.958858
0.992601
0.969773
0.702728
0.906021
0.77858
0.52916
0.616702
0.510326
0.315585
0.439672
0.313841
0.232648
0.233197
0.233196
0.233196
0.233196
0.449179
0.315772
0.449177
0.811341
0.615964
0.81132
0.979469
0.92864
0.979466
0.999265
0.995539
0.999264
0.999018
0.999785
0.998959
0.975122
0.993978
0.973969
0.797283
0.915478
0.791934
0.485544
0.605534
0.484371
0.312022
0.429972
0.3116
0.231994
0.233196
0.233197
0.233196
0.233196
0.449177
0.315775
0.449179
0.81132
0.615977
0.81134
0.979466
0.92865
0.979468
0.999254
0.995536
0.999237
0.998466
0.999574
0.997744
0.966779
0.988664
0.956105
0.761335
0.868305
0.68952
0.485141
0.54252
0.494767
0.311972
0.436039
0.313369
0.232574
0.233216
0.233372
0.233196
0.233196
0.449199
0.316035
0.449351
0.811485
0.616494
0.812246
0.979492
0.929181
0.979642
0.999229
0.995571
0.99923
0.997311
0.999478
0.997163
0.950171
0.986129
0.948109
0.670162
0.850748
0.667698
0.516896
0.554736
0.526243
0.315028
0.447086
0.315681
0.233179
0.234257
0.237714
0.233196
0.233196
0.450212
0.322779
0.453924
0.815255
0.623758
0.824435
0.980281
0.936042
0.982088
0.999254
0.996174
0.999334
0.997118
0.999478
0.997064
0.947347
0.985619
0.946383
0.666641
0.847242
0.665334
0.52622
0.548084
0.516896
0.315681
0.443661
0.315039
0.233038
0.246244
0.252844
0.233196
0.233196
0.494501
0.353769
0.533333
0.846746
0.707757
0.864978
0.985232
0.952954
0.987625
0.999482
0.997553
0.999591
0.99698
0.9995
0.996977
0.944797
0.985162
0.944669
0.654957
0.842412
0.654738
0.494994
0.519229
0.486602
0.313467
0.433013
0.312564
0.232301
0.250858
0.252314
0.233196
0.233196
0.500024
0.350671
0.508072
0.860876
0.685326
0.86713
0.987937
0.956041
0.988778
0.999594
0.997801
0.999623
0.997051
0.99952
0.997103
0.945945
0.985778
0.946844
0.662717
0.847878
0.663978
0.503412
0.548638
0.520206
0.313814
0.445011
0.315315
0.233084
0.258596
0.257704
0.233196
0.233196
0.563706
0.365313
0.562231
0.886025
0.740041
0.882934
0.990438
0.960165
0.9898
0.9997
0.998046
0.999676
0.99713
0.999533
0.997137
0.947466
0.985979
0.947677
0.667931
0.850211
0.668294
0.528828
0.560378
0.532151
0.315688
0.448258
0.315769
0.233195
0.247842
0.238032
0.233198
0.233219
0.502747
0.323445
0.454432
0.854245
0.625078
0.826527
0.986209
0.937058
0.98238
0.999514
0.996228
0.999341
0.997136
0.999487
0.997134
0.947733
0.985991
0.947742
0.668695
0.850419
0.668716
0.533265
0.561847
0.533556
0.315774
0.448473
0.315793
0.233221
0.234584
0.235022
0.233347
0.23396
0.450479
0.318115
0.450607
0.81662
0.619057
0.816663
0.980509
0.931738
0.980512
0.999259
0.995765
0.999259
0.997133
0.999477
0.997133
0.947743
0.985991
0.947744
0.668731
0.850428
0.668734
0.533625
0.56202
0.533759
0.315929
0.448916
0.316662
0.234155
0.239964
0.253101
0.236172
0.242036
0.455005
0.348031
0.505728
0.826833
0.679318
0.855645
0.982407
0.949322
0.986329
0.999342
0.99719
0.999517
0.997134
0.999511
0.997137
0.947751
0.985998
0.947788
0.668846
0.850597
0.66895
0.534214
0.564532
0.536857
0.319816
0.456899
0.330789
0.247783
0.269095
0.278684
0.252799
0.264312
0.570903
0.386389
0.580502
0.886291
0.75224
0.889245
0.990066
0.962465
0.990406
0.999682
0.998165
0.999694
0.997142
0.999536
0.997149
0.947945
0.986078
0.94823
0.671512
0.852219
0.672189
0.544485
0.598771
0.612054
0.361403
0.559043
0.429431
0.326672
0.272489
0.255355
0.264312
0.252799
0.520564
0.340742
0.463067
0.860026
0.626456
0.828719
0.98689
0.938135
0.982698
0.999535
0.996291
0.99935
0.997164
0.999491
0.997169
0.948967
0.98626
0.949235
0.684758
0.856394
0.685397
0.718707
0.665331
0.779474
0.51324
0.759314
0.570442
0.42963
0.242769
0.23735
0.242036
0.236172
0.45447
0.32047
0.451797
0.817231
0.619147
0.816807
0.980597
0.931808
0.98053
0.999261
0.995767
0.999259
0.99717
0.99948
0.997176
0.949358
0.986322
0.94953
0.687768
0.857356
0.688025
0.805338
0.679017
0.811923
0.596784
0.800541
0.603597
0.454825
0.238801
0.248215
0.233957
0.233316
0.45484
0.344562
0.505057
0.826999
0.680211
0.856456
0.982423
0.949656
0.986369
0.999335
0.997129
0.999437
0.997215
0.999459
0.997322
0.950381
0.987426
0.953619
0.689089
0.866217
0.693731
0.807379
0.673568
0.788771
0.59704
0.763128
0.571465
0.429956
0.258662
0.26127
0.232991
0.231904
0.571702
0.375615
0.589961
0.889384
0.769996
0.896482
0.989821
0.962119
0.986998
0.99898
0.993904
0.995236
0.997044
0.995002
0.993025
0.961432
0.986069
0.966835
0.73668
0.923829
0.848537
0.749857
0.77482
0.67338
0.515555
0.56735
0.430803
0.326377
0.252954
0.226662
0.227396
0.212183
0.565007
0.322635
0.49127
0.86428
0.642789
0.779746
0.96703
0.867667
0.908886
0.978718
0.9235
0.926908
0.97381
0.924999
0.916075
0.941008
0.893774
0.853671
0.852971
0.812014
0.770514
0.603964
0.701691
0.578307
0.357072
0.448508
0.313179
0.228624
0.173449
0.0695444
0.169732
0.0694425
0.39739
0.149157
0.292103
0.645034
0.401138
0.501895
0.788527
0.578018
0.605083
0.808882
0.612867
0.614701
0.793284
0.613182
0.606374
0.681633
0.586916
0.532235
0.603578
0.491452
0.489749
0.525449
0.490971
0.454584
0.265018
0.346302
0.175181
0.0733444
0.151748
0.0364695
0.358566
0.0947752
0.176782
0.44129
0.262832
0.298315
0.448754
0.310947
0.314823
0.450384
0.316261
0.31831
0.451429
0.322861
0.329429
0.444814
0.334179
0.329236
0.372135
0.305466
0.249082
0.0932474
0.140776
0.0356494
0.072941
0.214056
0.232143
0.235857
0.247768
0.248336
0.173754
0.0407185
0.0366677
0.151619
0.245192
0.286908
0.372641
0.306053
0.411923
0.426995
0.315273
0.440052
0.448848
0.315733
0.449136
0.449147
0.313834
0.448945
0.440921
0.310627
0.43151
0.4293
0.29015
0.425432
0.408982
0.140034
0.35897
0.250226
0.178268
0.144441
0.0967055
0.269503
0.294382
0.383283
0.431279
0.315279
0.444865
0.448178
0.324693
0.44983
0.453547
0.350788
0.459816
0.476042
0.336359
0.476042
0.459817
0.318693
0.453559
0.449932
0.315908
0.448841
0.448526
0.315774
0.448473
0.448465
0.315772
0.448464
0.448464
0.315772
0.448464
0.448464
0.315772
0.448464
0.448464
0.315772
0.448464
0.448464
0.315772
0.448464
0.448464
0.315772
0.448464
0.448464
0.315772
0.448464
0.448464
0.315772
0.448464
0.448464
0.315772
0.448464
0.448464
0.315772
0.448464
0.448464
0.315772
0.448464
0.448464
0.315772
0.448464
0.448464
0.315772
0.448464
0.448464
0.315791
0.448465
0.448473
0.316496
0.448526
0.448841
0.32472
0.449932
0.453559
0.350788
0.459817
0.476042
0.336359
0.476042
0.459817
0.318693
0.453559
0.449932
0.315882
0.44884
0.448526
0.31456
0.448391
0.448141
0.295051
0.446049
0.436233
0.151418
0.395097
0.303328
0.16447
0.0424199
0.0480659
0.263263
0.172873
0.339355
0.451284
0.442357
0.517167
0.484055
0.574511
0.608413
0.586143
0.677328
0.756684
0.603674
0.788003
0.787995
0.529505
0.756621
0.677068
0.484134
0.6077
0.573379
0.464833
0.524419
0.485646
0.309782
0.447231
0.352686
0.237082
0.068826
0.348654
0.301552
0.392989
0.520487
0.530583
0.551865
0.533425
0.560599
0.561695
0.535385
0.562276
0.563176
0.550241
0.566535
0.571357
0.537867
0.571357
0.566536
0.53398
0.563179
0.562304
0.533633
0.56199
0.561935
0.533622
0.561924
0.561923
0.533622
0.561923
0.561923
0.533622
0.561923
0.561923
0.533622
0.561923
0.561923
0.533622
0.561923
0.561923
0.533622
0.561923
0.561923
0.533622
0.561923
0.561923
0.533622
0.561923
0.561923
0.533622
0.561923
0.561923
0.533622
0.561923
0.561923
0.533622
0.561923
0.561923
0.533622
0.561923
0.561923
0.533622
0.561923
0.561923
0.533622
0.561923
0.561923
0.533624
0.561923
0.561924
0.533723
0.561935
0.56199
0.535388
0.562304
0.563179
0.550241
0.566536
0.571357
0.537867
0.571357
0.566536
0.533983
0.56318
0.562306
0.533786
0.562016
0.562079
0.536734
0.562823
0.56497
0.54829
0.586629
0.63094
0.419496
0.563349
0.473959
0.154445
0.393844
0.263967
0.183744
0.0903302
0.237778
0.332171
0.378314
0.365761
0.302267
0.207948
0.0778521
0.165873
0.180285
0.268066
0.43532
0.42162
0.564092
0.486364
0.667011
0.656654
0.288015
0.544309
0.400848
0.0696376
0.25164
0.170126
0.303237
0.233204
0.316438
0.594327
0.449839
0.60019
0.7205
0.740183
0.738838
0.439583
0.598845
0.448507
0.213188
0.314275
0.231542
0.330162
0.275127
0.362294
0.604057
0.474733
0.615719
0.748889
0.772581
0.772508
0.456419
0.615646
0.474686
0.246541
0.36222
0.275074
0.435418
0.391088
0.524558
0.710228
0.72663
0.845713
0.835478
0.913796
0.913784
0.579417
0.845684
0.726603
0.32882
0.524546
0.391083
0.58334
0.452899
0.608731
0.917781
0.841065
0.946263
0.961965
0.981534
0.98103
0.807812
0.945005
0.839872
0.433927
0.608151
0.452615
0.610673
0.437764
0.591098
0.95096
0.825884
0.938912
0.982206
0.975357
0.967431
0.839926
0.919098
0.808094
0.452616
0.583281
0.433935
0.541184
0.337946
0.454405
0.906308
0.685396
0.854918
0.92908
0.912125
0.866746
0.72737
0.718449
0.580152
0.391138
0.435852
0.32915
0.396077
0.280061
0.390033
0.814968
0.618611
0.804454
0.819935
0.874522
0.814129
0.476033
0.625455
0.46287
0.276943
0.340184
0.254633
0.393478
0.314669
0.42956
0.813581
0.659468
0.836035
0.841711
0.906995
0.877739
0.510005
0.757188
0.580568
0.25751
0.378206
0.270578
0.459301
0.29901
0.414098
0.833128
0.613934
0.746111
0.877677
0.805207
0.795643
0.608647
0.717273
0.570951
0.280271
0.37293
0.264088
0.295084
0.157391
0.218762
0.537893
0.3266
0.400121
0.579947
0.434889
0.432741
0.422353
0.393704
0.316907
0.195757
0.208165
0.147046
0.0868238
0.107829
0.392281
0.29641
0.420382
0.574493
0.481804
0.608248
0.783203
0.782958
0.882997
0.890875
0.934662
0.961253
0.912091
0.972104
0.971839
0.843012
0.959657
0.928732
0.693941
0.867784
0.758489
0.492025
0.594394
0.493019
0.382971
0.461921
0.38305
0.0776618
0.241718
0.0775727
0.449055
0.385494
0.51772
0.649331
0.720497
0.808965
0.667965
0.840232
0.848498
0.668861
0.85018
0.850504
0.670072
0.850858
0.850937
0.670014
0.850938
0.85086
0.66881
0.850532
0.850452
0.668731
0.850427
0.850424
0.66873
0.850424
0.850424
0.66873
0.850424
0.850424
0.66873
0.850424
0.850424
0.66873
0.850424
0.850424
0.66873
0.850424
0.850424
0.66873
0.850424
0.850424
0.66873
0.850424
0.850424
0.66873
0.850424
0.850424
0.66873
0.850424
0.850424
0.66873
0.850424
0.850424
0.66873
0.850424
0.850424
0.66873
0.850424
0.850424
0.66873
0.850424
0.850424
0.66873
0.850424
0.850424
0.66873
0.850424
0.850424
0.668734
0.850424
0.850427
0.66887
0.850451
0.850532
0.670072
0.85086
0.850937
0.670014
0.850938
0.85086
0.668811
0.850532
0.850453
0.66881
0.850444
0.850529
0.670062
0.850874
0.851467
0.712356
0.850589
0.825401
0.491097
0.712958
0.616129
0.33952
0.566126
0.426334
0.321646
0.036519
0.0938303
0.176396
0.172601
0.259437
0.257953
0.305312
0.338687
0.323336
0.372934
0.405544
0.357085
0.428666
0.43957
0.346329
0.439574
0.428711
0.293375
0.405889
0.374957
0.254359
0.347549
0.334867
0.260078
0.336396
0.340068
0.195166
0.325373
0.267663
0.147554
0.0700694
0.157398
0.251567
0.44245
0.335185
0.459404
0.675453
0.581712
0.7477
0.933954
0.883902
0.958023
0.988335
0.987384
0.996377
0.992244
0.998318
0.996781
0.957104
0.987774
0.956359
0.766876
0.872627
0.70039
0.514329
0.574964
0.529953
0.356344
0.45342
0.33001
0.0686478
0.250992
0.0903051
0.556553
0.358226
0.583901
0.890946
0.802545
0.92001
0.944708
0.967624
0.982055
0.947716
0.98532
0.985872
0.947863
0.985952
0.985965
0.947843
0.985977
0.985991
0.947748
0.985988
0.985982
0.94774
0.98597
0.985953
0.947739
0.985944
0.985942
0.947739
0.985942
0.985944
0.947741
0.985953
0.985971
0.947743
0.985983
0.985986
0.947743
0.985985
0.985985
0.947743
0.985986
0.985986
0.947743
0.985986
0.985987
0.947743
0.985989
0.985988
0.947743
0.985987
0.985986
0.947743
0.985985
0.985984
0.947742
0.985984
0.985981
0.94774
0.98597
0.985952
0.947739
0.985942
0.985942
0.947741
0.985952
0.98597
0.947742
0.98598
0.98598
0.94774
0.98597
0.985953
0.947768
0.985945
0.985947
0.947863
0.985958
0.985964
0.947843
0.985973
0.985986
0.947749
0.985985
0.985981
0.94777
0.98597
0.985948
0.947244
0.98584
0.985037
0.921037
0.98098
0.967218
0.798446
0.936247
0.885254
0.516303
0.783983
0.56861
0.423801
0.0751884
0.188959
0.260695
0.263014
0.375154
0.391561
0.432658
0.461869
0.449164
0.477168
0.487278
0.493378
0.495384
0.499442
0.51103
0.5
0.500005
0.505549
0.500005
0.500003
0.474867
0.499526
0.496224
0.448932
0.491931
0.493693
0.450137
0.494061
0.486415
0.3694
0.463839
0.400216
0.167011
0.274049
0.193713
0.264463
0.264546
0.481702
0.35179
0.481048
0.7572
0.55271
0.689868
0.962082
0.860539
0.950758
0.997835
0.986324
0.996751
0.997219
0.998698
0.996898
0.951841
0.986889
0.951731
0.673848
0.858715
0.673843
0.53054
0.55908
0.530292
0.319864
0.448207
0.316628
0.234276
0.100196
0.0996617
0.602542
0.33556
0.591997
0.9255
0.795248
0.919202
0.992301
0.974333
0.991939
0.996619
0.995973
0.996641
0.996743
0.996778
0.997007
0.996979
0.997592
0.998407
0.997022
0.998776
0.998617
0.996801
0.998059
0.997315
0.996706
0.99688
0.996743
0.996729
0.996755
0.9969
0.996938
0.99734
0.998116
0.997068
0.998713
0.998928
0.997066
0.998926
0.998934
0.997078
0.998993
0.999013
0.99709
0.999022
0.999116
0.997097
0.9992
0.999167
0.997078
0.999094
0.999013
0.997056
0.998916
0.99885
0.997016
0.998779
0.998562
0.996792
0.998022
0.997248
0.99671
0.996761
0.996761
0.996926
0.997247
0.998014
0.997009
0.998501
0.998503
0.996801
0.99803
0.997311
0.996706
0.99688
0.996744
0.996731
0.996759
0.996901
0.99693
0.997318
0.998031
0.997009
0.998503
0.998502
0.996755
0.998013
0.997153
0.994684
0.995824
0.991482
0.971194
0.976871
0.939601
0.885551
0.872207
0.799633
0.568748
0.707833
0.517336
0.387281
0.243157
0.253173
0.435934
0.337125
0.456838
0.49155
0.501742
0.512573
0.497828
0.516039
0.523187
0.499943
0.545764
0.576304
0.500005
0.596075
0.604196
0.500003
0.604196
0.596074
0.49963
0.576294
0.545703
0.507494
0.52283
0.519497
0.490096
0.50807
0.476992
0.384746
0.427648
0.332396
0.167583
0.16997
0.0708114
0.252154
0.159831
0.452325
0.320032
0.436785
0.625354
0.486628
0.613766
0.934483
0.803167
0.914897
0.99302
0.963907
0.979948
0.994698
0.9837
0.983137
0.955578
0.976878
0.953548
0.700339
0.890206
0.766602
0.528648
0.612021
0.509844
0.31538
0.438749
0.312562
0.154229
0.0892356
0.541378
0.354805
0.459641
0.89798
0.682538
0.856634
0.981398
0.929399
0.946813
0.986088
0.948814
0.948851
0.987543
0.950132
0.953667
0.993829
0.962656
0.975421
0.994456
0.979778
0.976191
0.988648
0.967488
0.956269
0.986169
0.950267
0.948482
0.986897
0.948842
0.950865
0.992213
0.956871
0.96854
0.995942
0.97761
0.981197
0.996043
0.98138
0.981631
0.996449
0.982698
0.983224
0.99705
0.983691
0.985754
0.997304
0.987468
0.986679
0.996444
0.984987
0.983198
0.995572
0.98121
0.979794
0.994112
0.978266
0.974615
0.988292
0.966558
0.95499
0.986159
0.94799
0.947987
0.991633
0.954953
0.966292
0.993776
0.973266
0.973323
0.988612
0.966626
0.95609
0.986179
0.950255
0.948547
0.986906
0.949067
0.950983
0.991737
0.956343
0.96668
0.993775
0.973339
0.973329
0.988292
0.966588
0.955769
0.976527
0.948217
0.938402
0.878248
0.909093
0.823124
0.617019
0.629189
0.495902
0.431599
0.469237
0.360633
0.274591
0.208698
0.0849113
0.421413
0.170679
0.312738
0.503341
0.395014
0.431489
0.522083
0.450037
0.471992
0.67824
0.552569
0.667414
0.757977
0.739156
0.76904
0.734951
0.769039
0.739149
0.584096
0.667349
0.552192
0.506115
0.469465
0.439256
0.433758
0.399959
0.336695
0.253978
0.254604
0.140845
0.0353936
0.114538
0.105669
0.427291
0.290188
0.412388
0.599522
0.477871
0.571816
0.871316
0.694435
0.773158
0.937522
0.817611
0.833564
0.941765
0.837974
0.837942
0.917132
0.833363
0.81689
0.757563
0.771482
0.692166
0.484046
0.570671
0.477948
0.306065
0.412172
0.289523
0.105297
0.437687
0.334188
0.446397
0.807486
0.629588
0.725732
0.859992
0.740524
0.684972
0.854208
0.677026
0.676178
0.865557
0.687402
0.692195
0.925161
0.729828
0.829549
0.92209
0.833117
0.80452
0.868815
0.764991
0.690296
0.851696
0.670673
0.668631
0.856936
0.672228
0.674686
0.902374
0.69199
0.76901
0.933905
0.811328
0.824239
0.934454
0.820013
0.821085
0.93925
0.830177
0.832683
0.946937
0.831732
0.849131
0.94937
0.864195
0.853485
0.93917
0.841694
0.832604
0.929556
0.819376
0.812865
0.91699
0.807058
0.794031
0.865956
0.761198
0.687967
0.848851
0.658906
0.658898
0.896585
0.68779
0.760077
0.913714
0.788986
0.789084
0.868269
0.760601
0.689422
0.851949
0.67082
0.668979
0.857779
0.676199
0.678474
0.897418
0.689957
0.760719
0.913738
0.789119
0.789105
0.868212
0.760618
0.689488
0.848185
0.671339
0.669747
0.787053
0.697495
0.735073
0.511099
0.623291
0.509529
0.329226
0.44163
0.316909
0.235556
0.155687
0.0703374
0.298992
0.171622
0.216547
0.359774
0.242002
0.273363
0.508011
0.325514
0.385072
0.587852
0.426773
0.445192
0.563643
0.445189
0.426749
0.426079
0.3849
0.324568
0.311707
0.269322
0.228231
0.172491
0.177437
0.0727028
0.0354135
0.11217
0.0687391
0.374125
0.148336
0.291558
0.518056
0.39448
0.453899
0.603209
0.477946
0.483933
0.64938
0.509263
0.510744
0.651862
0.511466
0.511466
0.642069
0.510743
0.509262
0.5723
0.483933
0.477946
0.453899
0.453899
0.39448
0.245567
0.291551
0.148319
0.0687191
0.387838
0.137536
0.289555
0.583609
0.413239
0.464396
0.535418
0.480942
0.493386
0.620685
0.577865
0.694989
0.664686
0.761274
0.771617
0.732541
0.734841
0.645113
0.613286
0.532474
0.487618
0.543231
0.486081
0.495616
0.558956
0.519184
0.531952
0.561226
0.546636
0.540279
0.591657
0.503337
0.488338
0.642934
0.509382
0.508797
0.621618
0.485618
0.485612
0.648151
0.509293
0.509473
0.670138
0.486994
0.523259
0.672899
0.559492
0.524407
0.648462
0.511214
0.509856
0.616856
0.485427
0.484275
0.606617
0.484443
0.485417
0.536086
0.487282
0.489042
0.518996
0.49103
0.491966
0.586755
0.491214
0.489681
0.603936
0.487314
0.485641
0.542908
0.485713
0.495794
0.562928
0.520398
0.536005
0.586239
0.577073
0.600904
0.586864
0.542075
0.49464
0.603941
0.487456
0.485615
0.543458
0.487293
0.500246
0.569298
0.524695
0.542098
0.701787
0.616698
0.682317
0.505858
0.603971
0.500571
0.309055
0.421822
0.292241
0.211583
0.159726
0.041342
0.374073
0.148319
0.245567
0.426855
0.289521
0.30603
0.439732
0.3122
0.313739
0.440187
0.31401
0.31401
0.437323
0.313739
0.3122
0.412168
0.30603
0.289521
0.291551
0.245567
0.148319
0.041342
0.041342
0.159549
0.0415354
0.377691
0.149013
0.249231
0.462715
0.304973
0.353451
0.672304
0.426093
0.507676
0.74599
0.557261
0.558837
0.564521
0.511995
0.430445
0.441802
0.360117
0.327687
0.438523
0.316988
0.31729
0.459877
0.324252
0.3366
0.477475
0.351589
0.351378
0.439618
0.335059
0.32191
0.438351
0.316535
0.314149
0.431615
0.312203
0.312084
0.438217
0.313413
0.313488
0.441169
0.31257
0.313913
0.442558
0.315269
0.314345
0.438275
0.313986
0.313504
0.430085
0.312104
0.312137
0.43416
0.313807
0.318195
0.447371
0.326145
0.336278
0.456041
0.344851
0.348179
0.447436
0.344853
0.336284
0.434535
0.326177
0.318448
0.438834
0.315236
0.317896
0.468788
0.328574
0.352329
0.556101
0.393117
0.416616
0.46182
0.391321
0.350427
0.435064
0.326554
0.319344
0.456786
0.325395
0.345571
0.504044
0.379068
0.421373
0.632549
0.471216
0.491944
0.464638
0.446405
0.366918
0.246859
0.274164
0.145336
0.0689884
0.112071
0.113105
0.232442
0.23266
0.154147
0.105296
0.0687191
0.171866
0.268238
0.383756
0.420589
0.326846
0.247001
0.236535
0.252988
0.264669
0.241256
0.233276
0.232156
0.232532
0.232638
0.232772
0.232551
0.232649
0.2389
0.257051
0.269045
0.257054
0.239104
0.237178
0.267087
0.315227
0.266491
0.239786
0.264429
0.334661
0.380757
0.282646
0.0760621
)
;
    }
}


// ************************************************************************* //
