/*--------------------------------*- C++ -*----------------------------------*\
  =========                 |
  \\      /  F ield         | OpenFOAM: The Open Source CFD Toolbox
   \\    /   O peration     | Website:  https://openfoam.org
    \\  /    A nd           | Version:  6
     \\/     M anipulation  |
\*---------------------------------------------------------------------------*/
FoamFile
{
    version     2.0;
    format      ascii;
    class       volScalarField;
    location    "0";
    object      p;
}
// * * * * * * * * * * * * * * * * * * * * * * * * * * * * * * * * * * * * * //

dimensions      [0 2 -2 0 0 0 0];

internalField   nonuniform List<scalar> 
3029
(
2045.76
2043.55
2045.47
2042.96
2043.82
2042.96
2045.47
2043.55
2045.76
2045.54
2043.27
2045.37
2042.08
2041.9
2042.08
2045.37
2043.27
2045.54
2034
2036.78
2038.61
2038.43
2037.97
2038.43
2038.61
2036.78
2034
2033.29
2034.01
2034.43
2034.05
2033.71
2034.05
2034.43
2034.01
2033.29
2030.67
2030.45
2030.17
2029.68
2029.45
2029.68
2030.17
2030.45
2030.67
2026.24
2026
2025.66
2025.31
2025.16
2025.31
2025.66
2026
2026.25
2021.56
2021.39
2021.14
2020.92
2020.83
2020.92
2021.14
2021.39
2021.56
2016.91
2016.81
2016.66
2016.52
2016.47
2016.52
2016.66
2016.81
2016.91
2012.33
2012.28
2012.19
2012.12
2012.09
2012.12
2012.19
2012.28
2012.33
2007.8
2007.78
2007.75
2007.71
2007.7
2007.71
2007.75
2007.78
2007.8
2003.27
2003.28
2003.3
2003.32
2003.32
2003.32
2003.3
2003.28
2003.27
1998.67
1998.74
1998.86
1998.95
1998.96
1998.95
1998.86
1998.74
1998.67
1993.86
1994.06
1994.39
1994.68
1994.75
1994.68
1994.39
1994.06
1993.86
1988.56
1989.01
1989.86
1990.77
1991.03
1990.77
1989.86
1989.01
1988.56
1982.13
1983.07
1985.03
1987.72
1988.84
1987.72
1985.03
1983.07
1982.13
1973.5
1975.1
1978.8
1985.33
1989.86
1985.33
1978.8
1975.1
1973.5
1961.33
1963.61
1969.49
1983.71
2013.24
1983.71
1969.49
1963.61
1961.33
1944.54
1947.16
1954.71
1972.77
2022.33
1972.77
1954.71
1947.16
1944.54
1922.78
1924.85
1930.35
1941.57
1960.58
1941.57
1930.35
1924.85
1922.78
1897.37
1898.68
1901.83
1907.1
1912.52
1907.1
1901.83
1898.68
1897.37
1869.75
1870.51
1872.19
1874.67
1876.83
1874.67
1872.19
1870.51
1869.75
1840.89
1841.31
1842.16
1843.28
1844.04
1843.28
1842.16
1841.31
1840.89
1811.35
1811.58
1812
1812.51
1812.79
1812.51
1812
1811.58
1811.35
1781.42
1781.56
1781.79
1782.05
1782.17
1782.05
1781.79
1781.56
1781.42
1751.2
1751.33
1751.53
1751.73
1751.81
1751.73
1751.53
1751.33
1751.2
1720.66
1720.86
1721.17
1721.44
1721.55
1721.44
1721.17
1720.86
1720.66
1689.57
1689.97
1690.55
1691.05
1691.25
1691.05
1690.55
1689.97
1689.57
1657.51
1658.23
1659.31
1660.22
1660.57
1660.22
1659.31
1658.23
1657.51
1623.79
1624.9
1626.57
1627.9
1628.39
1627.9
1626.57
1624.9
1623.79
1587.95
1588.98
1590.53
1591.45
1591.71
1591.45
1590.53
1588.98
1587.95
1551.11
1550.86
1550.01
1548.38
1547.59
1548.38
1550.01
1550.86
1551.11
1517.23
1514.36
1508.92
1502.88
1500.41
1502.88
1508.92
1514.36
1517.23
1491.66
1485.58
1474.32
1462.5
1458.06
1462.5
1474.32
1485.58
1491.65
1478.53
1470
1455.08
1439.07
1433.42
1439.07
1455.08
1470
1478.53
2043.55
2040.56
2042.48
2042.55
2042.59
2042.55
2042.48
2040.56
2043.55
2043.27
2040.49
2041.93
2041.27
2040.84
2041.27
2041.93
2040.49
2043.27
2036.78
2037.78
2038.33
2037.81
2037.41
2037.81
2038.33
2037.78
2036.78
2034.01
2034.18
2034.12
2033.66
2033.39
2033.66
2034.12
2034.18
2034.01
2030.45
2030.16
2029.82
2029.41
2029.23
2029.42
2029.82
2030.16
2030.45
2026
2025.75
2025.43
2025.13
2025
2025.13
2025.43
2025.75
2026
2021.39
2021.23
2021
2020.8
2020.73
2020.8
2021
2021.23
2021.39
2016.81
2016.71
2016.57
2016.45
2016.4
2016.45
2016.57
2016.71
2016.81
2012.28
2012.23
2012.15
2012.08
2012.05
2012.08
2012.15
2012.23
2012.28
2007.78
2007.76
2007.73
2007.7
2007.69
2007.7
2007.73
2007.76
2007.78
2003.28
2003.3
2003.31
2003.32
2003.33
2003.32
2003.31
2003.3
2003.28
1998.74
1998.8
1998.89
1998.97
1999
1998.97
1998.89
1998.8
1998.74
1994.06
1994.21
1994.45
1994.7
1994.8
1994.7
1994.45
1994.21
1994.06
1989.01
1989.32
1989.91
1990.64
1991.02
1990.64
1989.91
1989.32
1989.01
1983.07
1983.65
1984.97
1986.98
1988.51
1986.98
1984.97
1983.65
1983.07
1975.1
1976.11
1978.65
1983.5
1989.02
1983.5
1978.65
1976.11
1975.1
1963.61
1965.04
1969.16
1979.81
2006.34
1979.81
1969.16
1965.04
1963.61
1947.16
1948.47
1953.01
1964.76
1992
1964.76
1953.01
1948.47
1947.16
1924.85
1925.82
1929.02
1935.87
1945.53
1935.87
1929.02
1925.82
1924.85
1898.68
1899.31
1901.15
1904.42
1907.53
1904.42
1901.15
1899.31
1898.68
1870.51
1870.89
1871.87
1873.41
1874.58
1873.41
1871.87
1870.89
1870.51
1841.31
1841.52
1842.03
1842.74
1843.19
1842.74
1842.03
1841.52
1841.31
1811.58
1811.7
1811.96
1812.29
1812.47
1812.29
1811.96
1811.7
1811.58
1781.56
1781.64
1781.8
1781.97
1782.05
1781.97
1781.8
1781.64
1781.56
1751.33
1751.43
1751.58
1751.73
1751.8
1751.73
1751.58
1751.43
1751.33
1720.86
1721.05
1721.32
1721.57
1721.67
1721.57
1721.32
1721.05
1720.86
1689.97
1690.38
1690.97
1691.49
1691.69
1691.49
1690.97
1690.38
1689.97
1658.23
1659.14
1660.42
1661.53
1661.96
1661.53
1660.42
1659.14
1658.23
1624.9
1626.67
1629.35
1631.5
1632.28
1631.5
1629.35
1626.67
1624.9
1588.98
1591.46
1596.02
1598.99
1599.93
1598.99
1596.02
1591.46
1588.98
1550.86
1552.25
1555.79
1556.57
1556.45
1556.57
1555.79
1552.25
1550.86
1514.36
1511.11
1504.61
1496.5
1493.34
1496.5
1504.6
1511.11
1514.36
1485.58
1474.24
1452
1431.71
1425.2
1431.71
1452
1474.24
1485.58
1470
1451.29
1415.8
1390.52
1383.74
1390.52
1415.8
1451.29
1470
2045.47
2042.48
2042.57
2041.87
2041.55
2041.87
2042.57
2042.48
2045.47
2045.37
2041.93
2041.34
2040.33
2039.87
2040.33
2041.35
2041.93
2045.37
2038.61
2038.33
2037.82
2037.1
2036.75
2037.1
2037.82
2038.33
2038.61
2034.43
2034.12
2033.68
2033.19
2032.96
2033.19
2033.68
2034.12
2034.43
2030.17
2029.82
2029.43
2029.07
2028.92
2029.07
2029.43
2029.82
2030.17
2025.66
2025.43
2025.14
2024.89
2024.79
2024.89
2025.14
2025.43
2025.66
2021.14
2021
2020.81
2020.64
2020.58
2020.64
2020.81
2021
2021.14
2016.66
2016.57
2016.45
2016.35
2016.31
2016.35
2016.45
2016.58
2016.66
2012.19
2012.15
2012.08
2012.02
2012
2012.02
2012.08
2012.15
2012.19
2007.75
2007.73
2007.7
2007.68
2007.67
2007.68
2007.7
2007.73
2007.75
2003.3
2003.31
2003.32
2003.33
2003.33
2003.33
2003.32
2003.31
2003.3
1998.86
1998.89
1998.94
1998.99
1999.01
1998.99
1998.94
1998.89
1998.86
1994.39
1994.45
1994.55
1994.67
1994.72
1994.67
1994.55
1994.45
1994.39
1989.86
1989.91
1990.06
1990.33
1990.52
1990.33
1990.06
1989.91
1989.86
1985.03
1984.97
1985.11
1985.77
1986.39
1985.77
1985.11
1984.97
1985.03
1978.8
1978.65
1978.7
1980.18
1982.07
1980.18
1978.7
1978.65
1978.8
1969.49
1969.16
1968.87
1971.81
1977.82
1971.81
1968.87
1969.16
1969.49
1954.71
1953.01
1952.34
1955.46
1961.92
1955.46
1952.34
1953.01
1954.71
1930.35
1929.02
1928.59
1930.42
1933.19
1930.42
1928.59
1929.02
1930.35
1901.83
1901.15
1900.97
1901.85
1902.88
1901.85
1900.97
1901.15
1901.83
1872.19
1871.87
1871.81
1872.21
1872.61
1872.21
1871.81
1871.87
1872.19
1842.16
1842.03
1842.02
1842.2
1842.35
1842.2
1842.02
1842.03
1842.16
1812
1811.96
1811.97
1812.06
1812.12
1812.06
1811.97
1811.96
1812
1781.79
1781.8
1781.83
1781.88
1781.91
1781.88
1781.83
1781.8
1781.79
1751.53
1751.58
1751.66
1751.74
1751.77
1751.74
1751.66
1751.58
1751.53
1721.17
1721.32
1721.52
1721.7
1721.78
1721.7
1721.52
1721.32
1721.17
1690.55
1690.97
1691.47
1691.93
1692.13
1691.93
1691.47
1690.97
1690.55
1659.31
1660.42
1661.61
1662.75
1663.21
1662.75
1661.61
1660.42
1659.31
1626.57
1629.35
1632.24
1634.86
1635.85
1634.86
1632.24
1629.35
1626.57
1590.53
1596.02
1604.12
1609.38
1611.11
1609.38
1604.12
1596.02
1590.53
1550.01
1555.79
1578.77
1588.18
1590.6
1588.18
1578.77
1555.79
1550.01
1508.92
1504.61
1504.6
1508.92
1474.32
1452
1398.12
1359.66
1350.46
1359.66
1398.12
1452
1474.32
1455.08
1415.8
1321.47
1286.84
1280.81
1286.84
1321.47
1415.8
1455.08
1145.8
1142.91
1141.03
1142.91
1145.8
1029.82
1028.52
1027.55
1028.52
1029.82
933.687
931.063
929.895
931.063
933.687
834.227
832.708
831.944
832.708
834.227
735.176
734.468
734.08
734.468
735.176
636.701
636.401
636.227
636.401
636.701
538.554
538.433
538.361
538.433
538.554
440.56
440.513
440.485
440.513
440.56
342.631
342.613
342.602
342.613
342.631
244.727
244.721
244.717
244.721
244.727
146.834
146.832
146.83
146.832
146.834
48.9444
48.9438
48.9435
48.9438
48.9444
2042.96
2042.55
2041.87
2041.1
2040.76
2041.1
2041.87
2042.55
2042.96
2042.08
2041.27
2040.33
2039.47
2039.11
2039.47
2040.33
2041.27
2042.08
2038.43
2037.81
2037.1
2036.46
2036.19
2036.46
2037.1
2037.81
2038.43
2034.05
2033.66
2033.19
2032.76
2032.58
2032.76
2033.19
2033.66
2034.06
2029.68
2029.41
2029.07
2028.78
2028.66
2028.78
2029.07
2029.42
2029.68
2025.31
2025.13
2024.89
2024.68
2024.6
2024.68
2024.89
2025.13
2025.31
2020.92
2020.8
2020.64
2020.5
2020.45
2020.5
2020.64
2020.81
2020.92
2016.52
2016.45
2016.35
2016.26
2016.23
2016.26
2016.35
2016.45
2016.52
2012.12
2012.08
2012.02
2011.97
2011.95
2011.97
2012.02
2012.08
2012.12
2007.71
2007.7
2007.68
2007.66
2007.65
2007.66
2007.68
2007.7
2007.72
2003.32
2003.32
2003.33
2003.33
2003.33
2003.33
2003.33
2003.32
2003.32
1998.95
1998.97
1998.99
1999
1999
1999
1998.99
1998.97
1998.95
1994.68
1994.7
1994.67
1994.64
1994.64
1994.64
1994.67
1994.7
1994.69
1990.77
1990.64
1990.33
1990.15
1990.12
1990.15
1990.33
1990.64
1990.77
1987.72
1986.98
1985.77
1985.14
1985.08
1985.14
1985.77
1986.98
1987.72
1985.33
1983.5
1980.18
1978.63
1978.57
1978.63
1980.18
1983.5
1985.33
1983.71
1979.81
1971.81
1968.67
1968.86
1968.67
1971.81
1979.81
1983.71
1972.77
1964.76
1955.46
1951.95
1952.15
1951.95
1955.46
1964.76
1972.77
1941.57
1935.87
1930.42
1928.2
1928.15
1928.2
1930.42
1935.87
1941.57
1907.1
1904.42
1901.85
1900.71
1900.6
1900.71
1901.85
1904.42
1907.1
1874.67
1873.41
1872.21
1871.65
1871.56
1871.65
1872.21
1873.41
1874.67
1843.28
1842.74
1842.2
1841.93
1841.88
1841.93
1842.2
1842.74
1843.28
1812.51
1812.29
1812.06
1811.93
1811.9
1811.93
1812.06
1812.29
1812.51
1782.05
1781.97
1781.88
1781.83
1781.82
1781.83
1781.88
1781.97
1782.05
1751.73
1751.73
1751.74
1751.76
1751.77
1751.76
1751.74
1751.73
1751.73
1721.44
1721.57
1721.7
1721.84
1721.89
1721.84
1721.7
1721.57
1721.44
1691.05
1691.49
1691.93
1692.35
1692.52
1692.35
1691.93
1691.49
1691.05
1660.22
1661.53
1662.75
1663.89
1664.33
1663.89
1662.75
1661.53
1660.22
1627.9
1631.5
1634.86
1637.68
1638.7
1637.68
1634.86
1631.5
1627.9
1591.45
1598.99
1609.38
1615.88
1617.94
1615.88
1609.38
1598.99
1591.45
1548.38
1556.57
1588.18
1601.85
1605.3
1601.85
1588.18
1556.57
1548.38
1502.88
1496.5
1496.5
1502.88
1462.5
1431.7
1359.66
1318.53
1308.35
1318.53
1359.66
1431.7
1462.5
1439.07
1390.52
1286.84
1249.03
1240.38
1249.03
1286.84
1390.52
1439.07
1142.91
1136.27
1132.39
1136.27
1142.91
1028.52
1026.07
1024.45
1026.07
1028.52
931.063
928.029
926.659
928.029
931.063
832.708
831.057
830.226
831.057
832.708
734.468
733.722
733.312
733.722
734.468
636.401
636.089
635.91
636.089
636.401
538.433
538.309
538.236
538.309
538.433
440.513
440.465
440.436
440.465
440.513
342.613
342.595
342.584
342.595
342.613
244.721
244.714
244.71
244.714
244.721
146.832
146.829
146.828
146.829
146.832
48.9438
48.9432
48.9429
48.9432
48.9438
2043.82
2042.59
2041.55
2040.76
2040.45
2040.76
2041.55
2042.59
2043.82
2041.9
2040.84
2039.87
2039.11
2038.8
2039.11
2039.87
2040.84
2041.9
2037.97
2037.41
2036.76
2036.19
2035.96
2036.19
2036.76
2037.41
2037.97
2033.71
2033.39
2032.96
2032.58
2032.42
2032.58
2032.96
2033.39
2033.71
2029.45
2029.23
2028.92
2028.66
2028.55
2028.66
2028.92
2029.23
2029.45
2025.16
2025
2024.79
2024.6
2024.52
2024.6
2024.79
2025
2025.16
2020.83
2020.73
2020.58
2020.45
2020.4
2020.45
2020.58
2020.73
2020.83
2016.47
2016.4
2016.31
2016.23
2016.19
2016.23
2016.31
2016.41
2016.47
2012.09
2012.05
2012
2011.95
2011.93
2011.95
2012
2012.06
2012.09
2007.7
2007.69
2007.67
2007.65
2007.64
2007.65
2007.67
2007.69
2007.7
2003.32
2003.33
2003.33
2003.33
2003.33
2003.33
2003.33
2003.33
2003.32
1998.96
1999
1999.01
1999
1998.99
1999
1999.01
1999
1998.97
1994.75
1994.8
1994.72
1994.64
1994.61
1994.64
1994.72
1994.8
1994.75
1991.03
1991.02
1990.52
1990.12
1990.01
1990.12
1990.52
1991.02
1991.03
1988.84
1988.51
1986.39
1985.08
1984.74
1985.08
1986.39
1988.51
1988.84
1989.86
1989.02
1982.07
1978.57
1977.78
1978.57
1982.07
1989.02
1989.86
2013.24
2006.34
1977.82
1968.86
1967.28
1968.86
1977.82
2006.34
2013.24
2022.33
1992
1961.92
1952.15
1950.44
1952.15
1961.92
1992.01
2022.33
1960.58
1945.53
1933.19
1928.15
1927.1
1928.15
1933.19
1945.53
1960.58
1912.52
1907.53
1902.88
1900.6
1900.05
1900.6
1902.88
1907.53
1912.52
1876.83
1874.58
1872.61
1871.56
1871.29
1871.56
1872.61
1874.58
1876.83
1844.04
1843.19
1842.35
1841.88
1841.74
1841.88
1842.35
1843.19
1844.04
1812.79
1812.47
1812.12
1811.9
1811.84
1811.9
1812.12
1812.47
1812.79
1782.17
1782.05
1781.91
1781.82
1781.79
1781.82
1781.91
1782.05
1782.17
1751.81
1751.8
1751.77
1751.77
1751.77
1751.77
1751.77
1751.8
1751.81
1721.55
1721.66
1721.78
1721.89
1721.94
1721.89
1721.78
1721.66
1721.55
1691.25
1691.69
1692.13
1692.52
1692.69
1692.52
1692.13
1691.69
1691.25
1660.57
1661.95
1663.21
1664.33
1664.77
1664.33
1663.21
1661.95
1660.57
1628.39
1632.28
1635.84
1638.7
1639.7
1638.7
1635.84
1632.28
1628.39
1591.71
1599.93
1611.11
1617.94
1619.95
1617.94
1611.11
1599.93
1591.71
1547.59
1556.45
1590.6
1605.3
1608.97
1605.3
1590.6
1556.45
1547.59
1500.41
1493.34
1493.34
1500.41
1458.06
1425.2
1350.45
1308.35
1297.61
1308.35
1350.45
1425.2
1458.06
1433.42
1383.74
1280.81
1240.38
1229.2
1240.38
1280.81
1383.74
1433.42
1141.03
1132.39
1127.19
1132.39
1141.03
1027.55
1024.45
1022.45
1024.45
1027.55
929.895
926.659
925.178
926.659
929.895
831.944
830.226
829.36
830.226
831.944
734.08
733.312
732.892
733.312
734.08
636.227
635.91
635.727
635.91
636.227
538.361
538.236
538.161
538.236
538.361
440.485
440.436
440.407
440.436
440.485
342.602
342.584
342.573
342.584
342.602
244.717
244.71
244.706
244.71
244.717
146.83
146.828
146.826
146.828
146.83
48.9435
48.9429
48.9425
48.9429
48.9435
2042.96
2042.55
2041.87
2041.1
2040.76
2041.1
2041.87
2042.55
2042.96
2042.08
2041.27
2040.33
2039.47
2039.11
2039.47
2040.33
2041.27
2042.08
2038.43
2037.81
2037.1
2036.46
2036.19
2036.46
2037.1
2037.81
2038.43
2034.05
2033.66
2033.19
2032.76
2032.58
2032.76
2033.19
2033.66
2034.06
2029.68
2029.42
2029.07
2028.78
2028.66
2028.78
2029.07
2029.42
2029.68
2025.31
2025.13
2024.89
2024.68
2024.6
2024.68
2024.89
2025.13
2025.31
2020.92
2020.81
2020.64
2020.5
2020.45
2020.5
2020.64
2020.81
2020.92
2016.52
2016.45
2016.35
2016.26
2016.23
2016.26
2016.35
2016.45
2016.52
2012.12
2012.08
2012.02
2011.97
2011.95
2011.97
2012.02
2012.08
2012.12
2007.72
2007.7
2007.68
2007.66
2007.65
2007.66
2007.68
2007.7
2007.72
2003.32
2003.32
2003.33
2003.33
2003.33
2003.33
2003.33
2003.32
2003.32
1998.95
1998.97
1998.99
1999
1999
1999
1998.99
1998.97
1998.95
1994.68
1994.7
1994.67
1994.64
1994.64
1994.64
1994.67
1994.7
1994.69
1990.77
1990.64
1990.33
1990.15
1990.12
1990.15
1990.33
1990.64
1990.77
1987.72
1986.98
1985.77
1985.14
1985.08
1985.14
1985.77
1986.98
1987.72
1985.33
1983.5
1980.18
1978.63
1978.57
1978.63
1980.18
1983.5
1985.33
1983.71
1979.81
1971.81
1968.67
1968.86
1968.67
1971.81
1979.81
1983.71
1972.77
1964.76
1955.46
1951.95
1952.15
1951.95
1955.46
1964.76
1972.77
1941.57
1935.87
1930.42
1928.2
1928.15
1928.2
1930.42
1935.87
1941.57
1907.1
1904.42
1901.85
1900.71
1900.6
1900.71
1901.85
1904.42
1907.1
1874.67
1873.41
1872.21
1871.65
1871.56
1871.65
1872.21
1873.41
1874.67
1843.28
1842.74
1842.2
1841.93
1841.88
1841.93
1842.2
1842.74
1843.28
1812.51
1812.29
1812.06
1811.93
1811.9
1811.93
1812.06
1812.29
1812.51
1782.05
1781.97
1781.88
1781.83
1781.82
1781.83
1781.88
1781.97
1782.05
1751.73
1751.73
1751.74
1751.75
1751.77
1751.75
1751.74
1751.73
1751.73
1721.44
1721.57
1721.7
1721.84
1721.89
1721.84
1721.7
1721.57
1721.44
1691.05
1691.49
1691.93
1692.35
1692.52
1692.35
1691.93
1691.49
1691.05
1660.22
1661.53
1662.75
1663.89
1664.33
1663.89
1662.75
1661.53
1660.22
1627.9
1631.5
1634.86
1637.68
1638.7
1637.68
1634.86
1631.5
1627.9
1591.45
1598.99
1609.38
1615.88
1617.94
1615.88
1609.38
1598.99
1591.45
1548.38
1556.57
1588.18
1601.85
1605.3
1601.85
1588.18
1556.57
1548.38
1502.88
1496.5
1496.5
1502.88
1462.5
1431.7
1359.66
1318.53
1308.35
1318.53
1359.66
1431.7
1462.5
1439.06
1390.52
1286.84
1249.03
1240.38
1249.03
1286.84
1390.52
1439.06
1142.91
1136.27
1132.39
1136.27
1142.91
1028.52
1026.07
1024.45
1026.07
1028.52
931.063
928.029
926.659
928.029
931.063
832.708
831.057
830.226
831.057
832.708
734.468
733.721
733.312
733.721
734.468
636.401
636.089
635.91
636.089
636.401
538.433
538.309
538.236
538.309
538.433
440.513
440.465
440.436
440.465
440.513
342.613
342.595
342.584
342.595
342.613
244.721
244.714
244.71
244.714
244.721
146.832
146.829
146.828
146.829
146.832
48.9438
48.9432
48.9429
48.9432
48.9438
2045.47
2042.48
2042.57
2041.87
2041.55
2041.87
2042.57
2042.48
2045.47
2045.37
2041.93
2041.35
2040.33
2039.87
2040.33
2041.35
2041.93
2045.37
2038.61
2038.33
2037.82
2037.1
2036.76
2037.1
2037.82
2038.33
2038.61
2034.43
2034.12
2033.68
2033.19
2032.96
2033.19
2033.68
2034.12
2034.43
2030.17
2029.82
2029.43
2029.07
2028.92
2029.07
2029.43
2029.82
2030.17
2025.66
2025.43
2025.14
2024.89
2024.79
2024.89
2025.14
2025.43
2025.66
2021.14
2021
2020.81
2020.64
2020.58
2020.64
2020.81
2021
2021.15
2016.66
2016.58
2016.45
2016.35
2016.31
2016.35
2016.45
2016.58
2016.66
2012.19
2012.15
2012.08
2012.02
2012
2012.02
2012.08
2012.15
2012.2
2007.75
2007.73
2007.7
2007.68
2007.67
2007.68
2007.7
2007.73
2007.75
2003.3
2003.31
2003.32
2003.33
2003.33
2003.33
2003.32
2003.31
2003.3
1998.86
1998.89
1998.94
1998.99
1999.01
1998.99
1998.94
1998.89
1998.86
1994.39
1994.45
1994.55
1994.67
1994.72
1994.67
1994.55
1994.45
1994.39
1989.86
1989.91
1990.06
1990.33
1990.52
1990.33
1990.06
1989.91
1989.86
1985.03
1984.97
1985.11
1985.77
1986.39
1985.77
1985.11
1984.97
1985.03
1978.8
1978.65
1978.7
1980.18
1982.07
1980.18
1978.7
1978.65
1978.8
1969.49
1969.16
1968.87
1971.81
1977.82
1971.81
1968.87
1969.16
1969.49
1954.71
1953.01
1952.34
1955.46
1961.92
1955.46
1952.34
1953.01
1954.71
1930.35
1929.02
1928.59
1930.42
1933.19
1930.42
1928.59
1929.02
1930.35
1901.83
1901.15
1900.97
1901.85
1902.88
1901.85
1900.97
1901.15
1901.83
1872.19
1871.87
1871.81
1872.21
1872.61
1872.21
1871.81
1871.87
1872.19
1842.16
1842.03
1842.02
1842.2
1842.35
1842.2
1842.02
1842.03
1842.16
1812
1811.96
1811.97
1812.06
1812.12
1812.06
1811.97
1811.96
1812
1781.79
1781.8
1781.83
1781.88
1781.91
1781.88
1781.83
1781.8
1781.79
1751.53
1751.58
1751.66
1751.74
1751.77
1751.74
1751.66
1751.58
1751.53
1721.17
1721.32
1721.52
1721.7
1721.78
1721.7
1721.52
1721.32
1721.17
1690.55
1690.97
1691.47
1691.93
1692.13
1691.93
1691.47
1690.97
1690.55
1659.31
1660.42
1661.61
1662.75
1663.21
1662.75
1661.61
1660.42
1659.31
1626.57
1629.35
1632.24
1634.86
1635.84
1634.86
1632.24
1629.35
1626.57
1590.52
1596.02
1604.12
1609.38
1611.11
1609.38
1604.12
1596.02
1590.52
1550.01
1555.79
1578.77
1588.18
1590.6
1588.18
1578.77
1555.79
1550.01
1508.92
1504.6
1504.6
1508.92
1474.32
1452
1398.12
1359.66
1350.45
1359.66
1398.12
1452
1474.32
1455.08
1415.8
1321.47
1286.84
1280.81
1286.84
1321.47
1415.8
1455.08
1145.8
1142.91
1141.03
1142.91
1145.8
1029.82
1028.52
1027.55
1028.52
1029.82
933.687
931.063
929.895
931.063
933.687
834.227
832.708
831.944
832.708
834.227
735.176
734.468
734.08
734.468
735.176
636.701
636.401
636.227
636.401
636.701
538.554
538.433
538.361
538.433
538.554
440.56
440.513
440.485
440.513
440.56
342.631
342.613
342.602
342.613
342.631
244.727
244.721
244.717
244.721
244.727
146.834
146.832
146.83
146.832
146.834
48.9444
48.9438
48.9435
48.9438
48.9444
2043.55
2040.56
2042.48
2042.55
2042.59
2042.55
2042.48
2040.56
2043.55
2043.27
2040.49
2041.93
2041.27
2040.84
2041.27
2041.93
2040.49
2043.27
2036.78
2037.78
2038.33
2037.81
2037.41
2037.82
2038.33
2037.78
2036.78
2034.01
2034.18
2034.12
2033.66
2033.39
2033.66
2034.12
2034.18
2034.01
2030.45
2030.16
2029.82
2029.42
2029.23
2029.42
2029.82
2030.16
2030.45
2026
2025.75
2025.43
2025.13
2025
2025.13
2025.43
2025.75
2026
2021.39
2021.23
2021
2020.81
2020.73
2020.81
2021
2021.23
2021.39
2016.81
2016.72
2016.58
2016.45
2016.41
2016.45
2016.58
2016.72
2016.81
2012.28
2012.23
2012.15
2012.08
2012.06
2012.08
2012.15
2012.23
2012.28
2007.78
2007.76
2007.73
2007.7
2007.69
2007.7
2007.73
2007.76
2007.78
2003.28
2003.3
2003.31
2003.32
2003.33
2003.32
2003.31
2003.3
2003.28
1998.74
1998.8
1998.89
1998.97
1999
1998.97
1998.89
1998.8
1998.74
1994.06
1994.21
1994.45
1994.7
1994.8
1994.7
1994.45
1994.21
1994.06
1989.01
1989.32
1989.91
1990.64
1991.02
1990.64
1989.91
1989.32
1989.01
1983.07
1983.65
1984.97
1986.98
1988.51
1986.98
1984.97
1983.65
1983.07
1975.1
1976.11
1978.65
1983.5
1989.02
1983.5
1978.65
1976.11
1975.1
1963.61
1965.04
1969.16
1979.81
2006.34
1979.81
1969.16
1965.04
1963.61
1947.16
1948.47
1953.01
1964.76
1992.01
1964.76
1953.01
1948.47
1947.17
1924.85
1925.82
1929.02
1935.87
1945.53
1935.87
1929.02
1925.82
1924.85
1898.68
1899.31
1901.15
1904.42
1907.53
1904.42
1901.15
1899.31
1898.68
1870.51
1870.89
1871.87
1873.41
1874.58
1873.41
1871.87
1870.89
1870.51
1841.31
1841.52
1842.03
1842.74
1843.19
1842.74
1842.03
1841.52
1841.31
1811.58
1811.7
1811.96
1812.29
1812.47
1812.29
1811.96
1811.7
1811.58
1781.56
1781.64
1781.8
1781.97
1782.05
1781.97
1781.8
1781.64
1781.56
1751.33
1751.43
1751.58
1751.73
1751.8
1751.73
1751.58
1751.43
1751.33
1720.86
1721.05
1721.32
1721.57
1721.66
1721.57
1721.32
1721.05
1720.86
1689.97
1690.38
1690.97
1691.49
1691.69
1691.49
1690.97
1690.38
1689.97
1658.23
1659.14
1660.42
1661.53
1661.95
1661.53
1660.42
1659.14
1658.23
1624.9
1626.67
1629.35
1631.5
1632.28
1631.5
1629.35
1626.67
1624.9
1588.98
1591.46
1596.02
1598.99
1599.93
1598.99
1596.02
1591.46
1588.98
1550.86
1552.25
1555.79
1556.57
1556.44
1556.57
1555.79
1552.25
1550.86
1514.36
1511.11
1504.6
1496.5
1493.34
1496.5
1504.6
1511.11
1514.36
1485.58
1474.24
1452
1431.7
1425.2
1431.7
1452
1474.24
1485.58
1470
1451.29
1415.8
1390.52
1383.74
1390.52
1415.8
1451.29
1470
2045.76
2043.55
2045.47
2042.96
2043.82
2042.96
2045.47
2043.55
2045.76
2045.54
2043.27
2045.37
2042.08
2041.9
2042.08
2045.37
2043.27
2045.54
2034
2036.78
2038.61
2038.43
2037.97
2038.43
2038.61
2036.78
2034
2033.29
2034.01
2034.43
2034.06
2033.71
2034.06
2034.43
2034.01
2033.29
2030.67
2030.45
2030.17
2029.68
2029.45
2029.68
2030.17
2030.45
2030.67
2026.25
2026
2025.66
2025.31
2025.16
2025.31
2025.66
2026
2026.25
2021.56
2021.39
2021.15
2020.92
2020.83
2020.92
2021.15
2021.39
2021.56
2016.91
2016.81
2016.66
2016.52
2016.47
2016.52
2016.66
2016.81
2016.91
2012.33
2012.28
2012.2
2012.12
2012.09
2012.12
2012.2
2012.28
2012.34
2007.8
2007.78
2007.75
2007.72
2007.7
2007.72
2007.75
2007.78
2007.8
2003.27
2003.28
2003.3
2003.32
2003.32
2003.32
2003.3
2003.28
2003.27
1998.67
1998.74
1998.86
1998.95
1998.97
1998.95
1998.86
1998.74
1998.67
1993.86
1994.06
1994.39
1994.69
1994.75
1994.69
1994.39
1994.06
1993.86
1988.56
1989.01
1989.86
1990.77
1991.03
1990.77
1989.86
1989.01
1988.56
1982.13
1983.07
1985.03
1987.72
1988.84
1987.72
1985.03
1983.07
1982.13
1973.5
1975.1
1978.8
1985.33
1989.86
1985.33
1978.8
1975.1
1973.5
1961.33
1963.61
1969.49
1983.71
2013.24
1983.71
1969.49
1963.61
1961.33
1944.54
1947.16
1954.71
1972.77
2022.33
1972.77
1954.71
1947.17
1944.54
1922.78
1924.85
1930.35
1941.57
1960.58
1941.57
1930.35
1924.85
1922.78
1897.37
1898.68
1901.83
1907.1
1912.52
1907.1
1901.83
1898.68
1897.37
1869.75
1870.51
1872.19
1874.67
1876.83
1874.67
1872.19
1870.51
1869.75
1840.89
1841.31
1842.16
1843.28
1844.04
1843.28
1842.16
1841.31
1840.89
1811.35
1811.58
1812
1812.51
1812.79
1812.51
1812
1811.58
1811.35
1781.42
1781.56
1781.79
1782.05
1782.17
1782.05
1781.79
1781.56
1781.42
1751.2
1751.33
1751.53
1751.73
1751.81
1751.73
1751.53
1751.33
1751.2
1720.66
1720.86
1721.17
1721.44
1721.55
1721.44
1721.17
1720.86
1720.66
1689.57
1689.97
1690.55
1691.05
1691.25
1691.05
1690.55
1689.97
1689.57
1657.51
1658.23
1659.31
1660.22
1660.57
1660.22
1659.31
1658.23
1657.51
1623.79
1624.9
1626.57
1627.9
1628.39
1627.9
1626.57
1624.9
1623.79
1587.95
1588.98
1590.52
1591.45
1591.71
1591.45
1590.52
1588.98
1587.95
1551.11
1550.86
1550.01
1548.38
1547.59
1548.38
1550.01
1550.86
1551.11
1517.23
1514.36
1508.92
1502.88
1500.41
1502.88
1508.92
1514.36
1517.23
1491.65
1485.58
1474.32
1462.5
1458.06
1462.5
1474.32
1485.58
1491.65
1478.52
1470
1455.08
1439.06
1433.42
1439.06
1455.08
1470
1478.52
)
;

boundaryField
{
    injectionXMinus
    {
        type            zeroGradient;
    }
    injectionXPlus
    {
        type            zeroGradient;
    }
    injectionYMinus
    {
        type            zeroGradient;
    }
    injectionYPlus
    {
        type            zeroGradient;
    }
    inletXMinus
    {
        type            zeroGradient;
    }
    inletXPlus
    {
        type            zeroGradient;
    }
    inletYMinus
    {
        type            zeroGradient;
    }
    inletYPlus
    {
        type            zeroGradient;
    }
    outlet
    {
        type            fixedValue;
        value           uniform 0;
    }
    valve
    {
        type            zeroGradient;
    }
    walls
    {
        type            zeroGradient;
    }
}


// ************************************************************************* //
