/*--------------------------------*- C++ -*----------------------------------*\
  =========                 |
  \\      /  F ield         | OpenFOAM: The Open Source CFD Toolbox
   \\    /   O peration     | Website:  https://openfoam.org
    \\  /    A nd           | Version:  6
     \\/     M anipulation  |
\*---------------------------------------------------------------------------*/
FoamFile
{
    version     2.0;
    format      ascii;
    class       labelList;
    note        "nPoints: 1377 nCells: 1024 nFaces: 3392 nInternalFaces: 2752";
    location    "constant/polyMesh";
    object      neighbour;
}
// * * * * * * * * * * * * * * * * * * * * * * * * * * * * * * * * * * * * * //


2752
(
1
8
128
2
9
129
3
10
130
4
11
131
5
12
132
6
13
133
7
14
134
15
135
9
16
136
10
17
137
11
18
138
12
19
139
13
20
140
14
21
141
15
22
142
23
143
17
24
144
18
25
145
19
26
146
20
27
147
21
28
148
22
29
149
23
30
150
31
151
25
32
152
26
33
153
27
34
154
28
35
155
29
36
156
30
37
157
31
38
158
39
159
33
40
160
34
41
161
35
42
162
36
43
163
37
44
164
38
45
165
39
46
166
47
167
41
48
168
42
49
169
43
50
170
44
51
171
45
52
172
46
53
173
47
54
174
55
175
49
56
176
50
57
177
51
58
178
52
59
179
53
60
180
54
61
181
55
62
182
63
183
57
64
184
58
65
185
59
66
186
60
67
187
61
68
188
62
69
189
63
70
190
71
191
65
72
192
66
73
193
67
74
194
68
75
195
69
76
196
70
77
197
71
78
198
79
199
73
80
200
74
81
201
75
82
202
76
83
203
77
84
204
78
85
205
79
86
206
87
207
81
88
208
82
89
209
83
90
210
84
91
211
85
92
212
86
93
213
87
94
214
95
215
89
96
216
90
97
217
91
98
218
92
99
219
93
100
220
94
101
221
95
102
222
103
223
97
104
224
98
105
225
99
106
226
100
107
227
101
108
228
102
109
229
103
110
230
111
231
105
112
232
106
113
233
107
114
234
108
115
235
109
116
236
110
117
237
111
118
238
119
239
113
120
240
114
121
241
115
122
242
116
123
243
117
124
244
118
125
245
119
126
246
127
247
121
248
122
249
123
250
124
251
125
252
126
253
127
254
255
129
136
256
130
137
257
131
138
258
132
139
259
133
140
260
134
141
261
135
142
262
143
263
137
144
264
138
145
265
139
146
266
140
147
267
141
148
268
142
149
269
143
150
270
151
271
145
152
272
146
153
273
147
154
274
148
155
275
149
156
276
150
157
277
151
158
278
159
279
153
160
280
154
161
281
155
162
282
156
163
283
157
164
284
158
165
285
159
166
286
167
287
161
168
288
162
169
289
163
170
290
164
171
291
165
172
292
166
173
293
167
174
294
175
295
169
176
296
170
177
297
171
178
298
172
179
299
173
180
300
174
181
301
175
182
302
183
303
177
184
304
178
185
305
179
186
306
180
187
307
181
188
308
182
189
309
183
190
310
191
311
185
192
312
186
193
313
187
194
314
188
195
315
189
196
316
190
197
317
191
198
318
199
319
193
200
320
194
201
321
195
202
322
196
203
323
197
204
324
198
205
325
199
206
326
207
327
201
208
328
202
209
329
203
210
330
204
211
331
205
212
332
206
213
333
207
214
334
215
335
209
216
336
210
217
337
211
218
338
212
219
339
213
220
340
214
221
341
215
222
342
223
343
217
224
344
218
225
345
219
226
346
220
227
347
221
228
348
222
229
349
223
230
350
231
351
225
232
352
226
233
353
227
234
354
228
235
355
229
236
356
230
237
357
231
238
358
239
359
233
240
360
234
241
361
235
242
362
236
243
363
237
244
364
238
245
365
239
246
366
247
367
241
248
368
242
249
369
243
250
370
244
251
371
245
252
372
246
253
373
247
254
374
255
375
249
376
250
377
251
378
252
379
253
380
254
381
255
382
383
257
264
384
258
265
385
259
266
386
260
267
387
261
268
388
262
269
389
263
270
390
271
391
265
272
392
266
273
393
267
274
394
268
275
395
269
276
396
270
277
397
271
278
398
279
399
273
280
400
274
281
401
275
282
402
276
283
403
277
284
404
278
285
405
279
286
406
287
407
281
288
408
282
289
409
283
290
410
284
291
411
285
292
412
286
293
413
287
294
414
295
415
289
296
416
290
297
417
291
298
418
292
299
419
293
300
420
294
301
421
295
302
422
303
423
297
304
424
298
305
425
299
306
426
300
307
427
301
308
428
302
309
429
303
310
430
311
431
305
312
432
306
313
433
307
314
434
308
315
435
309
316
436
310
317
437
311
318
438
319
439
313
320
440
314
321
441
315
322
442
316
323
443
317
324
444
318
325
445
319
326
446
327
447
321
328
448
322
329
449
323
330
450
324
331
451
325
332
452
326
333
453
327
334
454
335
455
329
336
456
330
337
457
331
338
458
332
339
459
333
340
460
334
341
461
335
342
462
343
463
337
344
464
338
345
465
339
346
466
340
347
467
341
348
468
342
349
469
343
350
470
351
471
345
352
472
346
353
473
347
354
474
348
355
475
349
356
476
350
357
477
351
358
478
359
479
353
360
480
354
361
481
355
362
482
356
363
483
357
364
484
358
365
485
359
366
486
367
487
361
368
488
362
369
489
363
370
490
364
371
491
365
372
492
366
373
493
367
374
494
375
495
369
376
496
370
377
497
371
378
498
372
379
499
373
380
500
374
381
501
375
382
502
383
503
377
504
378
505
379
506
380
507
381
508
382
509
383
510
511
385
392
512
386
393
513
387
394
514
388
395
515
389
396
516
390
397
517
391
398
518
399
519
393
400
520
394
401
521
395
402
522
396
403
523
397
404
524
398
405
525
399
406
526
407
527
401
408
528
402
409
529
403
410
530
404
411
531
405
412
532
406
413
533
407
414
534
415
535
409
416
536
410
417
537
411
418
538
412
419
539
413
420
540
414
421
541
415
422
542
423
543
417
424
544
418
425
545
419
426
546
420
427
547
421
428
548
422
429
549
423
430
550
431
551
425
432
552
426
433
553
427
434
554
428
435
555
429
436
556
430
437
557
431
438
558
439
559
433
440
560
434
441
561
435
442
562
436
443
563
437
444
564
438
445
565
439
446
566
447
567
441
448
568
442
449
569
443
450
570
444
451
571
445
452
572
446
453
573
447
454
574
455
575
449
456
576
450
457
577
451
458
578
452
459
579
453
460
580
454
461
581
455
462
582
463
583
457
464
584
458
465
585
459
466
586
460
467
587
461
468
588
462
469
589
463
470
590
471
591
465
472
592
466
473
593
467
474
594
468
475
595
469
476
596
470
477
597
471
478
598
479
599
473
480
600
474
481
601
475
482
602
476
483
603
477
484
604
478
485
605
479
486
606
487
607
481
488
608
482
489
609
483
490
610
484
491
611
485
492
612
486
493
613
487
494
614
495
615
489
496
616
490
497
617
491
498
618
492
499
619
493
500
620
494
501
621
495
502
622
503
623
497
504
624
498
505
625
499
506
626
500
507
627
501
508
628
502
509
629
503
510
630
511
631
505
632
506
633
507
634
508
635
509
636
510
637
511
638
639
513
520
640
514
521
641
515
522
642
516
523
643
517
524
644
518
525
645
519
526
646
527
647
521
528
648
522
529
649
523
530
650
524
531
651
525
532
652
526
533
653
527
534
654
535
655
529
536
656
530
537
657
531
538
658
532
539
659
533
540
660
534
541
661
535
542
662
543
663
537
544
664
538
545
665
539
546
666
540
547
667
541
548
668
542
549
669
543
550
670
551
671
545
552
672
546
553
673
547
554
674
548
555
675
549
556
676
550
557
677
551
558
678
559
679
553
560
680
554
561
681
555
562
682
556
563
683
557
564
684
558
565
685
559
566
686
567
687
561
568
688
562
569
689
563
570
690
564
571
691
565
572
692
566
573
693
567
574
694
575
695
569
576
696
570
577
697
571
578
698
572
579
699
573
580
700
574
581
701
575
582
702
583
703
577
584
704
578
585
705
579
586
706
580
587
707
581
588
708
582
589
709
583
590
710
591
711
585
592
712
586
593
713
587
594
714
588
595
715
589
596
716
590
597
717
591
598
718
599
719
593
600
720
594
601
721
595
602
722
596
603
723
597
604
724
598
605
725
599
606
726
607
727
601
608
728
602
609
729
603
610
730
604
611
731
605
612
732
606
613
733
607
614
734
615
735
609
616
736
610
617
737
611
618
738
612
619
739
613
620
740
614
621
741
615
622
742
623
743
617
624
744
618
625
745
619
626
746
620
627
747
621
628
748
622
629
749
623
630
750
631
751
625
632
752
626
633
753
627
634
754
628
635
755
629
636
756
630
637
757
631
638
758
639
759
633
760
634
761
635
762
636
763
637
764
638
765
639
766
767
641
648
768
642
649
769
643
650
770
644
651
771
645
652
772
646
653
773
647
654
774
655
775
649
656
776
650
657
777
651
658
778
652
659
779
653
660
780
654
661
781
655
662
782
663
783
657
664
784
658
665
785
659
666
786
660
667
787
661
668
788
662
669
789
663
670
790
671
791
665
672
792
666
673
793
667
674
794
668
675
795
669
676
796
670
677
797
671
678
798
679
799
673
680
800
674
681
801
675
682
802
676
683
803
677
684
804
678
685
805
679
686
806
687
807
681
688
808
682
689
809
683
690
810
684
691
811
685
692
812
686
693
813
687
694
814
695
815
689
696
816
690
697
817
691
698
818
692
699
819
693
700
820
694
701
821
695
702
822
703
823
697
704
824
698
705
825
699
706
826
700
707
827
701
708
828
702
709
829
703
710
830
711
831
705
712
832
706
713
833
707
714
834
708
715
835
709
716
836
710
717
837
711
718
838
719
839
713
720
840
714
721
841
715
722
842
716
723
843
717
724
844
718
725
845
719
726
846
727
847
721
728
848
722
729
849
723
730
850
724
731
851
725
732
852
726
733
853
727
734
854
735
855
729
736
856
730
737
857
731
738
858
732
739
859
733
740
860
734
741
861
735
742
862
743
863
737
744
864
738
745
865
739
746
866
740
747
867
741
748
868
742
749
869
743
750
870
751
871
745
752
872
746
753
873
747
754
874
748
755
875
749
756
876
750
757
877
751
758
878
759
879
753
760
880
754
761
881
755
762
882
756
763
883
757
764
884
758
765
885
759
766
886
767
887
761
888
762
889
763
890
764
891
765
892
766
893
767
894
895
769
776
896
770
777
897
771
778
898
772
779
899
773
780
900
774
781
901
775
782
902
783
903
777
784
904
778
785
905
779
786
906
780
787
907
781
788
908
782
789
909
783
790
910
791
911
785
792
912
786
793
913
787
794
914
788
795
915
789
796
916
790
797
917
791
798
918
799
919
793
800
920
794
801
921
795
802
922
796
803
923
797
804
924
798
805
925
799
806
926
807
927
801
808
928
802
809
929
803
810
930
804
811
931
805
812
932
806
813
933
807
814
934
815
935
809
816
936
810
817
937
811
818
938
812
819
939
813
820
940
814
821
941
815
822
942
823
943
817
824
944
818
825
945
819
826
946
820
827
947
821
828
948
822
829
949
823
830
950
831
951
825
832
952
826
833
953
827
834
954
828
835
955
829
836
956
830
837
957
831
838
958
839
959
833
840
960
834
841
961
835
842
962
836
843
963
837
844
964
838
845
965
839
846
966
847
967
841
848
968
842
849
969
843
850
970
844
851
971
845
852
972
846
853
973
847
854
974
855
975
849
856
976
850
857
977
851
858
978
852
859
979
853
860
980
854
861
981
855
862
982
863
983
857
864
984
858
865
985
859
866
986
860
867
987
861
868
988
862
869
989
863
870
990
871
991
865
872
992
866
873
993
867
874
994
868
875
995
869
876
996
870
877
997
871
878
998
879
999
873
880
1000
874
881
1001
875
882
1002
876
883
1003
877
884
1004
878
885
1005
879
886
1006
887
1007
881
888
1008
882
889
1009
883
890
1010
884
891
1011
885
892
1012
886
893
1013
887
894
1014
895
1015
889
1016
890
1017
891
1018
892
1019
893
1020
894
1021
895
1022
1023
897
904
898
905
899
906
900
907
901
908
902
909
903
910
911
905
912
906
913
907
914
908
915
909
916
910
917
911
918
919
913
920
914
921
915
922
916
923
917
924
918
925
919
926
927
921
928
922
929
923
930
924
931
925
932
926
933
927
934
935
929
936
930
937
931
938
932
939
933
940
934
941
935
942
943
937
944
938
945
939
946
940
947
941
948
942
949
943
950
951
945
952
946
953
947
954
948
955
949
956
950
957
951
958
959
953
960
954
961
955
962
956
963
957
964
958
965
959
966
967
961
968
962
969
963
970
964
971
965
972
966
973
967
974
975
969
976
970
977
971
978
972
979
973
980
974
981
975
982
983
977
984
978
985
979
986
980
987
981
988
982
989
983
990
991
985
992
986
993
987
994
988
995
989
996
990
997
991
998
999
993
1000
994
1001
995
1002
996
1003
997
1004
998
1005
999
1006
1007
1001
1008
1002
1009
1003
1010
1004
1011
1005
1012
1006
1013
1007
1014
1015
1009
1016
1010
1017
1011
1018
1012
1019
1013
1020
1014
1021
1015
1022
1023
1017
1018
1019
1020
1021
1022
1023
)


// ************************************************************************* //
