/*--------------------------------*- C++ -*----------------------------------*\
  =========                 |
  \\      /  F ield         | OpenFOAM: The Open Source CFD Toolbox
   \\    /   O peration     | Website:  https://openfoam.org
    \\  /    A nd           | Version:  6
     \\/     M anipulation  |
\*---------------------------------------------------------------------------*/
FoamFile
{
    version     2.0;
    format      ascii;
    class       volScalarField;
    location    "0.0005";
    object      T;
}
// * * * * * * * * * * * * * * * * * * * * * * * * * * * * * * * * * * * * * //

dimensions      [0 0 0 1 0 0 0];

internalField   nonuniform List<scalar> 
1024
(
272.989
272.99
272.989
272.989
272.989
272.989
272.989
272.989
273.411
273.411
273.411
273.411
273.41
273.41
273.41
273.41
273.736
273.736
273.736
273.736
273.736
273.735
273.735
273.735
271.309
271.309
271.308
271.308
271.308
271.307
271.307
271.307
262.776
262.776
262.776
262.775
262.774
262.774
262.773
262.773
246.54
246.54
246.54
246.539
246.538
246.538
246.537
246.537
223.487
223.487
223.486
223.486
223.485
223.485
223.484
223.484
196.004
196.004
196.004
196.004
196.003
196.003
196.002
196.002
166.782
166.782
166.782
166.782
166.781
166.781
166.781
166.781
138.114
138.114
138.114
138.114
138.113
138.113
138.113
138.113
111.639
111.639
111.639
111.638
111.638
111.638
111.638
111.638
88.3225
88.3225
88.3224
88.3223
88.3219
88.3217
88.3216
88.3216
68.5646
68.5646
68.5645
68.5644
68.5641
68.5639
68.5637
68.5637
52.3463
52.3463
52.3462
52.3462
52.3459
52.3457
52.3455
52.3454
39.3525
39.3524
39.3524
39.3523
39.3522
39.352
39.3519
39.3518
28.8247
28.8246
28.8246
28.8246
28.8246
28.8245
28.8244
28.8244
272.99
272.99
272.989
272.989
272.989
272.989
272.989
272.989
273.411
273.411
273.411
273.411
273.41
273.41
273.41
273.41
273.736
273.736
273.736
273.736
273.736
273.735
273.735
273.735
271.309
271.309
271.309
271.308
271.308
271.307
271.307
271.307
262.776
262.776
262.776
262.775
262.774
262.774
262.773
262.773
246.54
246.54
246.54
246.539
246.538
246.538
246.537
246.537
223.487
223.487
223.486
223.486
223.485
223.485
223.484
223.484
196.004
196.004
196.004
196.003
196.003
196.003
196.002
196.002
166.782
166.782
166.782
166.782
166.781
166.781
166.781
166.781
138.114
138.114
138.114
138.114
138.113
138.113
138.113
138.113
111.639
111.639
111.639
111.638
111.638
111.638
111.638
111.638
88.3226
88.3226
88.3225
88.3223
88.322
88.3218
88.3216
88.3216
68.5647
68.5647
68.5646
68.5645
68.5642
68.5639
68.5638
68.5637
52.3464
52.3463
52.3463
52.3462
52.346
52.3457
52.3456
52.3454
39.3524
39.3524
39.3524
39.3524
39.3522
39.352
39.3519
39.3518
28.8246
28.8246
28.8246
28.8247
28.8246
28.8245
28.8245
28.8244
272.99
272.99
272.99
272.989
272.989
272.989
272.989
272.989
273.411
273.411
273.411
273.411
273.41
273.41
273.41
273.41
273.737
273.736
273.736
273.736
273.736
273.735
273.735
273.735
271.309
271.309
271.309
271.308
271.308
271.307
271.307
271.307
262.776
262.776
262.776
262.775
262.774
262.774
262.773
262.773
246.54
246.54
246.54
246.539
246.538
246.537
246.537
246.537
223.487
223.487
223.486
223.486
223.485
223.485
223.484
223.484
196.004
196.004
196.004
196.004
196.003
196.003
196.002
196.002
166.782
166.782
166.782
166.782
166.781
166.781
166.781
166.781
138.114
138.114
138.114
138.114
138.113
138.113
138.113
138.113
111.639
111.639
111.639
111.639
111.638
111.638
111.638
111.638
88.3227
88.3227
88.3226
88.3224
88.322
88.3218
88.3217
88.3216
68.5647
68.5647
68.5646
68.5645
68.5642
68.5639
68.5638
68.5637
52.3464
52.3463
52.3463
52.3463
52.346
52.3458
52.3456
52.3455
39.3525
39.3524
39.3524
39.3524
39.3523
39.3521
39.352
39.3518
28.8247
28.8246
28.8246
28.8247
28.8247
28.8246
28.8245
28.8244
272.99
272.99
272.99
272.989
272.989
272.989
272.989
272.989
273.411
273.411
273.411
273.411
273.41
273.41
273.41
273.41
273.737
273.736
273.736
273.736
273.736
273.735
273.735
273.735
271.309
271.309
271.309
271.308
271.308
271.307
271.307
271.307
262.776
262.776
262.776
262.775
262.774
262.774
262.773
262.773
246.54
246.54
246.54
246.539
246.538
246.538
246.537
246.537
223.487
223.487
223.486
223.486
223.485
223.485
223.484
223.484
196.004
196.004
196.004
196.004
196.003
196.003
196.002
196.002
166.782
166.782
166.782
166.782
166.781
166.781
166.781
166.781
138.114
138.114
138.114
138.114
138.113
138.113
138.113
138.113
111.639
111.639
111.639
111.639
111.638
111.638
111.638
111.638
88.3227
88.3227
88.3226
88.3224
88.3221
88.3218
88.3217
88.3216
68.5647
68.5647
68.5647
68.5646
68.5642
68.564
68.5638
68.5637
52.3464
52.3464
52.3464
52.3463
52.3461
52.3458
52.3456
52.3455
39.3525
39.3525
39.3525
39.3525
39.3524
39.3522
39.352
39.3519
28.8248
28.8247
28.8248
28.8249
28.8249
28.8248
28.8246
28.8245
272.99
272.99
272.99
272.989
272.989
272.989
272.989
272.989
273.411
273.411
273.411
273.411
273.41
273.41
273.41
273.41
273.737
273.736
273.736
273.736
273.736
273.735
273.735
273.735
271.309
271.309
271.309
271.308
271.308
271.307
271.307
271.307
262.776
262.776
262.776
262.775
262.774
262.774
262.773
262.773
246.54
246.54
246.54
246.539
246.538
246.538
246.537
246.537
223.487
223.487
223.486
223.486
223.485
223.485
223.484
223.484
196.004
196.004
196.004
196.004
196.003
196.003
196.002
196.002
166.782
166.782
166.782
166.782
166.781
166.781
166.781
166.781
138.114
138.114
138.114
138.114
138.113
138.113
138.113
138.113
111.639
111.639
111.639
111.638
111.638
111.638
111.638
111.638
88.3225
88.3225
88.3224
88.3222
88.3219
88.3216
88.3214
88.3214
68.5646
68.5646
68.5645
68.5644
68.5641
68.5638
68.5636
68.5634
52.3463
52.3463
52.3462
52.3462
52.3459
52.3457
52.3454
52.3452
39.3524
39.3524
39.3524
39.3525
39.3523
39.3521
39.3518
39.3516
28.8248
28.8248
28.8248
28.8249
28.8249
28.8247
28.8245
28.8242
272.99
272.99
272.99
272.989
272.989
272.989
272.989
272.989
273.411
273.411
273.411
273.411
273.41
273.41
273.41
273.41
273.737
273.736
273.736
273.736
273.736
273.735
273.735
273.735
271.309
271.309
271.309
271.308
271.308
271.307
271.307
271.307
262.776
262.776
262.776
262.775
262.774
262.774
262.773
262.773
246.54
246.54
246.54
246.539
246.538
246.537
246.537
246.537
223.487
223.487
223.486
223.486
223.485
223.485
223.484
223.484
196.004
196.004
196.004
196.004
196.003
196.003
196.002
196.002
166.782
166.782
166.782
166.782
166.781
166.781
166.781
166.781
138.114
138.114
138.114
138.114
138.113
138.113
138.113
138.113
111.639
111.639
111.639
111.638
111.638
111.638
111.638
111.638
88.3225
88.3224
88.3223
88.3221
88.3218
88.3215
88.3213
88.3217
68.5644
68.5644
68.5643
68.5642
68.5639
68.5635
68.5633
68.5637
52.3461
52.3461
52.3461
52.346
52.3457
52.3454
52.3451
52.3455
39.3523
39.3523
39.3523
39.3523
39.3522
39.3518
39.3515
39.3518
28.8247
28.8247
28.8248
28.8249
28.8248
28.8245
28.8241
28.8244
272.99
272.99
272.989
272.989
272.989
272.989
272.989
272.989
273.411
273.411
273.411
273.411
273.41
273.41
273.41
273.41
273.736
273.736
273.736
273.736
273.736
273.735
273.735
273.735
271.309
271.309
271.309
271.308
271.308
271.307
271.307
271.307
262.776
262.776
262.776
262.775
262.774
262.774
262.773
262.773
246.54
246.54
246.54
246.539
246.538
246.537
246.537
246.537
223.487
223.487
223.486
223.486
223.485
223.485
223.484
223.484
196.004
196.004
196.004
196.004
196.003
196.003
196.003
196.002
166.782
166.782
166.782
166.782
166.781
166.781
166.781
166.781
138.114
138.114
138.114
138.114
138.113
138.113
138.113
138.113
111.639
111.639
111.639
111.638
111.638
111.638
111.638
111.638
88.3224
88.3224
88.3223
88.3221
88.3217
88.3214
88.3219
88.3214
68.5643
68.5643
68.5642
68.5641
68.5637
68.5634
68.5639
68.5634
52.346
52.346
52.3459
52.3459
52.3455
52.3452
52.3456
52.3452
39.3522
39.3522
39.3522
39.3522
39.3519
39.3515
39.3519
39.3516
28.8246
28.8247
28.8247
28.8248
28.8246
28.8242
28.8245
28.8242
272.99
272.99
272.989
272.989
272.989
272.989
272.989
272.989
273.411
273.411
273.411
273.411
273.41
273.41
273.41
273.41
273.736
273.736
273.736
273.736
273.736
273.735
273.735
273.735
271.309
271.309
271.308
271.308
271.308
271.307
271.307
271.307
262.776
262.776
262.775
262.775
262.774
262.774
262.773
262.773
246.54
246.54
246.539
246.539
246.538
246.537
246.537
246.537
223.487
223.486
223.486
223.486
223.485
223.485
223.484
223.484
196.004
196.004
196.004
196.003
196.003
196.003
196.002
196.002
166.782
166.782
166.782
166.782
166.781
166.781
166.781
166.781
138.114
138.114
138.114
138.114
138.113
138.113
138.113
138.113
111.639
111.639
111.639
111.638
111.638
111.638
111.638
111.638
88.3224
88.3223
88.3222
88.322
88.3216
88.3218
88.3214
88.3216
68.5643
68.5642
68.5642
68.564
68.5636
68.5638
68.5635
68.5636
52.3459
52.3459
52.3458
52.3457
52.3453
52.3456
52.3452
52.3454
39.3521
39.3521
39.3521
39.352
39.3517
39.3519
39.3516
39.3517
28.8246
28.8246
28.8246
28.8246
28.8243
28.8244
28.8242
28.8243
)
;

boundaryField
{
    inlet
    {
        type            fixedValue;
        value           uniform 273;
    }
    outlet
    {
        type            zeroGradient;
    }
    walls
    {
        type            zeroGradient;
    }
}


// ************************************************************************* //
